535.000000 561.000000
534.073282 561.762361
533.141189 562.518033
532.197227 563.258935
531.254998 564.002037
530.315367 564.748422
529.376067 565.495225
528.433876 566.238370
527.486453 566.974823
526.532914 567.703338
525.573124 568.423597
524.606683 569.134901
523.632839 569.836031
522.651392 570.526484
521.663536 571.207751
520.671804 571.883373
519.679421 572.558039
518.689635 573.236499
517.704963 573.922352
516.726295 574.616751
515.752229 575.317603
514.779323 576.020065
513.803525 576.718492
512.822004 577.408853
511.834159 578.090139
510.841183 578.763928
509.844739 579.432581
508.845781 580.097472
507.843891 580.757932
506.837181 581.411011
505.822766 582.052035
504.798032 582.676415
503.762569 583.282850
502.719514 583.876169
501.674922 584.466779
500.635106 585.065718
499.603543 585.678754
498.579146 586.303726
497.556808 586.932075
496.529845 587.552791
495.493277 588.157284
494.446502 588.743953
493.393382 589.319212
492.339037 589.892236
491.285892 590.467462
490.232467 591.042174
489.175610 591.610541
488.113380 592.168797
487.046083 592.717309
485.975291 593.258976
484.902510 593.796694
483.828266 594.331482
482.751836 594.861848
481.671687 595.384587
480.586427 595.896619
479.496243 596.398095
478.403498 596.893984
477.311166 597.390783
476.219727 597.889541
475.125660 598.382498
474.023810 598.857773
472.911305 599.307545
471.792230 599.740754
470.673486 600.174780
469.561415 600.625524
468.459423 601.100352
467.366787 601.596402
466.279165 602.103420
465.190349 602.607871
464.094393 603.096572
462.987463 603.559869
461.868821 603.994147
460.743061 604.409657
459.615212 604.819481
458.489611 605.235409
457.368088 605.662208
456.248899 606.095123
455.127502 606.522269
453.998986 606.930198
452.859510 607.306377
451.710933 607.653770
450.556727 607.982079
449.401432 608.306565
448.248978 608.640946
447.101286 608.991320
445.958125 609.356241
444.817877 609.730184
443.678829 610.107765
442.540194 610.486593
441.401533 610.865341
440.262341 611.242491
439.121540 611.614736
437.976906 611.975000
436.824660 612.309990
435.663402 612.612106
434.494290 612.882360
433.321082 613.134482
432.147940 613.386929
430.977324 613.650828
429.809064 613.924995
428.640593 614.198242
427.469151 614.458323
426.292570 614.693920
425.110998 614.903191
423.927759 615.103006
422.748795 615.326238
421.578280 615.590001
420.415964 615.888149
419.256186 616.196230
418.090990 616.482914
416.914602 616.719090
415.728422 616.900156
414.538254 617.053423
413.348694 617.211167
412.162352 617.391425
410.978298 617.586369
409.792276 617.768788
408.602705 617.926410
407.411547 618.071818
406.221925 618.229054
405.035753 618.410494
403.851195 618.602324
402.663521 618.773309
401.471293 618.908819
400.276456 619.019837
399.082054 619.135497
397.891452 619.284894
396.705339 619.466840
395.519899 619.653106
394.330969 619.815022
393.137778 619.941953
391.942667 620.050061
390.749247 620.174946
389.560020 620.334711
388.374364 620.519600
387.188076 620.700369
385.997217 620.847641
384.801384 620.947136
383.603986 621.026124
382.407518 621.117296
381.214590 621.246100
380.026745 621.415946
378.841455 621.603193
377.652933 621.767949
376.459139 621.887958
375.261686 621.964448
374.062932 622.018879
372.864852 622.085850
371.669919 622.194331
370.480105 622.349314
369.294239 622.532820
368.107603 622.711299
366.915737 622.849831
365.718851 622.934708
364.519810 622.981345
363.320164 623.010264
362.120534 623.039991
360.921220 623.080407
359.722038 623.124578
358.522432 623.153171
357.322522 623.151269
356.122981 623.119698
354.923825 623.074768
353.724460 623.035970
352.524815 623.006916
351.325190 622.977100
350.126259 622.927493
348.929934 622.835093
347.738996 622.688693
346.552641 622.508377
345.366498 622.326679
344.176071 622.176338
342.980558 622.073888
341.782155 622.012187
340.583476 621.956191
339.386307 621.875463
338.193056 621.749955
337.005141 621.580603
335.819818 621.393569
334.631203 621.229512
333.437332 621.110279
332.239839 621.034387
331.041074 620.980177
329.843046 620.912379
328.648203 620.802992
327.458568 620.646694
326.273167 620.460263
325.087833 620.273248
323.899054 620.109726
322.707893 619.964350
321.517682 619.811647
320.330679 619.635848
319.145965 619.444954
317.959252 619.267084
316.766927 619.132450
315.570737 619.037649
314.373339 618.958662
313.177236 618.862710
311.985155 618.725840
310.798719 618.546030
309.613947 618.355496
308.426795 618.180720
307.236479 618.028820
306.045348 617.883202
304.857028 617.716424
303.672664 617.523451
302.489924 617.320658
301.306249 617.123432
300.122103 616.929017
298.941458 616.714613
297.769539 616.456971
296.606386 616.162094
295.447090 615.852201
294.284216 615.556239
293.112735 615.296677
291.932784 615.078543
290.749472 614.879126
289.568391 614.667156
288.392510 614.428126
287.221960 614.164069
286.055039 613.884293
284.890060 613.596504
283.725736 613.306076
282.561523 613.015200
281.397441 612.723800
280.233778 612.430735
279.071033 612.134052
277.910514 611.828795
276.753806 611.509428
275.600905 611.176563
274.449789 610.837549
273.297520 610.502491
272.142655 610.176498
270.986723 609.854287
269.834359 609.519625
268.689663 609.159746
267.554827 608.769922
266.429153 608.354290
265.309001 607.923894
264.189171 607.492641
263.065366 607.071880
261.935760 606.666949
260.801518 606.275175
259.664809 605.890613
258.527090 605.509043
257.389390 605.127416
256.252806 604.742486
255.119116 604.349126
253.991108 603.939775
252.872680 603.504970
251.764088 603.045672
250.662704 602.569293
249.563221 602.088529
248.460563 601.615126
247.352730 601.153965
246.241152 600.701878
245.128471 600.252499
244.016322 599.801805
242.905884 599.346921
241.799993 598.881139
240.703217 598.394376
239.618416 597.881487
238.543357 597.348382
237.471572 596.808680
236.397337 596.273891
235.320063 595.745236
234.243644 595.214844
233.171346 594.676180
232.101474 594.132698
231.028387 593.595596
229.947355 593.074682
228.859926 592.567240
227.772027 592.060821
226.689613 591.542836
225.616760 591.005379
224.555439 590.445508
223.505476 589.864587
222.464046 589.268447
221.425782 588.666776
220.384586 588.070215
219.336353 587.486134
218.280819 586.915339
217.221516 586.351539
216.164186 585.784047
215.114670 585.202261
214.076877 584.599822
213.051327 583.976758
212.035094 583.338591
211.023090 582.693730
210.010046 582.050502
208.992422 581.414547
207.969901 580.786494
206.945582 580.161377
205.923864 579.532024
204.907953 578.893345
203.898551 578.244424
202.894445 577.587334
201.893928 576.924791
200.896124 576.258170
199.901672 575.586562
198.912861 574.906685
197.933056 574.213897
196.965185 573.504526
196.010013 572.778133
195.065051 572.038509
194.124948 571.292720
193.186015 570.545455
192.247236 569.797996
191.309358 569.049408
190.372841 568.299119
189.436850 567.548171
188.500088 566.798188
187.562227 566.049579
186.624283 565.301074
185.687492 564.551126
184.752018 563.799536
183.817081 563.047277
182.882563 562.294499
181.950301 561.538931
181.023350 560.776853
180.102793 560.007067
179.185258 559.233679
178.266552 558.461683
177.344673 557.693484
176.421574 556.926745
175.502325 556.155414
174.592010 555.373599
173.692599 554.579250
172.801920 553.775085
171.914482 552.967341
171.022852 552.164226
170.120124 551.373608
169.207114 550.594906
168.289056 549.822145
167.373987 549.045851
166.469138 548.257730
165.578200 547.453945
164.701114 546.635033
163.835441 545.804022
162.977841 544.964664
162.125504 544.119962
161.275269 543.273145
160.426047 542.425312
159.577327 541.576975
158.728921 540.728325
157.880912 539.879278
157.033731 539.029406
156.188943 538.177154
155.348587 537.320537
154.515730 536.456649
153.694014 535.582195
152.886866 534.694294
152.095936 533.791883
151.318871 532.877467
150.548362 531.957514
149.774527 531.040355
148.991226 530.131272
148.200771 529.228405
147.409453 528.326288
146.624045 527.419039
145.849022 526.502925
145.084876 525.577704
144.328452 524.646139
143.575763 523.711549
142.825173 522.775274
142.078134 521.836166
141.337170 520.892258
140.603355 519.942778
139.875558 518.988675
139.151849 518.031468
138.430412 517.072548
137.710036 516.112831
136.989924 515.152915
136.269868 514.192956
135.550204 513.232704
134.831447 512.271774
134.114456 511.309525
133.400920 510.344714
132.693167 509.375658
131.992769 508.401276
131.298896 507.422232
130.608192 506.440943
129.916983 505.460011
129.224490 504.479984
128.534440 503.498241
127.853581 502.510128
127.187712 501.511873
126.537382 500.503407
125.896765 499.488715
125.257585 498.473113
124.614872 497.459746
123.969635 496.447980
123.327705 495.434121
122.696953 494.413297
122.084247 493.381570
121.492519 492.337669
120.918786 491.283742
120.354452 490.224724
119.788277 489.166688
119.210666 488.114861
118.617544 487.071704
118.011276 486.036124
117.397986 485.004681
116.782991 483.974254
116.168089 482.943771
115.553262 481.913243
114.940732 480.881351
114.336448 479.844622
113.747975 478.798860
113.181355 477.741120
112.639908 476.670291
112.124845 475.586530
111.634831 474.491199
111.163448 473.387682
110.698204 472.281541
110.224739 471.178907
109.733812 470.083945
109.224697 468.997309
108.702947 467.916672
108.178443 466.837370
107.660445 465.754945
107.158470 464.665031
106.680749 463.564305
106.230964 462.451872
105.805216 461.329979
105.391958 460.203389
104.975596 459.077940
104.541502 457.959226
104.083246 456.850191
103.608337 455.748169
103.130388 454.647463
102.664262 453.541733
102.219456 452.427277
101.796007 451.304509
101.385087 450.177065
100.974054 449.049656
100.552598 447.926107
100.121034 446.806396
99.689620 445.686635
99.271948 444.561714
98.879413 443.427816
98.516720 442.284022
98.179734 441.132347
97.855985 439.976849
97.527926 438.822572
97.185409 437.672512
96.828636 436.526787
96.464835 435.383262
96.105132 434.238448
95.762577 433.088407
95.450704 431.929692
95.171921 430.762551
94.908711 429.591774
94.637802 428.422784
94.344014 427.259358
94.030819 426.100966
93.719335 424.942111
93.438532 423.775525
93.199968 422.599603
92.994467 421.417371
92.797821 420.233593
92.589361 419.051852
92.364954 417.873026
92.135391 416.695189
91.905996 415.517319
91.676508 414.339467
91.450757 413.160896
91.238723 411.979789
91.045067 410.795520
90.852307 409.611116
90.640150 408.430083
90.399477 407.254531
90.136199 406.083790
89.864866 404.914871
89.604781 403.743430
89.373575 402.566027
89.182330 401.381507
89.025278 400.191886
88.878365 399.000913
88.711145 397.812649
88.522933 396.627507
88.335744 395.442218
88.175352 394.253080
88.050297 393.059679
87.942179 391.864569
87.815200 390.671384
87.652858 389.482516
87.464769 388.297369
87.277126 387.112136
87.112707 385.923482
86.967331 384.732320
86.814999 383.542061
86.639649 382.354993
86.448913 381.170254
86.269999 379.983688
86.134575 378.791445
86.039269 377.595292
85.960281 376.397895
85.864878 375.201750
85.729485 374.009499
85.551665 372.822762
85.366156 371.637205
85.205942 370.448073
85.087974 369.254031
85.003762 368.057032
84.921892 366.859854
84.807571 365.665437
84.650643 364.475865
84.466625 363.290077
84.288142 362.103441
84.150146 360.911517
84.066677 359.714543
84.024506 358.515359
84.007245 357.315507
84.001618 356.115524
84.000278 354.915525
84.000038 353.715525
84.000026 352.515525
84.000221 351.315525
84.001142 350.115526
84.005175 348.915534
84.019518 347.715637
84.056435 346.516280
84.132253 345.318840
84.258338 344.125651
84.430160 342.938078
84.616757 341.752687
84.780259 340.563993
84.901950 339.370334
84.988554 338.173518
85.068032 336.976158
85.178629 335.781358
85.332257 334.591345
85.515145 333.405384
85.695859 332.219087
85.844025 331.028345
85.945073 329.832654
86.024061 328.635257
86.114620 327.438742
86.242631 326.245736
86.412522 325.057909
86.603964 323.873285
86.783531 322.686836
86.939340 321.497028
87.084716 320.305867
87.243560 319.116453
87.427443 317.930646
87.618264 316.745930
87.786523 315.557880
87.919342 314.365350
88.029248 313.170408
88.146675 311.976184
88.301150 310.786228
88.485607 309.600509
88.675375 308.415616
88.846605 307.227943
88.995507 306.037239
89.143603 304.846429
89.315190 303.658813
89.510563 302.474846
89.713139 301.292069
89.908986 300.108164
90.104825 298.924263
90.327252 297.745152
90.590934 296.574620
90.889122 295.412316
91.197198 294.252536
91.483798 293.087319
91.719683 291.910872
91.900661 290.724679
92.054032 289.534525
92.212382 288.345047
92.394805 287.159043
92.596297 285.976091
92.796909 284.792983
92.991011 283.608785
93.195555 282.426391
93.433782 281.250410
93.715826 280.084142
94.033092 278.926872
94.362394 277.772940
94.685462 276.617259
94.996482 275.458277
95.298994 274.297037
95.600998 273.135661
95.912368 271.976769
96.246338 270.824215
96.606807 269.679681
96.986597 268.541376
97.368282 267.403702
97.735636 266.261346
98.085764 265.113579
98.431576 263.964489
98.793858 262.820516
99.182389 261.685215
99.595888 260.558749
100.024001 259.437720
100.451354 258.316401
100.862842 257.189192
101.248857 256.053014
101.608588 254.908219
101.958458 253.760359
102.322748 252.617063
102.721039 251.485254
103.158677 250.368052
103.626396 249.263017
104.109515 248.164576
104.598009 247.068504
105.090682 245.974306
105.590477 244.883343
106.095288 243.794689
106.598904 242.705485
107.097306 241.613885
107.593247 240.521163
108.093356 239.430348
108.601356 238.343187
109.114725 237.258545
109.627057 236.173412
110.133542 235.085539
110.636233 233.995906
111.146429 232.909778
111.674933 231.832458
112.223136 230.765015
112.781748 229.702963
113.336856 228.639093
113.878736 227.568438
114.409296 226.492104
114.943518 225.417598
115.501040 224.355095
116.092291 223.311022
116.711650 222.283291
117.342614 221.262568
117.968067 220.238467
118.578683 219.205469
119.176398 218.164935
119.770928 217.122566
120.371673 216.083770
120.981967 215.050555
121.600225 214.022084
122.225003 212.997559
122.857892 211.978025
123.500167 210.964378
124.148418 209.954541
124.794476 208.943303
125.431627 207.926428
126.061984 206.905326
126.696401 205.886755
127.345404 204.877424
128.011075 203.878995
128.687637 202.887904
129.367104 201.898801
130.043938 200.907896
130.716467 199.914063
131.385637 198.917965
132.053333 197.920879
132.721729 196.924262
133.393694 195.930049
134.073357 194.941088
134.765687 193.960954
135.474583 192.992728
136.201125 192.037669
136.940873 191.092809
137.688039 190.153801
138.439365 189.218117
139.195923 188.286661
139.961427 187.362561
140.738293 186.448008
141.524942 185.541836
142.316045 184.639530
143.104520 183.734943
143.884085 182.822676
144.651963 181.900533
145.410294 180.970515
146.164113 180.036837
146.917300 179.102647
147.670556 178.168514
148.424718 177.235112
149.183478 176.305449
149.952840 175.384573
150.737942 174.477129
151.540516 173.585110
152.358919 172.707549
153.189598 171.841557
154.028485 170.983496
154.871927 170.129912
155.715625 169.276581
156.556939 168.420903
157.393338 167.560432
158.222612 166.693101
159.043707 165.818012
159.858586 164.937120
160.674592 164.057287
161.503489 163.189619
162.353996 162.343120
163.224621 161.517292
164.105751 160.702669
164.986596 159.887738
165.860222 159.065078
166.725777 158.233941
167.584888 157.396143
168.439890 156.554142
169.293278 155.710502
170.147643 154.867855
171.005834 154.029101
171.873520 153.200173
172.753626 152.384480
173.648261 151.584795
174.556898 150.801053
175.475666 150.029156
176.398515 149.262116
177.320253 148.493746
178.239326 147.722187
179.158332 146.950553
180.082206 146.184760
181.015103 145.429976
181.958166 144.687930
182.908226 143.954868
183.861424 143.225888
184.814259 142.496432
185.763822 141.762727
186.708440 141.022672
187.648491 140.276822
188.586095 139.527892
189.523535 138.778755
190.461694 138.030519
191.399914 137.282359
192.337429 136.533316
193.274949 135.784281
194.214817 135.038199
195.159627 134.298391
196.110759 133.566724
197.068449 132.843661
198.033252 132.130115
199.006949 131.428752
199.992070 130.743524
200.990010 130.077107
202.000168 129.429361
203.019629 128.796354
204.042984 128.169660
205.064802 127.540468
206.081876 126.903636
207.094393 126.259580
208.105371 125.613112
209.118772 124.970453
210.137394 124.336106
211.161446 123.710557
212.188807 123.090453
213.216999 122.471729
214.245076 121.852812
215.273625 121.234681
216.303177 120.618222
217.333380 120.002850
218.364059 119.388278
219.396852 118.777273
220.435102 118.175622
221.481869 117.588946
222.537909 117.019121
223.601281 116.463059
224.668462 115.914316
225.735641 115.365565
226.799677 114.810754
227.859249 114.247465
228.916186 113.679238
229.975603 113.115650
231.043862 112.569030
232.123329 112.044897
233.210507 111.536923
234.299427 111.032692
235.385424 110.522214
236.467142 110.002723
237.546100 109.477513
238.625223 108.952640
239.707489 108.434294
240.794663 107.926333
241.886141 107.427669
242.978951 106.931922
244.069782 106.431836
245.158768 105.927743
246.249274 105.426965
247.344678 104.937017
248.446276 104.461168
249.554034 103.999845
250.668146 103.554094
251.788839 103.125153
252.914911 102.710501
254.042876 102.300998
255.167274 101.881850
256.284152 101.443107
257.393003 100.984418
258.498103 100.516706
259.607318 100.058942
260.728075 99.630425
261.863019 99.241031
263.008856 98.884707
264.158923 98.542152
265.307219 98.193738
266.451873 97.833545
267.593392 97.463515
268.733176 97.088161
269.872605 96.711730
271.013025 96.338313
272.156478 95.974310
273.304414 95.624746
274.457163 95.291391
275.612965 94.968725
276.768490 94.645066
277.920568 94.309377
279.067712 93.957183
280.211482 93.594155
281.355443 93.231749
282.503544 92.882789
283.659243 92.560059
284.823783 92.270851
285.995129 92.010324
287.168934 91.760966
288.341038 91.503779
289.510497 91.234810
290.678595 90.959950
291.847804 90.689882
293.021018 90.437854
294.200533 90.217267
295.384281 90.020514
296.568867 89.828820
297.751259 89.624147
298.930653 89.402794
300.108503 89.173301
301.286135 88.942687
302.463183 88.709122
303.639465 88.471720
304.815868 88.234918
305.993153 88.002546
307.171080 87.773447
308.349903 87.549044
309.531734 87.341311
310.718315 87.162914
311.908695 87.011529
313.099610 86.864231
314.287572 86.694967
315.472363 86.504585
316.657079 86.313735
317.844891 86.143461
319.035735 85.995639
320.226451 85.846823
321.414145 85.675738
322.599124 85.486503
323.785141 85.304005
324.975844 85.155536
326.171549 85.054650
327.368947 84.975662
328.565457 84.885046
329.758474 84.757106
330.946415 84.587983
332.131659 84.400437
333.319901 84.233563
334.513176 84.108142
335.709810 84.019143
336.907208 83.940155
338.102536 83.835193
339.292996 83.684913
340.479186 83.503503
341.665385 83.322173
342.856015 83.173435
344.051902 83.075604
345.250711 83.022811
346.450143 82.985873
347.649078 82.936517
348.845443 82.845060
350.030867 82.661975
351.173575 82.306436
352.318591 82.000000
353.518591 82.000000
354.718591 82.000000
355.918591 82.000000
357.118591 82.000000
358.318591 82.000000
359.518591 82.000028
360.718591 82.000229
361.918591 82.001174
363.118581 82.005480
364.318471 82.020254
365.517803 82.057948
366.715174 82.134895
367.908238 82.262265
369.095622 82.435469
370.281143 82.621221
371.470220 82.781759
372.664608 82.895538
373.862599 82.962914
375.061948 83.001893
376.261216 83.042972
377.458965 83.114179
378.652907 83.232539
379.841480 83.396894
381.026783 83.584060
382.214629 83.753904
383.407557 83.882708
384.604025 83.973879
385.801422 84.052867
386.997255 84.152363
388.188126 84.299549
389.374477 84.479908
390.560384 84.663151
391.750277 84.817671
392.944974 84.929267
394.142285 85.009386
395.339151 85.095348
396.532913 85.216041
397.721719 85.378691
398.907127 85.565169
400.094339 85.739585
401.286870 85.872252
402.483149 85.965905
403.680546 86.044893
404.876565 86.141954
406.068256 86.282130
407.254580 86.462658
408.439404 86.652867
409.626676 86.826838
410.816995 86.978742
412.007725 87.127595
413.194095 87.307431
414.373493 87.528266
415.546280 87.782127
416.715236 88.053276
417.883588 88.327050
419.054042 88.591666
420.227809 88.841176
421.403204 89.082931
422.577606 89.329421
423.749154 89.589104
424.917987 89.860790
426.086092 90.135608
427.256625 90.399804
428.432035 90.641178
429.612678 90.855560
430.795882 91.055615
431.976843 91.268419
433.149367 91.523355
434.312573 91.818019
435.470644 92.132447
436.629824 92.442702
437.793806 92.734360
438.961081 93.012672
440.125081 93.304222
441.279534 93.631352
442.424270 93.991183
443.565025 94.363577
444.708429 94.727692
445.856445 95.077014
447.005766 95.422065
448.150245 95.782770
449.286821 96.167609
450.416333 96.572779
451.543357 96.984865
452.673702 97.387687
453.810340 97.772376
454.951192 98.144456
456.090986 98.519767
457.227110 98.906056
458.362345 99.294943
459.500378 99.675536
460.641092 100.048052
461.780154 100.425564
462.912785 100.821898
464.037513 101.240167
465.156799 101.672827
466.273616 102.111820
467.388736 102.555109
468.502504 103.001783
469.615655 103.449996
470.728163 103.899801
471.837912 104.356358
472.941506 104.827576
474.036633 105.318159
475.124905 105.823787
476.211459 106.333097
477.301627 106.834583
478.398814 107.320493
479.502655 107.791132
480.609047 108.255778
481.712401 108.727558
482.808809 109.215237
483.898083 109.718674
484.983434 110.230540
486.069337 110.741238
487.157945 111.246146
488.247009 111.750061
489.331220 112.264269
490.405776 112.798308
491.470037 113.352625
492.528009 113.918915
493.585202 114.486665
494.644907 115.049705
495.706717 115.608774
496.767768 116.169281
497.825378 116.736247
498.879326 117.309995
499.932013 117.886059
500.986015 118.459713
502.040579 119.032332
503.090737 119.612971
504.131367 120.210497
505.160985 120.826815
506.182657 121.456244
507.201795 122.089771
508.222775 122.720320
509.246597 123.346250
510.270839 123.971490
511.291960 124.601802
512.308056 125.240184
513.320150 125.884902
514.331532 126.530738
515.345848 127.171945
516.364969 127.805485
517.387574 128.433401
518.409376 129.062612
519.424992 129.701716
520.430242 130.356969
521.423553 131.030186
522.406227 131.718874
523.381906 132.417471
524.355320 133.119229
525.330510 133.818511
526.309094 134.513039
527.289652 135.204780
528.268841 135.898451
529.243430 136.598560
530.211768 137.307292
531.173731 138.024654
532.129597 138.750124
533.079275 139.483680
534.022824 140.225106
534.961564 140.972614
535.898651 141.722193
536.836340 142.471018
537.774649 143.219066
538.712282 143.967961
539.648469 144.718662
540.583696 145.470559
541.518572 146.222894
542.452287 146.976666
543.382534 147.734704
544.307295 148.499422
545.226897 149.270348
546.144408 150.043765
547.063876 150.814852
547.987215 151.581302
548.911355 152.346785
549.830479 153.118281
550.741344 153.899493
551.645282 154.688714
552.547110 155.480362
553.452348 156.268091
554.364460 157.047841
555.282728 157.820356
556.202024 158.591641
557.115483 159.369816
558.018375 160.160246
558.910030 160.963336
559.797472 161.771074
560.688038 162.575365
561.587073 163.370142
562.496346 164.153177
563.412931 164.927684
564.329901 165.701730
565.239349 166.484552
566.135781 167.282253
567.017582 168.096144
567.885138 168.925208
568.744178 169.763079
569.598126 170.606144
570.449161 171.452157
571.298703 172.299670
572.147583 173.147845
572.996215 173.996270
573.844766 174.844775
574.693299 175.693299
575.541827 176.541827
576.390355 177.390355
577.238877 178.238890
578.087374 179.087449
578.935798 179.936081
579.783944 180.784991
580.631364 181.634625
581.477132 182.485903
582.319657 183.340384
583.156527 184.200391
583.984378 185.069086
584.797955 185.951182
585.593806 186.849284
586.375018 187.760131
587.148380 188.677679
587.923417 189.593816
588.707771 190.501953
589.503812 191.399865
590.308609 192.289972
591.115844 193.177871
591.917957 194.070391
592.708219 194.973434
593.485409 195.887746
594.257145 196.806668
595.032727 197.722345
595.818900 198.628912
596.616734 199.525233
597.422255 200.414684
598.228757 201.303247
599.029021 202.197409
599.817654 203.101856
600.593950 204.016932
601.363782 204.937453
602.137222 205.854943
602.919372 206.765008
603.709003 207.668591
604.500627 208.570440
605.287858 209.476109
606.066408 210.389240
606.836309 211.309694
607.602034 212.233634
608.369372 213.156231
609.141123 214.075143
609.915289 214.992022
610.686498 215.911390
611.452335 216.835235
612.215149 217.761578
612.979626 218.686549
613.748705 219.607692
614.521266 220.525923
615.293149 221.444721
616.059980 222.367730
616.819871 223.296465
617.574390 224.229577
618.326781 225.164408
619.078908 226.099450
619.830192 227.035171
620.579430 227.972530
621.327511 228.910813
622.076635 229.848263
622.827655 230.784195
623.579676 231.719323
624.332041 232.654174
625.086215 233.587565
625.845251 234.516998
626.611116 235.440807
627.382605 236.359937
628.155731 237.277691
628.926261 238.197625
629.693077 239.120659
630.460164 240.043466
631.235402 240.959438
632.024558 241.863439
632.825537 242.756968
633.632250 243.645340
634.437083 244.535413
635.233029 245.433401
636.015520 246.343125
636.784107 247.264657
637.542621 248.194521
638.296518 249.128137
639.049164 250.062762
639.800666 250.998307
640.549939 251.935638
641.298069 252.873883
642.047173 253.811348
642.798202 254.747273
643.550512 255.682168
644.303832 256.616250
645.060321 257.547762
645.824191 258.473211
646.598807 259.389671
647.383911 260.297183
648.175170 261.199353
648.965710 262.102146
649.748811 263.011403
650.520946 263.929994
651.286923 264.853721
652.053242 265.777169
652.823558 266.697281
653.596857 267.614889
654.369293 268.533224
655.137563 269.455041
655.901605 270.380371
656.664876 271.306338
657.431612 272.229433
658.203237 273.148451
658.977093 274.065591
659.748246 274.985005
660.513609 275.909244
661.276184 276.835785
662.040923 277.760541
662.810573 278.681208
663.583723 279.598942
664.356496 280.516994
665.125949 281.437826
665.893027 282.360643
666.663214 283.280848
667.443863 284.192164
668.240169 285.089849
669.053653 285.972030
669.882325 286.839952
670.720110 287.699070
671.564234 288.551967
672.413594 289.399652
673.268938 290.241287
674.133214 291.073723
675.012287 291.890550
675.919578 292.675930
676.864473 293.415411
677.855521 294.091385
678.895108 294.689878
679.975760 295.211010
681.083643 295.671951
682.201927 296.107194
683.321346 296.539510
684.439398 296.975354
685.558098 297.409521
686.680702 297.833453
687.808822 298.242476
688.941699 298.638167
690.077173 299.026361
691.212372 299.415357
692.344710 299.812574
693.472138 300.223489
694.594181 300.648904
695.712913 301.082994
696.832349 301.515263
697.956139 301.936067
699.085902 302.340561
700.220192 302.732193
701.356926 303.116685
702.494659 303.498212
703.632395 303.879729
704.769140 304.264187
705.903455 304.655749
707.033305 305.059999
708.157135 305.480698
709.276555 305.913007
710.395128 306.347506
711.516609 306.774414
712.642443 307.189706
713.771001 307.597570
714.898841 308.007416
716.022921 308.427454
717.143289 308.857309
718.265181 309.283103
719.396643 309.682350
720.546496 310.023793
721.720360 310.267722
722.914428 310.373189
724.111396 310.306631
725.292092 310.095935
726.453824 309.796575
727.602279 309.448971
728.743685 309.078644
729.881342 308.696906
731.015570 308.305095
732.144588 307.898534
733.267969 307.476652
734.387240 307.043954
735.506137 306.610292
736.628598 306.185981
737.756539 305.776469
738.889442 305.380863
740.025567 304.994581
741.163197 304.612747
742.301037 304.231537
743.438141 303.848143
744.573198 303.458747
745.704409 303.058341
746.830237 302.643048
747.950820 302.213779
749.068994 301.778251
750.189312 301.348286
751.314023 300.929955
752.442126 300.520837
753.570389 300.112160
754.695496 299.694899
755.816208 299.265972
756.934405 298.830502
758.054123 298.398966
759.178370 297.979380
760.306280 297.569729
761.434685 297.161444
762.560025 296.744822
763.680294 296.314761
764.795617 295.872010
765.906391 295.417959
767.009515 294.945649
768.093991 294.432232
769.147348 293.858074
770.159218 293.213722
771.126801 292.504371
772.054590 291.743427
772.949389 290.943842
773.819932 290.117958
774.673874 289.274947
775.513044 288.417236
776.336840 287.544772
777.143518 286.656469
777.931870 285.751832
778.703346 284.832714
779.462962 283.903748
780.217136 282.970355
780.969894 282.035821
781.721445 281.100315
782.470954 280.163172
783.219212 279.225031
783.968164 278.287444
784.718876 277.351265
785.470773 276.416038
786.223108 275.481162
786.976881 274.547447
787.734921 273.617202
788.499641 272.692443
789.270568 271.772842
790.043984 270.855331
790.815070 269.935862
791.581520 269.012523
792.347003 268.088382
793.118500 267.169260
793.899716 266.258398
794.688920 265.354444
795.480481 264.452540
796.267910 263.547043
797.046744 262.634153
797.816815 261.713841
798.582514 260.789880
799.349728 259.867179
800.121447 258.948239
800.895744 258.031471
801.667501 257.112564
802.434956 256.190062
803.201674 255.266947
803.974438 254.348900
804.758692 253.440682
805.555251 252.543233
806.360284 251.653339
807.167120 250.765079
807.968241 249.871677
808.757529 248.967790
809.532768 248.051818
810.299933 247.129077
811.066773 246.206062
811.837346 245.286165
812.610745 244.368640
813.383138 243.450269
814.151302 242.528364
814.915291 241.602990
815.678616 240.677068
816.445457 239.754060
817.217134 238.835087
817.990938 237.917903
818.762081 236.998480
819.527349 236.074161
820.289870 235.147576
821.054662 234.222864
821.824396 233.302267
822.597503 232.384497
823.369876 231.466110
824.138128 230.544277
824.902168 229.618945
825.665441 228.692980
826.432189 227.769895
827.203856 226.850913
827.977833 225.933875
828.749368 225.014781
829.515928 224.091534
830.281498 223.167466
831.052425 222.247868
831.832688 221.336195
832.621200 220.431639
833.412825 219.529791
834.201175 218.625094
834.981592 217.713551
835.753872 216.795087
836.523147 215.874103
837.296959 214.956930
838.080596 214.048132
838.871830 213.145944
839.663430 212.244074
840.448949 211.336916
841.225209 210.421837
841.993740 209.500239
842.759672 208.576472
843.528062 207.654752
844.300412 206.736344
845.074192 205.819140
845.845337 204.899722
846.612199 203.976724
847.378880 203.053577
848.153621 202.137189
848.941241 201.231866
849.740850 200.337123
850.547104 199.448335
851.352794 198.559037
852.151062 197.663102
852.937572 196.756826
853.712851 195.840894
854.483017 194.920654
855.256721 194.003384
856.040420 193.094641
856.831303 192.192148
857.623016 191.290377
858.409341 190.383917
859.187371 189.470337
859.959506 188.551751
860.732957 187.634282
861.516134 186.725145
862.314495 185.829310
863.128975 184.948063
863.958039 184.080507
864.796312 183.221856
865.639595 182.368121
866.485705 181.517184
867.333255 180.667680
868.181443 179.818811
869.029870 178.970182
869.878376 178.121631
870.726900 177.273100
871.575429 176.424571
872.423957 175.576043
873.272485 174.727515
874.121013 173.878987
874.969541 173.030459
875.818069 172.181931
876.666615 171.333420
877.515215 170.484964
878.363976 169.636669
879.213145 168.788782
880.063202 167.941786
880.915562 167.097107
881.772863 166.257447
882.638152 165.426042
883.515171 164.607072
884.407472 163.804833
885.317321 163.022552
886.244365 162.260669
887.185138 161.515748
888.134227 160.781428
889.086079 160.050691
890.035761 159.317138
890.978711 158.574949
891.911674 157.820247
892.835712 157.054653
893.755123 156.283502
894.675357 155.513327
895.600235 154.748750
896.530500 153.990735
897.464391 153.237181
898.399881 152.485610
899.336695 151.735693
900.276418 150.989429
901.220873 150.249166
902.170352 149.515353
903.123175 148.785880
904.076422 148.056966
905.026601 147.324056
905.969664 146.582010
906.902751 145.827464
907.826884 145.061985
908.746339 144.290886
909.666551 143.520686
910.591369 142.756037
911.521581 141.997955
912.455448 141.244372
913.390940 140.492804
914.327787 139.742928
915.267668 138.996865
916.212733 138.257384
917.164060 137.525974
918.121620 136.802740
919.085329 136.087721
920.055529 135.381529
921.031952 134.683965
922.012620 133.992380
922.994297 133.302227
923.974610 132.610138
924.954429 131.917351
925.937963 131.229849
926.930419 130.555301
927.934699 129.898497
928.949666 129.258327
929.971484 128.629136
930.996691 128.005477
932.023944 127.385195
933.052884 126.767714
934.082552 126.151448
935.111676 125.534274
936.140017 124.915796
937.168537 124.297617
938.198023 123.681048
939.228206 123.065643
940.258780 122.450893
941.291136 121.839150
942.328474 121.235920
943.373742 120.646561
944.427287 120.072111
945.486102 119.507395
946.545028 118.942888
947.598982 118.369184
948.645267 117.781624
949.685100 117.182690
950.723189 116.580717
951.765356 115.985854
952.815623 115.405435
953.874738 114.841316
954.940815 114.290444
956.011125 113.747826
957.083456 113.209212
958.156480 112.671978
959.229721 112.135178
960.303019 111.598492
961.376330 111.061834
962.449653 110.525198
963.523017 109.988645
964.596548 109.452425
965.670628 108.917307
966.746201 108.385199
967.825099 107.859874
968.909940 107.346947
970.003237 106.852304
971.106259 106.379740
972.215892 105.922902
973.328783 105.474046
974.443279 105.029192
975.560343 104.590845
976.681825 104.163952
977.807892 103.749285
978.935929 103.339980
980.061042 102.922729
981.178313 102.484971
982.286454 102.024587
983.388122 101.548861
984.489235 101.071853
985.596062 100.608346
986.712218 100.167829
987.837601 99.751397
988.969583 99.353169
990.104863 98.964406
991.239956 98.575101
992.372191 98.177592
993.499536 97.766449
994.621648 97.341210
995.740990 96.908694
996.862390 96.481554
997.990836 96.073432
999.130162 95.696805
1000.278715 95.349331
1001.433045 95.021464
1002.588936 94.699106
1003.743377 94.371609
1004.896402 94.039144
1006.051517 93.714056
1007.213194 93.413376
1008.381340 93.138853
1009.552256 92.876258
1010.720799 92.603424
1011.883531 92.306855
1013.041489 91.992033
1014.201192 91.683812
1015.368721 91.407094
1016.545108 91.170819
1017.726558 90.960745
1018.907090 90.745543
1020.080402 90.494233
1021.244251 90.202060
1022.403536 89.892130
1023.565660 89.593246
1024.736057 89.328972
1025.914944 89.105349
1027.098159 88.905404
1028.279778 88.696385
1029.456442 88.461200
1030.628077 88.201973
1031.797166 87.931372
1032.967299 87.665331
1034.142995 87.425331
1035.326067 87.225151
1036.514859 87.061997
1037.705752 86.914445
1038.895080 86.754933
1040.080830 86.570678
1041.265568 86.379994
1042.453660 86.212033
1043.646223 86.079509
1044.841176 85.969724
1046.035362 85.851941
1047.225323 85.697505
1048.411245 85.514333
1049.596876 85.329293
1050.786215 85.170342
1051.979738 85.046381
1053.174850 84.938273
1054.367938 84.810425
1055.556764 84.647740
1056.742263 84.461844
1057.928870 84.283166
1059.120895 84.145993
1060.317576 84.057989
1061.516125 83.999303
1062.714658 83.940292
1063.911280 83.851406
1065.103073 83.712191
1066.289693 83.533599
1067.475563 83.350128
1068.665428 83.195572
1069.860524 83.089058
1071.058936 83.028754
1072.258377 82.992105
1073.457514 82.947697
1074.654880 82.870416
1075.848116 82.744793
1077.035842 82.574071
1078.221254 82.387616
1079.410106 82.225375
1080.604338 82.110076
1081.802357 82.043742
1083.001929 82.013359
1084.201888 82.003779
1085.401884 82.000890
1086.601884 82.000352
1087.801883 82.001074
1089.001878 82.004435
1090.201791 82.017734
1091.401210 82.052775
1092.598817 82.125856
1093.792307 82.248831
1094.980337 82.417313
1096.165684 82.604198
1097.354307 82.768178
1098.548320 82.885760
1099.746185 82.954775
1100.945634 82.989696
1102.145413 83.012559
1103.344797 83.049348
1104.542480 83.121315
1105.736162 83.242311
1106.924412 83.409124
1108.109704 83.596354
1109.297869 83.763814
1110.491072 83.889943
1111.687671 83.979397
1112.885068 84.058385
1114.080504 84.162184
1115.271047 84.311847
1116.457252 84.493157
1117.643305 84.675449
1118.833517 84.827580
1120.028534 84.935916
1121.225932 85.014904
1122.422666 85.102584
1123.616149 85.225983
1124.804612 85.391193
1125.989758 85.579342
1127.176986 85.753615
1128.368785 85.892968
1129.563468 86.005632
1130.758023 86.119661
1131.949434 86.262453
1133.135831 86.442445
1134.320425 86.634078
1135.507353 86.810378
1136.697444 86.964038
1137.888228 87.112469
1139.075505 87.286328
1140.255569 87.503711
1141.428926 87.754952
1142.598475 88.023540
1143.767980 88.292337
1144.940926 88.545616
1146.119912 88.768995
1147.303591 88.966158
1148.488489 89.155934
1149.671898 89.354696
1150.853672 89.563030
1152.036035 89.767998
1153.220139 89.962669
1154.403034 90.164332
1155.580155 90.396828
1156.748175 90.671400
1157.908176 90.978466
1159.066016 91.293735
1160.228499 91.591305
1161.396847 91.864978
1162.567654 92.128057
1163.735542 92.403645
1164.896084 92.708582
1166.047803 93.045423
1167.193334 93.402846
1168.337818 93.763608
1169.485826 94.112889
1170.640836 94.438130
1171.803457 94.735069
1172.970235 95.015447
1174.133365 95.310399
1175.285417 95.645724
1176.424617 96.022540
1177.555720 96.423258
1178.686788 96.824089
1179.824226 97.206366
1180.970275 97.562014
1182.123409 97.894077
1183.278040 98.220903
1184.428769 98.561075
1185.571397 98.927413
1186.703957 99.323796
1187.827297 99.745709
1188.944664 100.183281
1190.059861 100.626378
1191.174992 101.069641
1192.289980 101.513265
1193.404985 101.956846
1194.521591 102.396368
1195.641366 102.827742
1196.763438 103.253126
1197.883769 103.683065
1198.997017 104.130996
1200.099256 104.605377
1201.193856 105.097153
1202.286719 105.592778
1203.382911 106.080970
1204.484312 106.557291
1205.590444 107.022529
1206.699941 107.479703
1207.810335 107.934701
1208.917115 108.398404
1210.013960 108.885099
1211.094596 109.406755
1212.158855 109.961062
1213.211006 110.538086
1214.259784 111.121223
1215.315419 111.691744
1216.384889 112.235798
1217.467768 112.752764
1218.556067 113.258337
1219.638666 113.775888
1220.707510 114.321170
1221.761746 114.894257
1222.807024 115.483629
1223.850663 116.075928
1224.896783 116.663829
1225.944519 117.248850
1226.989891 117.838083
1228.029408 118.437583
1229.063205 119.046895
1230.093719 119.661745
1231.122721 120.279120
1232.149512 120.900163
1233.171675 121.528782
1234.187310 122.167892
1235.196452 122.817213
1236.200907 123.473769
1237.203302 124.133469
1238.206579 124.791824
1239.213961 125.443862
1240.228829 126.084164
1241.253632 126.708429
1242.288029 127.316693
1243.327464 127.916339
1244.363858 128.521170
1245.388848 129.145024
1246.397763 129.794534
1247.391629 130.466926
1248.375708 131.153632
1249.355885 131.845912
1250.335318 132.539246
1251.313044 133.234976
1252.285206 133.938433
1253.248040 134.654590
1254.200624 135.384350
1255.145669 136.123868
1256.088196 136.866593
1257.032929 137.606511
1257.982141 138.340675
1258.934907 139.070220
1259.888383 139.798837
1260.839135 140.531003
1261.783437 141.271458
1262.718541 142.023477
1263.644507 142.786719
1264.564625 143.557024
1265.483719 144.328558
1266.405562 145.096798
1267.330841 145.860902
1268.256957 146.623993
1269.180309 147.390420
1270.099424 148.161929
1271.016317 148.936079
1271.935300 149.707746
1272.857907 150.475074
1273.780648 151.242245
1274.697133 152.016858
1275.601576 152.805442
1276.491415 153.610441
1277.367425 154.430499
1278.232339 155.262294
1279.089512 156.102086
1279.941849 156.946788
1280.791889 157.793800
1281.641052 158.641693
1282.489812 159.489990
1283.338411 160.338447
1284.186952 161.186962
1285.035454 162.035516
1285.883878 162.884148
1286.732043 163.733040
1287.579520 164.582617
1288.425440 165.433744
1289.268300 166.287894
1290.105788 167.147305
1290.934560 168.015135
1291.748020 168.897338
1292.544601 169.794774
1293.325503 170.705871
1294.095832 171.625958
1294.862913 172.548772
1295.632313 173.469649
1296.405109 174.387681
1297.178499 175.305213
1297.948822 176.225319
1298.715139 177.148768
1299.481134 178.072481
1300.253269 178.991071
1301.036400 179.900303
1301.826962 180.803077
1302.618220 181.705247
1303.403300 182.612781
1304.177880 183.529271
1304.941722 184.454743
1305.698198 185.386266
1306.451516 186.320349
1307.203822 187.255247
1307.954839 188.191181
1308.703894 189.128686
1309.451858 190.067063
1310.200586 191.004830
1310.950253 191.941846
1311.697895 192.880479
1312.439936 193.823542
1313.174235 194.772640
1313.900132 195.728176
1314.616907 196.690571
1315.322487 197.661192
1316.013720 198.642064
1316.688019 199.634643
1317.345609 200.638380
1317.991338 201.649818
1318.634414 202.662958
1319.284477 203.671614
1319.945698 204.672986
1320.614121 205.669581
1321.280733 206.667388
1321.937577 207.671634
1322.582880 208.683338
1323.221646 209.699199
1323.861007 210.714687
1324.504489 211.727566
1325.149857 212.739248
1325.790573 213.753877
1326.418651 214.776357
1327.027675 215.810280
1327.615608 216.856345
1328.186489 217.911835
1328.749659 218.971474
1329.316827 220.028978
1329.896849 221.079481
1330.490818 222.122165
1331.092849 223.160220
1331.692946 224.199386
1332.281670 225.245019
1332.854242 226.299579
1333.411565 227.362288
1333.958037 228.430629
1334.498246 229.502155
1335.034800 230.575518
1335.567583 231.650756
1336.093685 232.729274
1336.607890 233.813505
1337.104759 234.905783
1337.582543 236.006552
1338.047420 237.112847
1338.514556 238.218180
1338.995912 239.317371
1339.495910 240.408207
1340.011325 241.491863
1340.534743 242.571691
1341.057297 243.651937
1341.569582 244.737074
1342.062305 245.831209
1342.528455 246.936923
1342.965867 248.054335
1343.382943 249.179519
1343.795773 250.306268
1344.219402 251.428972
1344.662956 252.543936
1345.124964 253.651408
1345.592643 254.756522
1346.046219 255.867468
1346.467307 256.991105
1346.845969 258.129757
1347.199641 259.276450
1347.551763 260.423612
1347.920950 261.565357
1348.313463 262.699297
1348.722395 263.827457
1349.131264 264.955652
1349.518701 266.091348
1349.873399 267.237669
1350.199342 268.392514
1350.507393 269.552289
1350.808851 270.713806
1351.113369 271.874522
1351.429349 273.032166
1351.760518 274.185559
1352.099040 275.336821
1352.433822 276.489166
1352.756192 277.645034
1353.064555 278.804724
1353.362992 279.967018
1353.655384 281.130850
1353.942358 282.296027
1354.219919 283.463471
1354.480023 284.634901
1354.713827 285.811843
1354.921247 286.993753
1355.122120 288.176804
1355.348452 289.355153
1355.615570 290.524896
1355.916216 291.686567
1356.226108 292.845863
1356.515967 294.010296
1356.760742 295.184992
1356.969202 296.366709
1357.163314 297.550905
1357.361652 298.734395
1357.562560 299.917457
1357.743315 301.103716
1357.885436 302.295195
1357.999066 303.489786
1358.112350 304.684411
1358.253272 305.876032
1358.430495 307.062829
1358.622623 308.247344
1358.800125 309.434094
1358.954128 310.624137
1359.099547 311.815293
1359.260516 313.004428
1359.448502 314.189606
1359.641748 315.373934
1359.817434 316.560949
1359.969625 317.751226
1360.115014 318.942386
1360.280071 320.130951
1360.467846 321.316163
1360.655710 322.501345
1360.817564 323.690281
1360.944061 324.883520
1361.052175 326.078631
1361.177597 327.271990
1361.337872 328.461148
1361.522825 329.646794
1361.702696 330.833217
1361.846215 332.024517
1361.936862 333.221021
1361.996524 334.419523
1362.054559 335.618103
1362.140803 336.814902
1362.273694 338.007416
1362.451159 339.194210
1362.635775 340.379904
1362.793274 341.569381
1362.903363 342.764129
1362.967654 343.962314
1363.004933 345.161730
1363.047570 346.360937
1363.121178 347.558540
1363.240461 348.752425
1363.398788 349.941872
1363.558318 351.131150
1363.660226 352.326320
1363.665889 353.525446
1363.573508 354.721288
1363.419089 355.911181
1363.257111 357.100170
1363.132666 358.293563
1363.054578 359.490887
1363.009456 360.689997
1362.972823 361.889438
1362.914991 363.087985
1362.810385 364.283267
1362.657402 365.473338
1362.474543 366.659303
1362.295348 367.845831
1362.152756 369.037238
1362.062458 370.233765
1362.002925 371.432273
1361.944762 372.630847
1361.858169 373.827623
1361.724385 375.020035
1361.546346 376.206740
1361.359946 377.392161
1361.195973 378.580810
1361.066830 379.773753
1360.958396 380.968834
1360.836059 382.162533
1360.678405 383.352051
1360.493901 384.537765
1360.310193 385.723604
1360.154460 386.913386
1360.034841 388.107376
1359.925596 389.302380
1359.794377 390.495089
1359.627739 391.683364
1359.437666 392.868198
1359.252181 394.053763
1359.092382 395.243053
1358.947006 396.434215
1358.792116 397.624142
1358.613533 398.810734
1358.420998 399.995183
1358.245966 401.182297
1358.106396 402.374069
1357.993064 403.568691
1357.876221 404.762967
1357.724351 405.953226
1357.517932 407.135235
1357.269306 408.309141
1356.996499 409.477699
1356.712068 410.643498
1356.423409 411.808262
1356.135565 412.973228
1355.854908 414.139940
1355.589500 415.310189
1355.348694 416.485710
1355.135179 417.666510
1354.935362 418.849754
1354.720849 420.030395
1354.463543 421.202395
1354.167870 422.365340
1353.853689 423.523479
1353.545747 424.683271
1353.260293 425.848779
1352.995690 427.019228
1352.730451 428.189530
1352.443868 429.354754
1352.133945 430.514012
1351.815097 431.670877
1351.507698 432.830812
1351.224606 433.996912
1350.960673 435.167526
1350.688043 436.336096
1350.383369 437.496626
1350.036554 438.645247
1349.652114 439.781903
1349.244802 440.910641
1348.834555 442.038334
1348.439016 443.171257
1348.057358 444.308945
1347.672401 445.445496
1347.263537 446.573590
1346.822745 447.689599
1346.359113 448.796388
1345.891250 449.901423
1345.437120 451.012162
1345.008098 452.132826
1344.600693 453.261533
1344.207146 454.395158
1343.818315 455.530416
1343.425077 456.664148
1343.017935 457.792944
1342.587745 458.913144
1342.128485 460.021750
1341.641018 461.118263
1341.136755 462.207166
1340.628341 463.294139
1340.128005 464.384833
1339.643347 465.482572
1339.173516 466.586757
1338.708739 467.693094
1338.235595 468.795865
1337.744926 469.890940
1337.235592 470.977470
1336.711845 472.057137
1336.180389 473.133033
1335.645532 474.207243
1335.109399 475.280817
1334.572870 476.354194
1334.036221 477.427510
1333.499465 478.500772
1332.962382 479.573872
1332.424222 480.646431
1331.883131 481.717513
1331.335537 482.785281
1330.776414 483.847049
1330.201136 484.900147
1329.608488 485.943572
1329.002069 486.979065
1328.388130 488.010121
1327.771185 489.039382
1327.150904 490.066635
1326.523736 491.089695
1325.887359 492.107052
1325.243383 493.119620
1324.596977 494.130638
1323.954326 495.144043
1323.319498 496.162366
1322.691902 497.185166
1322.066216 498.209136
1321.435492 499.230002
1320.795258 500.244927
1320.145133 501.253549
1319.487481 502.257286
1318.825315 503.258053
1318.160904 504.257331
1317.495440 505.255909
1316.829143 506.253931
1316.161322 507.250933
1315.490321 508.245796
1314.813650 509.236805
1314.128856 510.222216
1313.435094 511.201337
1312.734320 512.175458
1312.031019 513.147758
1311.330224 514.121864
1310.634670 515.099719
1309.942993 516.080323
1309.250525 517.060366
1308.552170 518.036222
1307.844929 519.005660
1307.127736 519.967759
1306.400279 520.922117
1305.660960 521.867310
1304.908464 522.802034
1304.144353 523.727287
1303.373496 524.646943
1302.601769 525.565876
1301.832865 526.487168
1301.065863 527.410048
1300.295174 528.329831
1299.513598 529.240345
1298.716312 530.137144
1297.902632 531.019139
1297.074026 531.887132
1296.237400 532.747387
1295.397442 533.604397
1294.558164 534.462074
1293.723559 535.324279
1292.897673 536.194823
1292.084278 537.077064
1291.285457 537.972545
1290.496878 538.877056
1289.704803 539.778507
1288.893683 540.662796
1288.052090 541.517993
1287.178988 542.340964
1286.283735 543.139925
1285.380336 543.929774
1284.480876 544.724082
1283.592129 545.530315
1282.715774 546.350019
1281.850273 547.181211
1280.992681 548.020577
1280.140343 548.865279
1279.289978 549.711965
1278.440422 550.559464
1277.590777 551.406873
1276.740074 552.253219
1275.887005 553.097178
1275.029265 553.936394
1274.162044 554.765803
1273.282645 555.582253
1272.388969 556.383004
1271.481662 557.168290
1270.565023 557.942724
1269.646065 558.714417
1268.731403 559.491179
1267.824024 560.276448
1266.922117 561.068005
1266.019920 561.859233
1265.109960 562.641517
1264.189988 563.411984
1263.261512 564.172182
1262.327735 564.925872
1261.390530 565.675298
1260.448822 566.419050
1259.499513 567.153043
1258.539994 567.873620
1257.570505 568.580751
1256.594593 569.279026
1255.617200 569.975232
1254.641869 570.674318
1253.669027 571.376869
1252.696249 572.079506
1251.720056 572.777379
1250.737998 573.466970
1249.749730 574.147638
1248.756594 574.821192
1247.760479 575.490335
1246.762894 576.157286
1245.764704 576.823332
1244.766316 577.489080
1243.767875 578.154750
1242.769415 578.820391
1241.770953 579.486029
1240.772494 580.151671
1239.774034 580.817312
1238.775567 581.482941
1237.777069 582.148525
1236.778462 582.813946
1235.779477 583.478798
1234.779451 584.142081
1233.776959 584.801627
1232.769552 585.453623
1231.753919 586.092698
1230.726816 586.713131
1229.686497 587.311128
1228.633741 587.886973
1227.571430 588.445043
1226.503124 588.991580
1225.431736 589.532065
1224.359057 590.069986
1223.285972 590.607098
1222.212942 591.144318
1221.140458 591.682629
1220.069433 592.223836
1219.001385 592.770891
1217.938194 593.327327
1216.879608 593.892475
1215.822427 594.460245
1214.760898 595.019798
1213.689847 595.560850
1212.608385 596.080810
1211.520508 596.587281
1210.432075 597.092560
1209.347101 597.605209
1208.266220 598.126440
1207.187353 598.651840
1206.107026 599.174228
1205.021444 599.685596
1203.927022 600.177740
1202.823596 600.649350
1201.713867 601.105951
1200.601369 601.555781
1199.488260 602.004100
1198.374665 602.451207
1197.260181 602.896094
1196.145235 603.339824
1195.030386 603.783794
1193.914375 604.224831
1192.794373 604.655603
1191.668586 605.070998
1190.537291 605.471166
1189.402153 605.860324
1188.264961 606.243457
1187.126908 606.624031
1185.988572 607.003756
1184.850143 607.383202
1183.711614 607.762348
1182.572759 608.140513
1181.432983 608.515889
1180.291176 608.885026
1179.146003 609.243573
1177.996977 609.589584
1176.845970 609.928965
1175.697417 610.276500
1174.553881 610.640197
1173.413043 611.012338
1172.268070 611.371407
1171.112964 611.696203
1169.947301 611.980973
1168.776332 612.243329
1167.605590 612.506673
1166.437088 612.779767
1165.270721 613.061860
1164.105687 613.349423
1162.941145 613.638977
1161.776124 613.926596
1160.609695 614.208425
1159.440771 614.479687
1158.268469 614.735923
1157.093126 614.977881
1155.916498 615.213560
1154.740256 615.451165
1153.564166 615.689516
1152.387636 615.925682
1151.211461 616.163608
1150.037490 616.412151
1148.867058 616.676865
1147.698700 616.950613
1146.529714 617.221631
1145.356860 617.475183
1144.177370 617.695544
1142.990891 617.874677
1141.800135 618.023331
1140.609850 618.175500
1139.422645 618.349917
1138.237937 618.540840
1137.051913 618.723361
1135.860981 618.870112
1134.666528 618.985222
1133.471744 619.096811
1132.279659 619.233607
1131.092087 619.405376
1129.907131 619.594741
1128.719555 619.766492
1127.527468 619.903267
1126.332683 620.014847
1125.138227 620.129920
1123.947262 620.276419
1122.761004 620.457437
1121.575433 620.642843
1120.386083 620.801417
1119.191839 620.917414
1117.994742 621.000347
1116.797662 621.083496
1115.603450 621.199808
1114.414116 621.358512
1113.228435 621.543227
1112.041691 621.721009
1110.849327 621.855127
1109.652341 621.938436
1108.453333 621.986148
1107.253892 622.022797
1106.055078 622.075472
1104.859173 622.173074
1103.668526 622.321692
1102.482297 622.502825
1101.296002 622.683535
1100.105212 622.831062
1098.909103 622.926155
1097.710246 622.977724
1096.510740 623.012148
1095.311444 623.052700
1094.113117 623.115296
1092.916075 623.199351
1091.718566 623.275490
1090.519252 623.306892
1089.319901 623.277171
1088.122335 623.202027
1086.925324 623.117488
1085.727031 623.054184
1084.527749 623.013202
1083.328241 622.978863
1082.129357 622.927973
1080.933034 622.835503
1079.742090 622.689148
1078.555729 622.508870
1077.369591 622.327135
1076.179176 622.176701
1074.983681 622.074054
1073.785279 622.012322
1072.586598 621.956357
1071.389424 621.875715
1070.196162 621.750318
1069.008235 621.581059
1067.822911 621.394026
1066.634309 621.229875
1065.440449 621.110531
1064.242962 621.034553
1063.044198 620.980312
1061.846162 620.912639
1060.651296 620.803474
1059.461580 620.647768
1058.275872 620.463259
1057.089655 620.281971
1055.898924 620.133608
1054.704503 620.018147
1053.509685 619.906929
1052.317511 619.770937
1051.129905 619.599462
1049.945361 619.407538
1048.759138 619.226450
1047.569478 619.069502
1046.378316 618.924126
1045.188760 618.766385
1044.002678 618.584329
1042.818095 618.392663
1041.630303 618.222536
1040.437980 618.087872
1039.243113 617.977164
1038.048768 617.860912
1036.858550 617.708528
1035.673305 617.521118
1034.490258 617.320123
1033.306505 617.123362
1032.122342 616.929050
1030.941694 616.714663
1029.769773 616.457029
1028.606619 616.162156
1027.447331 615.852236
1026.284495 615.556117
1025.113158 615.295894
1023.933685 615.075144
1022.751812 614.867435
1021.574260 614.636989
1020.405252 614.366675
1019.244454 614.062692
1018.086690 613.747129
1016.925241 613.445493
1015.757378 613.169724
1014.586454 612.907165
1013.417594 612.635715
1012.254806 612.339454
1011.098484 612.018756
1009.945187 611.687245
1008.790139 611.361908
1007.631614 611.049186
1006.470582 610.745875
1005.309169 610.444015
1004.149961 610.133832
1002.996297 609.803666
1001.852919 609.439543
1000.719393 609.045791
999.591442 608.636250
998.462246 608.230202
997.326214 607.843817
996.181314 607.484564
995.029194 607.149059
993.874330 606.823052
992.722803 606.485555
991.579037 606.122768
990.445262 605.729890
989.320946 605.310614
988.203177 604.874087
987.088538 604.429592
985.975648 603.980735
984.866332 603.523133
983.762394 603.052712
982.662995 602.571759
981.564341 602.089107
980.462447 601.613922
979.356343 601.148610
978.248799 600.686716
977.143921 600.218495
976.043582 599.739703
974.945581 599.255563
973.845229 598.776803
972.740447 598.308356
971.633417 597.845231
970.529005 597.375940
969.431589 596.890570
968.342724 596.386302
967.261093 595.866656
966.184102 595.337431
965.109452 594.803459
964.035744 594.267596
962.962340 593.731122
961.889009 593.194501
960.815694 592.657850
959.742389 592.121179
958.669116 591.584443
957.595979 591.047436
956.523307 590.509501
955.451943 589.968969
954.383589 589.422523
953.320825 588.865305
952.266358 588.292567
951.221459 587.702553
950.184787 587.098174
949.153065 586.485360
948.123509 585.868909
947.095860 585.249283
946.072233 584.623037
945.054902 583.986619
944.044386 583.339434
943.039199 582.683999
942.036835 582.024253
941.034576 581.364345
940.029734 580.708380
939.019821 580.060249
938.003414 579.422351
936.981277 578.793673
935.957044 578.168416
934.935388 577.538963
933.919779 576.899803
932.911470 576.249188
931.910258 575.587704
930.915908 574.915949
929.928864 574.233505
928.949649 573.539869
927.977819 572.835921
927.011652 572.124217
926.048830 571.407995
925.087599 570.689640
924.127193 569.970181
923.167152 569.250237
922.207107 568.530296
921.246959 567.810494
920.286854 567.090634
919.326999 566.370441
918.367785 565.649394
917.410444 564.925864
916.460353 564.192937
915.531013 563.433775
