624.000 404.000
623.000 405.000
623.000 406.000
623.000 407.000
623.000 408.000
623.000 409.000
623.000 410.000
623.000 411.000
623.000 412.000
624.000 413.000
624.000 414.000
624.000 415.000
624.000 416.000
624.000 417.000
624.000 418.000
624.000 419.000
624.000 420.000
624.000 421.000
624.000 422.000
624.000 423.000
624.000 424.000
624.000 425.000
624.000 426.000
624.000 427.000
624.000 428.000
624.000 429.000
624.000 430.000
624.000 431.000
624.000 432.000
624.000 433.000
624.000 434.000
624.000 435.000
624.000 436.000
624.000 437.000
624.000 438.000
624.000 439.000
624.000 440.000
624.000 441.000
624.000 442.000
624.000 443.000
624.000 444.000
624.000 445.000
624.000 446.000
624.000 447.000
624.000 448.000
624.000 449.000
624.000 450.000
624.000 451.000
624.000 452.000
624.000 453.000
624.000 454.000
624.000 455.000
624.000 456.000
624.000 457.000
624.000 458.000
624.000 459.000
624.000 460.000
624.000 461.000
624.000 462.000
624.000 463.000
624.000 464.000
624.000 465.000
624.000 466.000
624.000 467.000
623.000 468.000
622.000 469.000
622.000 470.000
621.000 471.000
620.000 472.000
619.000 473.000
618.000 474.000
617.000 475.000
617.000 476.000
616.000 477.000
615.000 478.000
614.000 479.000
613.000 480.000
613.000 481.000
612.000 482.000
611.000 483.000
610.000 484.000
609.000 485.000
609.000 486.000
608.000 487.000
607.000 488.000
606.000 489.000
605.000 490.000
605.000 491.000
604.000 492.000
603.000 493.000
602.000 494.000
601.000 495.000
601.000 496.000
600.000 497.000
599.000 498.000
598.000 499.000
597.000 500.000
597.000 501.000
596.000 502.000
595.000 503.000
594.000 504.000
593.000 505.000
592.000 506.000
591.000 507.000
590.000 508.000
589.000 509.000
589.000 510.000
588.000 511.000
587.000 512.000
586.000 513.000
585.000 514.000
584.000 515.000
583.000 516.000
582.000 517.000
581.000 518.000
580.000 519.000
579.000 520.000
578.000 521.000
577.000 522.000
576.000 523.000
575.000 524.000
574.000 525.000
573.000 526.000
572.000 527.000
571.000 528.000
570.000 529.000
569.000 530.000
568.000 531.000
567.000 532.000
566.000 533.000
565.000 534.000
564.000 535.000
563.000 536.000
562.000 537.000
561.000 538.000
560.000 539.000
559.000 540.000
558.000 541.000
557.000 542.000
556.000 543.000
555.000 544.000
554.000 545.000
553.000 546.000
552.000 547.000
551.000 547.000
550.000 548.000
549.000 549.000
548.000 550.000
547.000 551.000
546.000 552.000
545.000 553.000
544.000 554.000
543.000 555.000
542.000 555.000
541.000 556.000
540.000 557.000
539.000 558.000
538.000 559.000
537.000 560.000
536.000 561.000
535.000 561.000
534.000 562.000
533.000 563.000
532.000 563.000
531.000 564.000
530.000 565.000
529.000 566.000
528.000 567.000
527.000 567.000
526.000 568.000
525.000 569.000
524.000 570.000
523.000 570.000
522.000 571.000
521.000 572.000
520.000 572.000
519.000 573.000
518.000 574.000
517.000 574.000
516.000 575.000
515.000 576.000
514.000 577.000
513.000 577.000
512.000 578.000
511.000 579.000
510.000 579.000
509.000 580.000
508.000 581.000
507.000 581.000
506.000 582.000
505.000 583.000
504.000 583.000
503.000 584.000
502.000 584.000
501.000 585.000
500.000 585.000
499.000 586.000
498.000 587.000
497.000 587.000
496.000 588.000
495.000 589.000
494.000 589.000
493.000 589.000
492.000 590.000
491.000 591.000
490.000 591.000
489.000 592.000
488.000 592.000
487.000 593.000
486.000 593.000
485.000 594.000
484.000 594.000
483.000 595.000
482.000 595.000
481.000 596.000
480.000 596.000
479.000 597.000
478.000 597.000
477.000 597.000
476.000 598.000
475.000 599.000
474.000 599.000
473.000 599.000
472.000 600.000
471.000 600.000
470.000 600.000
469.000 601.000
468.000 601.000
467.000 602.000
466.000 602.000
465.000 603.000
464.000 603.000
463.000 604.000
462.000 604.000
461.000 604.000
460.000 605.000
459.000 605.000
458.000 605.000
457.000 606.000
456.000 606.000
455.000 607.000
454.000 607.000
453.000 607.000
452.000 608.000
451.000 608.000
450.000 608.000
449.000 608.000
448.000 609.000
447.000 609.000
446.000 609.000
445.000 610.000
444.000 610.000
443.000 610.000
442.000 611.000
441.000 611.000
440.000 611.000
439.000 612.000
438.000 612.000
437.000 612.000
436.000 613.000
435.000 613.000
434.000 613.000
433.000 613.000
432.000 613.000
431.000 614.000
430.000 614.000
429.000 614.000
428.000 614.000
427.000 615.000
426.000 615.000
425.000 615.000
424.000 615.000
423.000 615.000
422.000 615.000
421.000 616.000
420.000 616.000
419.000 616.000
418.000 617.000
417.000 617.000
416.000 617.000
415.000 617.000
414.000 617.000
413.000 617.000
412.000 617.000
411.000 618.000
410.000 618.000
409.000 618.000
408.000 618.000
407.000 618.000
406.000 618.000
405.000 618.000
404.000 619.000
403.000 619.000
402.000 619.000
401.000 619.000
400.000 619.000
399.000 619.000
398.000 619.000
397.000 619.000
396.000 620.000
395.000 620.000
394.000 620.000
393.000 620.000
392.000 620.000
391.000 620.000
390.000 620.000
389.000 620.000
388.000 621.000
387.000 621.000
386.000 621.000
385.000 621.000
384.000 621.000
383.000 621.000
382.000 621.000
381.000 621.000
380.000 621.000
379.000 622.000
378.000 622.000
377.000 622.000
376.000 622.000
375.000 622.000
374.000 622.000
373.000 622.000
372.000 622.000
371.000 622.000
370.000 622.000
369.000 623.000
368.000 623.000
367.000 623.000
366.000 623.000
365.000 623.000
364.000 623.000
363.000 623.000
362.000 623.000
361.000 623.000
360.000 623.000
359.000 623.000
358.000 624.000
357.000 623.000
356.000 623.000
355.000 623.000
354.000 623.000
353.000 623.000
352.000 623.000
351.000 623.000
350.000 623.000
349.000 623.000
348.000 623.000
347.000 623.000
346.000 622.000
345.000 622.000
344.000 622.000
343.000 622.000
342.000 622.000
341.000 622.000
340.000 622.000
339.000 622.000
338.000 622.000
337.000 622.000
336.000 621.000
335.000 621.000
334.000 621.000
333.000 621.000
332.000 621.000
331.000 621.000
330.000 621.000
329.000 621.000
328.000 621.000
327.000 621.000
326.000 620.000
325.000 620.000
324.000 620.000
323.000 620.000
322.000 620.000
321.000 620.000
320.000 620.000
319.000 619.000
318.000 619.000
317.000 619.000
316.000 619.000
315.000 619.000
314.000 619.000
313.000 619.000
312.000 619.000
311.000 619.000
310.000 618.000
309.000 618.000
308.000 618.000
307.000 618.000
306.000 618.000
305.000 618.000
304.000 618.000
303.000 617.000
302.000 617.000
301.000 617.000
300.000 617.000
299.000 617.000
298.000 617.000
297.000 616.000
296.000 616.000
295.000 616.000
294.000 615.000
293.000 615.000
292.000 615.000
291.000 615.000
290.000 615.000
289.000 615.000
288.000 614.000
287.000 614.000
286.000 614.000
285.000 614.000
284.000 613.000
283.000 613.000
282.000 613.000
281.000 613.000
280.000 612.000
279.000 612.000
278.000 612.000
277.000 612.000
276.000 611.000
275.000 611.000
274.000 611.000
273.000 610.000
272.000 610.000
271.000 610.000
270.000 610.000
269.000 609.000
268.000 609.000
267.000 609.000
266.000 608.000
265.000 608.000
264.000 607.000
263.000 607.000
262.000 607.000
261.000 606.000
260.000 606.000
259.000 606.000
258.000 605.000
257.000 605.000
256.000 605.000
255.000 604.000
254.000 604.000
253.000 604.000
252.000 603.000
251.000 603.000
250.000 602.000
249.000 602.000
248.000 601.000
247.000 601.000
246.000 601.000
245.000 600.000
244.000 600.000
243.000 599.000
242.000 599.000
241.000 599.000
240.000 598.000
239.000 598.000
238.000 597.000
237.000 596.000
236.000 596.000
235.000 596.000
234.000 595.000
233.000 595.000
232.000 594.000
231.000 593.000
230.000 593.000
229.000 593.000
228.000 592.000
227.000 592.000
226.000 591.000
225.000 591.000
224.000 590.000
223.000 590.000
222.000 589.000
221.000 588.000
220.000 588.000
219.000 587.000
218.000 587.000
217.000 586.000
216.000 586.000
215.000 585.000
214.000 585.000
213.000 584.000
212.000 583.000
211.000 583.000
210.000 582.000
209.000 581.000
208.000 581.000
207.000 580.000
206.000 580.000
205.000 579.000
204.000 578.000
203.000 578.000
202.000 577.000
201.000 576.000
200.000 576.000
199.000 575.000
198.000 574.000
197.000 574.000
196.000 573.000
195.000 572.000
194.000 571.000
193.000 570.000
192.000 570.000
191.000 569.000
190.000 568.000
189.000 567.000
188.000 566.000
187.000 566.000
186.000 565.000
185.000 564.000
184.000 563.000
183.000 562.000
182.000 562.000
181.000 561.000
180.000 560.000
179.000 559.000
178.000 558.000
177.000 557.000
176.000 557.000
175.000 556.000
174.000 555.000
173.000 554.000
172.000 553.000
171.000 552.000
170.000 551.000
169.000 550.000
168.000 550.000
167.000 549.000
166.000 548.000
165.000 547.000
164.000 546.000
163.000 545.000
162.000 544.000
161.000 543.000
160.000 542.000
159.000 541.000
158.000 540.000
157.000 539.000
156.000 538.000
155.000 537.000
154.000 536.000
153.000 535.000
152.000 534.000
151.000 533.000
151.000 532.000
150.000 531.000
149.000 530.000
148.000 529.000
147.000 528.000
146.000 527.000
145.000 526.000
145.000 525.000
144.000 524.000
143.000 523.000
142.000 522.000
141.000 521.000
141.000 520.000
140.000 519.000
139.000 518.000
138.000 517.000
138.000 516.000
137.000 515.000
136.000 514.000
135.000 513.000
135.000 512.000
134.000 511.000
133.000 510.000
132.000 509.000
132.000 508.000
131.000 507.000
130.000 506.000
130.000 505.000
129.000 504.000
128.000 503.000
127.000 502.000
127.000 501.000
126.000 500.000
126.000 499.000
125.000 498.000
124.000 497.000
124.000 496.000
123.000 495.000
122.000 494.000
122.000 493.000
121.000 492.000
121.000 491.000
120.000 490.000
120.000 489.000
119.000 488.000
119.000 487.000
118.000 486.000
117.000 485.000
117.000 484.000
116.000 483.000
116.000 482.000
115.000 481.000
114.000 480.000
114.000 479.000
113.000 478.000
113.000 477.000
112.000 476.000
112.000 475.000
111.000 474.000
111.000 473.000
111.000 472.000
110.000 471.000
110.000 470.000
109.000 469.000
109.000 468.000
108.000 467.000
108.000 466.000
107.000 465.000
107.000 464.000
106.000 463.000
106.000 462.000
106.000 461.000
105.000 460.000
105.000 459.000
105.000 458.000
104.000 457.000
104.000 456.000
103.000 455.000
103.000 454.000
102.000 453.000
102.000 452.000
102.000 451.000
101.000 450.000
101.000 449.000
101.000 448.000
100.000 447.000
100.000 446.000
99.000 445.000
99.000 444.000
99.000 443.000
98.000 442.000
98.000 441.000
98.000 440.000
98.000 439.000
97.000 438.000
97.000 437.000
97.000 436.000
96.000 435.000
96.000 434.000
96.000 433.000
95.000 432.000
95.000 431.000
95.000 430.000
95.000 429.000
95.000 428.000
94.000 427.000
94.000 426.000
94.000 425.000
93.000 424.000
93.000 423.000
93.000 422.000
93.000 421.000
93.000 420.000
93.000 419.000
92.000 418.000
92.000 417.000
92.000 416.000
92.000 415.000
92.000 414.000
91.000 413.000
91.000 412.000
91.000 411.000
91.000 410.000
91.000 409.000
91.000 408.000
90.000 407.000
90.000 406.000
90.000 405.000
90.000 404.000
89.000 403.000
89.000 402.000
89.000 401.000
89.000 400.000
89.000 399.000
89.000 398.000
89.000 397.000
88.000 396.000
88.000 395.000
88.000 394.000
88.000 393.000
88.000 392.000
88.000 391.000
88.000 390.000
88.000 389.000
87.000 388.000
87.000 387.000
87.000 386.000
87.000 385.000
87.000 384.000
87.000 383.000
87.000 382.000
86.000 381.000
86.000 380.000
86.000 379.000
86.000 378.000
86.000 377.000
86.000 376.000
86.000 375.000
86.000 374.000
86.000 373.000
85.000 372.000
85.000 371.000
85.000 370.000
85.000 369.000
85.000 368.000
85.000 367.000
85.000 366.000
85.000 365.000
85.000 364.000
84.000 363.000
84.000 362.000
84.000 361.000
84.000 360.000
84.000 359.000
84.000 358.000
84.000 357.000
84.000 356.000
84.000 355.000
84.000 354.000
84.000 353.000
84.000 352.000
84.000 351.000
84.000 350.000
84.000 349.000
84.000 348.000
84.000 347.000
84.000 346.000
84.000 345.000
84.000 344.000
84.000 343.000
85.000 342.000
85.000 341.000
85.000 340.000
85.000 339.000
85.000 338.000
85.000 337.000
85.000 336.000
85.000 335.000
85.000 334.000
86.000 333.000
86.000 332.000
86.000 331.000
86.000 330.000
86.000 329.000
86.000 328.000
86.000 327.000
86.000 326.000
86.000 325.000
87.000 324.000
87.000 323.000
87.000 322.000
87.000 321.000
87.000 320.000
87.000 319.000
87.000 318.000
88.000 317.000
88.000 316.000
88.000 315.000
88.000 314.000
88.000 313.000
88.000 312.000
88.000 311.000
88.000 310.000
89.000 309.000
89.000 308.000
89.000 307.000
89.000 306.000
89.000 305.000
89.000 304.000
89.000 303.000
90.000 302.000
90.000 301.000
90.000 300.000
90.000 299.000
90.000 298.000
90.000 297.000
91.000 296.000
91.000 295.000
91.000 294.000
92.000 293.000
92.000 292.000
92.000 291.000
92.000 290.000
92.000 289.000
92.000 288.000
92.000 287.000
93.000 286.000
93.000 285.000
93.000 284.000
93.000 283.000
93.000 282.000
93.000 281.000
94.000 280.000
94.000 279.000
94.000 278.000
95.000 277.000
95.000 276.000
95.000 275.000
95.000 274.000
96.000 273.000
96.000 272.000
96.000 271.000
96.000 270.000
97.000 269.000
97.000 268.000
98.000 267.000
98.000 266.000
98.000 265.000
98.000 264.000
99.000 263.000
99.000 262.000
99.000 261.000
100.000 260.000
100.000 259.000
101.000 258.000
101.000 257.000
101.000 256.000
102.000 255.000
102.000 254.000
102.000 253.000
102.000 252.000
103.000 251.000
103.000 250.000
104.000 249.000
104.000 248.000
105.000 247.000
105.000 246.000
105.000 245.000
106.000 244.000
107.000 243.000
107.000 242.000
107.000 241.000
108.000 240.000
108.000 239.000
109.000 238.000
109.000 237.000
110.000 236.000
110.000 235.000
111.000 234.000
111.000 233.000
111.000 232.000
112.000 231.000
113.000 230.000
113.000 229.000
114.000 228.000
114.000 227.000
115.000 226.000
115.000 225.000
115.000 224.000
116.000 223.000
117.000 222.000
118.000 221.000
118.000 220.000
119.000 219.000
119.000 218.000
120.000 217.000
120.000 216.000
121.000 215.000
122.000 214.000
122.000 213.000
123.000 212.000
123.000 211.000
124.000 210.000
125.000 209.000
126.000 208.000
126.000 207.000
126.000 206.000
127.000 205.000
128.000 204.000
129.000 203.000
129.000 202.000
130.000 201.000
131.000 200.000
131.000 199.000
132.000 198.000
133.000 197.000
133.000 196.000
134.000 195.000
135.000 194.000
135.000 193.000
136.000 192.000
137.000 191.000
138.000 190.000
139.000 189.000
139.000 188.000
140.000 187.000
141.000 186.000
142.000 185.000
143.000 184.000
144.000 183.000
145.000 182.000
145.000 181.000
146.000 180.000
147.000 179.000
148.000 178.000
149.000 177.000
149.000 176.000
150.000 175.000
151.000 174.000
152.000 173.000
153.000 172.000
154.000 171.000
155.000 170.000
156.000 169.000
157.000 168.000
158.000 167.000
159.000 166.000
160.000 165.000
161.000 164.000
161.000 163.000
162.000 162.000
163.000 162.000
164.000 161.000
165.000 160.000
166.000 159.000
167.000 158.000
168.000 157.000
169.000 156.000
170.000 155.000
171.000 154.000
172.000 153.000
173.000 152.000
174.000 151.000
175.000 150.000
176.000 150.000
177.000 149.000
178.000 148.000
179.000 147.000
180.000 146.000
181.000 145.000
182.000 145.000
183.000 144.000
184.000 143.000
185.000 142.000
186.000 142.000
187.000 141.000
188.000 140.000
189.000 139.000
190.000 138.000
191.000 138.000
192.000 137.000
193.000 136.000
194.000 135.000
195.000 134.000
196.000 134.000
197.000 133.000
198.000 132.000
199.000 131.000
200.000 131.000
201.000 130.000
202.000 129.000
203.000 129.000
204.000 128.000
205.000 128.000
206.000 127.000
207.000 126.000
208.000 126.000
209.000 125.000
210.000 124.000
211.000 124.000
212.000 123.000
213.000 123.000
214.000 122.000
215.000 121.000
216.000 121.000
217.000 120.000
218.000 120.000
219.000 119.000
220.000 118.000
221.000 118.000
222.000 117.000
223.000 117.000
224.000 116.000
225.000 116.000
226.000 115.000
227.000 115.000
228.000 114.000
229.000 114.000
230.000 113.000
231.000 112.000
232.000 112.000
233.000 112.000
234.000 111.000
235.000 111.000
236.000 110.000
237.000 110.000
238.000 109.000
239.000 109.000
240.000 108.000
241.000 108.000
242.000 107.000
243.000 107.000
244.000 107.000
245.000 106.000
246.000 105.000
247.000 105.000
248.000 105.000
249.000 104.000
250.000 104.000
251.000 103.000
252.000 103.000
253.000 103.000
254.000 102.000
255.000 102.000
256.000 102.000
257.000 101.000
258.000 101.000
259.000 100.000
260.000 100.000
261.000 99.000
262.000 99.000
263.000 99.000
264.000 99.000
265.000 98.000
266.000 98.000
267.000 98.000
268.000 97.000
269.000 97.000
270.000 97.000
271.000 96.000
272.000 96.000
273.000 96.000
274.000 95.000
275.000 95.000
276.000 95.000
277.000 95.000
278.000 94.000
279.000 94.000
280.000 94.000
281.000 93.000
282.000 93.000
283.000 93.000
284.000 92.000
285.000 92.000
286.000 92.000
287.000 92.000
288.000 92.000
289.000 91.000
290.000 91.000
291.000 91.000
292.000 91.000
293.000 90.000
294.000 90.000
295.000 90.000
296.000 90.000
297.000 90.000
298.000 90.000
299.000 89.000
300.000 89.000
301.000 89.000
302.000 89.000
303.000 89.000
304.000 88.000
305.000 88.000
306.000 88.000
307.000 88.000
308.000 88.000
309.000 87.000
310.000 87.000
311.000 87.000
312.000 87.000
313.000 87.000
314.000 87.000
315.000 87.000
316.000 86.000
317.000 86.000
318.000 86.000
319.000 86.000
320.000 86.000
321.000 86.000
322.000 86.000
323.000 85.000
324.000 85.000
325.000 85.000
326.000 85.000
327.000 85.000
328.000 85.000
329.000 85.000
330.000 85.000
331.000 85.000
332.000 84.000
333.000 84.000
334.000 84.000
335.000 84.000
336.000 84.000
337.000 84.000
338.000 84.000
339.000 84.000
340.000 84.000
341.000 83.000
342.000 83.000
343.000 83.000
344.000 83.000
345.000 83.000
346.000 83.000
347.000 83.000
348.000 83.000
349.000 83.000
350.000 83.000
351.000 83.000
352.000 82.000
353.000 82.000
354.000 82.000
355.000 82.000
356.000 82.000
357.000 82.000
358.000 82.000
359.000 82.000
360.000 82.000
361.000 82.000
362.000 82.000
363.000 82.000
364.000 82.000
365.000 82.000
366.000 82.000
367.000 82.000
368.000 82.000
369.000 82.000
370.000 83.000
371.000 83.000
372.000 83.000
373.000 83.000
374.000 83.000
375.000 83.000
376.000 83.000
377.000 83.000
378.000 83.000
379.000 83.000
380.000 83.000
381.000 84.000
382.000 84.000
383.000 84.000
384.000 84.000
385.000 84.000
386.000 84.000
387.000 84.000
388.000 84.000
389.000 84.000
390.000 85.000
391.000 85.000
392.000 85.000
393.000 85.000
394.000 85.000
395.000 85.000
396.000 85.000
397.000 85.000
398.000 85.000
399.000 86.000
400.000 86.000
401.000 86.000
402.000 86.000
403.000 86.000
404.000 86.000
405.000 86.000
406.000 86.000
407.000 86.000
408.000 87.000
409.000 87.000
410.000 87.000
411.000 87.000
412.000 87.000
413.000 87.000
414.000 87.000
415.000 88.000
416.000 88.000
417.000 88.000
418.000 88.000
419.000 89.000
420.000 89.000
421.000 89.000
422.000 89.000
423.000 89.000
424.000 90.000
425.000 90.000
426.000 90.000
427.000 90.000
428.000 91.000
429.000 91.000
430.000 91.000
431.000 91.000
432.000 91.000
433.000 91.000
434.000 92.000
435.000 92.000
436.000 92.000
437.000 93.000
438.000 93.000
439.000 93.000
440.000 93.000
441.000 93.000
442.000 94.000
443.000 94.000
444.000 95.000
445.000 95.000
446.000 95.000
447.000 95.000
448.000 96.000
449.000 96.000
450.000 96.000
451.000 97.000
452.000 97.000
453.000 98.000
454.000 98.000
455.000 98.000
456.000 98.000
457.000 99.000
458.000 99.000
459.000 100.000
460.000 100.000
461.000 100.000
462.000 100.000
463.000 101.000
464.000 101.000
465.000 102.000
466.000 102.000
467.000 102.000
468.000 103.000
469.000 103.000
470.000 104.000
471.000 104.000
472.000 104.000
473.000 105.000
474.000 105.000
475.000 106.000
476.000 106.000
477.000 107.000
478.000 107.000
479.000 108.000
480.000 108.000
481.000 108.000
482.000 109.000
483.000 109.000
484.000 110.000
485.000 110.000
486.000 111.000
487.000 111.000
488.000 112.000
489.000 112.000
490.000 112.000
491.000 113.000
492.000 114.000
493.000 114.000
494.000 115.000
495.000 115.000
496.000 116.000
497.000 116.000
498.000 117.000
499.000 117.000
500.000 118.000
501.000 119.000
502.000 119.000
503.000 119.000
504.000 120.000
505.000 121.000
506.000 121.000
507.000 122.000
508.000 123.000
509.000 123.000
510.000 124.000
511.000 124.000
512.000 125.000
513.000 126.000
514.000 126.000
515.000 127.000
516.000 128.000
517.000 128.000
518.000 129.000
519.000 129.000
520.000 130.000
521.000 131.000
522.000 131.000
523.000 132.000
524.000 133.000
525.000 134.000
526.000 134.000
527.000 135.000
528.000 136.000
529.000 136.000
530.000 137.000
531.000 138.000
532.000 139.000
533.000 139.000
534.000 140.000
535.000 141.000
536.000 142.000
537.000 143.000
538.000 143.000
539.000 144.000
540.000 145.000
541.000 146.000
542.000 147.000
543.000 147.000
544.000 148.000
545.000 149.000
546.000 150.000
547.000 151.000
548.000 152.000
549.000 152.000
550.000 153.000
551.000 154.000
552.000 155.000
553.000 156.000
554.000 157.000
555.000 158.000
556.000 158.000
557.000 159.000
558.000 160.000
559.000 161.000
560.000 162.000
561.000 163.000
562.000 164.000
563.000 165.000
564.000 165.000
565.000 166.000
566.000 167.000
567.000 168.000
568.000 169.000
569.000 170.000
570.000 171.000
571.000 172.000
572.000 173.000
573.000 174.000
574.000 175.000
575.000 176.000
576.000 177.000
577.000 178.000
578.000 179.000
579.000 180.000
580.000 181.000
581.000 182.000
582.000 183.000
583.000 184.000
584.000 185.000
585.000 186.000
586.000 187.000
587.000 188.000
587.000 189.000
588.000 190.000
589.000 191.000
590.000 192.000
591.000 193.000
592.000 194.000
593.000 195.000
594.000 196.000
594.000 197.000
595.000 198.000
596.000 199.000
597.000 200.000
598.000 201.000
599.000 202.000
600.000 203.000
601.000 204.000
601.000 205.000
602.000 206.000
603.000 207.000
604.000 208.000
605.000 209.000
606.000 210.000
607.000 211.000
607.000 212.000
608.000 213.000
609.000 214.000
610.000 215.000
611.000 216.000
612.000 217.000
612.000 218.000
613.000 219.000
614.000 220.000
615.000 221.000
616.000 222.000
617.000 223.000
617.000 224.000
618.000 225.000
619.000 226.000
620.000 227.000
621.000 228.000
621.000 229.000
622.000 230.000
623.000 231.000
624.000 232.000
625.000 233.000
625.000 234.000
626.000 235.000
627.000 236.000
628.000 237.000
629.000 238.000
630.000 239.000
630.000 240.000
631.000 241.000
632.000 242.000
633.000 243.000
634.000 244.000
635.000 245.000
636.000 246.000
637.000 247.000
637.000 248.000
638.000 249.000
639.000 250.000
640.000 251.000
641.000 252.000
641.000 253.000
642.000 254.000
643.000 255.000
644.000 256.000
645.000 257.000
645.000 258.000
646.000 259.000
647.000 260.000
648.000 261.000
649.000 262.000
650.000 263.000
651.000 264.000
651.000 265.000
652.000 266.000
653.000 267.000
654.000 268.000
655.000 269.000
656.000 270.000
656.000 271.000
657.000 272.000
658.000 273.000
659.000 274.000
660.000 275.000
661.000 276.000
661.000 277.000
662.000 278.000
663.000 279.000
664.000 280.000
665.000 281.000
666.000 282.000
666.000 283.000
667.000 284.000
668.000 285.000
669.000 286.000
670.000 287.000
671.000 288.000
672.000 289.000
673.000 290.000
674.000 291.000
675.000 292.000
676.000 293.000
677.000 294.000
678.000 295.000
679.000 295.000
680.000 295.000
681.000 296.000
682.000 296.000
683.000 296.000
684.000 297.000
685.000 297.000
686.000 298.000
687.000 298.000
688.000 298.000
689.000 299.000
690.000 299.000
691.000 299.000
692.000 300.000
693.000 300.000
694.000 300.000
695.000 301.000
696.000 301.000
697.000 302.000
698.000 302.000
699.000 302.000
700.000 303.000
701.000 303.000
702.000 303.000
703.000 304.000
704.000 304.000
705.000 304.000
706.000 305.000
707.000 305.000
708.000 305.000
709.000 306.000
710.000 306.000
711.000 307.000
712.000 307.000
713.000 307.000
714.000 308.000
715.000 308.000
716.000 308.000
717.000 309.000
718.000 309.000
719.000 310.000
720.000 310.000
721.000 310.000
722.000 311.000
723.000 311.000
724.000 311.000
725.000 310.000
726.000 310.000
727.000 310.000
728.000 309.000
729.000 309.000
730.000 309.000
731.000 308.000
732.000 308.000
733.000 308.000
734.000 307.000
735.000 307.000
736.000 306.000
737.000 306.000
738.000 306.000
739.000 305.000
740.000 305.000
741.000 305.000
742.000 304.000
743.000 304.000
744.000 304.000
745.000 303.000
746.000 303.000
747.000 303.000
748.000 302.000
749.000 302.000
750.000 301.000
751.000 301.000
752.000 301.000
753.000 300.000
754.000 300.000
755.000 300.000
756.000 299.000
757.000 299.000
758.000 298.000
759.000 298.000
760.000 298.000
761.000 297.000
762.000 297.000
763.000 297.000
764.000 296.000
765.000 296.000
766.000 295.000
767.000 295.000
768.000 295.000
769.000 294.000
770.000 294.000
771.000 293.000
772.000 292.000
773.000 291.000
774.000 290.000
775.000 289.000
776.000 288.000
777.000 287.000
778.000 286.000
779.000 285.000
779.000 284.000
780.000 283.000
781.000 282.000
782.000 281.000
783.000 280.000
783.000 279.000
784.000 278.000
785.000 277.000
786.000 276.000
787.000 275.000
787.000 274.000
788.000 273.000
789.000 272.000
790.000 271.000
791.000 270.000
792.000 269.000
792.000 268.000
793.000 267.000
794.000 266.000
795.000 265.000
796.000 264.000
797.000 263.000
798.000 262.000
798.000 261.000
799.000 260.000
800.000 259.000
801.000 258.000
802.000 257.000
803.000 256.000
803.000 255.000
804.000 254.000
805.000 253.000
806.000 252.000
807.000 251.000
808.000 250.000
809.000 249.000
810.000 248.000
810.000 247.000
811.000 246.000
812.000 245.000
813.000 244.000
814.000 243.000
815.000 242.000
815.000 241.000
816.000 240.000
817.000 239.000
818.000 238.000
819.000 237.000
820.000 236.000
820.000 235.000
821.000 234.000
822.000 233.000
823.000 232.000
824.000 231.000
825.000 230.000
825.000 229.000
826.000 228.000
827.000 227.000
828.000 226.000
829.000 225.000
830.000 224.000
830.000 223.000
831.000 222.000
832.000 221.000
833.000 220.000
834.000 219.000
835.000 218.000
836.000 217.000
836.000 216.000
837.000 215.000
838.000 214.000
839.000 213.000
840.000 212.000
841.000 211.000
842.000 210.000
842.000 209.000
843.000 208.000
844.000 207.000
845.000 206.000
846.000 205.000
847.000 204.000
847.000 203.000
848.000 202.000
849.000 201.000
850.000 200.000
851.000 199.000
852.000 198.000
853.000 197.000
854.000 196.000
854.000 195.000
855.000 194.000
856.000 193.000
857.000 192.000
858.000 191.000
859.000 190.000
860.000 189.000
860.000 188.000
861.000 187.000
862.000 186.000
863.000 185.000
864.000 184.000
865.000 183.000
866.000 182.000
867.000 181.000
868.000 180.000
869.000 179.000
870.000 178.000
871.000 177.000
872.000 176.000
873.000 175.000
874.000 174.000
875.000 173.000
876.000 172.000
877.000 171.000
878.000 170.000
879.000 169.000
880.000 168.000
881.000 167.000
882.000 166.000
883.000 165.000
884.000 164.000
885.000 163.000
886.000 162.000
887.000 162.000
888.000 161.000
889.000 160.000
890.000 159.000
891.000 159.000
892.000 158.000
893.000 157.000
894.000 156.000
895.000 155.000
896.000 154.000
897.000 154.000
898.000 153.000
899.000 152.000
900.000 151.000
901.000 150.000
902.000 150.000
903.000 149.000
904.000 148.000
905.000 147.000
906.000 147.000
907.000 146.000
908.000 145.000
909.000 144.000
910.000 143.000
911.000 142.000
912.000 142.000
913.000 141.000
914.000 140.000
915.000 139.000
916.000 138.000
917.000 138.000
918.000 137.000
919.000 136.000
920.000 135.000
921.000 135.000
922.000 134.000
923.000 133.000
924.000 133.000
925.000 132.000
926.000 131.000
927.000 130.000
928.000 130.000
929.000 129.000
930.000 129.000
931.000 128.000
932.000 127.000
933.000 127.000
934.000 126.000
935.000 126.000
936.000 125.000
937.000 124.000
938.000 124.000
939.000 123.000
940.000 123.000
941.000 122.000
942.000 121.000
943.000 121.000
944.000 120.000
945.000 120.000
946.000 119.000
947.000 119.000
948.000 118.000
949.000 118.000
950.000 117.000
951.000 116.000
952.000 116.000
953.000 115.000
954.000 115.000
955.000 114.000
956.000 114.000
957.000 113.000
958.000 113.000
959.000 112.000
960.000 112.000
961.000 111.000
962.000 111.000
963.000 110.000
964.000 110.000
965.000 109.000
966.000 109.000
967.000 108.000
968.000 108.000
969.000 107.000
970.000 107.000
971.000 106.000
972.000 106.000
973.000 106.000
974.000 105.000
975.000 105.000
976.000 104.000
977.000 104.000
978.000 104.000
979.000 103.000
980.000 103.000
981.000 103.000
982.000 102.000
983.000 102.000
984.000 101.000
985.000 101.000
986.000 100.000
987.000 100.000
988.000 100.000
989.000 99.000
990.000 99.000
991.000 99.000
992.000 98.000
993.000 98.000
994.000 98.000
995.000 97.000
996.000 97.000
997.000 96.000
998.000 96.000
999.000 96.000
1000.000 95.000
1001.000 95.000
1002.000 95.000
1003.000 95.000
1004.000 94.000
1005.000 94.000
1006.000 94.000
1007.000 93.000
1008.000 93.000
1009.000 93.000
1010.000 93.000
1011.000 93.000
1012.000 92.000
1013.000 92.000
1014.000 92.000
1015.000 91.000
1016.000 91.000
1017.000 91.000
1018.000 91.000
1019.000 91.000
1020.000 91.000
1021.000 90.000
1022.000 90.000
1023.000 90.000
1024.000 89.000
1025.000 89.000
1026.000 89.000
1027.000 89.000
1028.000 89.000
1029.000 89.000
1030.000 88.000
1031.000 88.000
1032.000 88.000
1033.000 88.000
1034.000 87.000
1035.000 87.000
1036.000 87.000
1037.000 87.000
1038.000 87.000
1039.000 87.000
1040.000 87.000
1041.000 86.000
1042.000 86.000
1043.000 86.000
1044.000 86.000
1045.000 86.000
1046.000 86.000
1047.000 86.000
1048.000 86.000
1049.000 85.000
1050.000 85.000
1051.000 85.000
1052.000 85.000
1053.000 85.000
1054.000 85.000
1055.000 85.000
1056.000 85.000
1057.000 84.000
1058.000 84.000
1059.000 84.000
1060.000 84.000
1061.000 84.000
1062.000 84.000
1063.000 84.000
1064.000 84.000
1065.000 84.000
1066.000 84.000
1067.000 83.000
1068.000 83.000
1069.000 83.000
1070.000 83.000
1071.000 83.000
1072.000 83.000
1073.000 83.000
1074.000 83.000
1075.000 83.000
1076.000 83.000
1077.000 83.000
1078.000 82.000
1079.000 82.000
1080.000 82.000
1081.000 82.000
1082.000 82.000
1083.000 82.000
1084.000 82.000
1085.000 82.000
1086.000 82.000
1087.000 82.000
1088.000 82.000
1089.000 82.000
1090.000 82.000
1091.000 82.000
1092.000 82.000
1093.000 82.000
1094.000 82.000
1095.000 82.000
1096.000 83.000
1097.000 83.000
1098.000 83.000
1099.000 83.000
1100.000 83.000
1101.000 83.000
1102.000 83.000
1103.000 83.000
1104.000 83.000
1105.000 83.000
1106.000 83.000
1107.000 83.000
1108.000 84.000
1109.000 84.000
1110.000 84.000
1111.000 84.000
1112.000 84.000
1113.000 84.000
1114.000 84.000
1115.000 84.000
1116.000 84.000
1117.000 85.000
1118.000 85.000
1119.000 85.000
1120.000 85.000
1121.000 85.000
1122.000 85.000
1123.000 85.000
1124.000 85.000
1125.000 85.000
1126.000 86.000
1127.000 86.000
1128.000 86.000
1129.000 86.000
1130.000 86.000
1131.000 86.000
1132.000 86.000
1133.000 86.000
1134.000 87.000
1135.000 87.000
1136.000 87.000
1137.000 87.000
1138.000 87.000
1139.000 87.000
1140.000 87.000
1141.000 88.000
1142.000 88.000
1143.000 88.000
1144.000 88.000
1145.000 89.000
1146.000 89.000
1147.000 89.000
1148.000 89.000
1149.000 89.000
1150.000 89.000
1151.000 90.000
1152.000 90.000
1153.000 90.000
1154.000 90.000
1155.000 90.000
1156.000 90.000
1157.000 91.000
1158.000 91.000
1159.000 91.000
1160.000 92.000
1161.000 92.000
1162.000 92.000
1163.000 92.000
1164.000 92.000
1165.000 93.000
1166.000 93.000
1167.000 93.000
1168.000 94.000
1169.000 94.000
1170.000 94.000
1171.000 95.000
1172.000 95.000
1173.000 95.000
1174.000 95.000
1175.000 95.000
1176.000 96.000
1177.000 96.000
1178.000 97.000
1179.000 97.000
1180.000 97.000
1181.000 98.000
1182.000 98.000
1183.000 98.000
1184.000 98.000
1185.000 99.000
1186.000 99.000
1187.000 99.000
1188.000 100.000
1189.000 100.000
1190.000 101.000
1191.000 101.000
1192.000 101.000
1193.000 102.000
1194.000 102.000
1195.000 103.000
1196.000 103.000
1197.000 103.000
1198.000 104.000
1199.000 104.000
1200.000 104.000
1201.000 105.000
1202.000 106.000
1203.000 106.000
1204.000 106.000
1205.000 107.000
1206.000 107.000
1207.000 108.000
1208.000 108.000
1209.000 108.000
1210.000 109.000
1211.000 109.000
1212.000 110.000
1213.000 110.000
1214.000 111.000
1215.000 112.000
1216.000 112.000
1217.000 113.000
1218.000 113.000
1219.000 113.000
1220.000 114.000
1221.000 114.000
1222.000 115.000
1223.000 116.000
1224.000 116.000
1225.000 117.000
1226.000 117.000
1227.000 118.000
1228.000 118.000
1229.000 119.000
1230.000 120.000
1231.000 120.000
1232.000 121.000
1233.000 121.000
1234.000 122.000
1235.000 123.000
1236.000 123.000
1237.000 124.000
1238.000 125.000
1239.000 125.000
1240.000 126.000
1241.000 127.000
1242.000 127.000
1243.000 128.000
1244.000 128.000
1245.000 129.000
1246.000 129.000
1247.000 130.000
1248.000 131.000
1249.000 132.000
1250.000 132.000
1251.000 133.000
1252.000 134.000
1253.000 134.000
1254.000 135.000
1255.000 136.000
1256.000 137.000
1257.000 138.000
1258.000 138.000
1259.000 139.000
1260.000 140.000
1261.000 141.000
1262.000 141.000
1263.000 142.000
1264.000 143.000
1265.000 144.000
1266.000 145.000
1267.000 146.000
1268.000 146.000
1269.000 147.000
1270.000 148.000
1271.000 149.000
1272.000 150.000
1273.000 151.000
1274.000 151.000
1275.000 152.000
1276.000 153.000
1277.000 154.000
1278.000 155.000
1279.000 156.000
1280.000 157.000
1281.000 158.000
1282.000 159.000
1283.000 160.000
1284.000 161.000
1285.000 162.000
1286.000 163.000
1287.000 164.000
1288.000 165.000
1289.000 166.000
1290.000 167.000
1291.000 168.000
1292.000 169.000
1293.000 170.000
1294.000 171.000
1294.000 172.000
1295.000 173.000
1296.000 174.000
1297.000 175.000
1298.000 176.000
1299.000 177.000
1299.000 178.000
1300.000 179.000
1301.000 180.000
1302.000 181.000
1303.000 182.000
1304.000 183.000
1305.000 184.000
1305.000 185.000
1306.000 186.000
1307.000 187.000
1308.000 188.000
1309.000 189.000
1309.000 190.000
1310.000 191.000
1311.000 192.000
1312.000 193.000
1313.000 194.000
1313.000 195.000
1314.000 196.000
1315.000 197.000
1316.000 198.000
1316.000 199.000
1317.000 200.000
1318.000 201.000
1318.000 202.000
1319.000 203.000
1319.000 204.000
1320.000 205.000
1321.000 206.000
1322.000 207.000
1322.000 208.000
1323.000 209.000
1323.000 210.000
1324.000 211.000
1325.000 212.000
1325.000 213.000
1326.000 214.000
1327.000 215.000
1327.000 216.000
1328.000 217.000
1328.000 218.000
1329.000 219.000
1329.000 220.000
1330.000 221.000
1330.000 222.000
1331.000 223.000
1332.000 224.000
1332.000 225.000
1333.000 226.000
1333.000 227.000
1334.000 228.000
1334.000 229.000
1335.000 230.000
1335.000 231.000
1336.000 232.000
1336.000 233.000
1337.000 234.000
1337.000 235.000
1338.000 236.000
1338.000 237.000
1338.000 238.000
1339.000 239.000
1339.000 240.000
1340.000 241.000
1340.000 242.000
1341.000 243.000
1341.000 244.000
1342.000 245.000
1342.000 246.000
1343.000 247.000
1343.000 248.000
1343.000 249.000
1344.000 250.000
1344.000 251.000
1344.000 252.000
1345.000 253.000
1345.000 254.000
1346.000 255.000
1346.000 256.000
1347.000 257.000
1347.000 258.000
1347.000 259.000
1347.000 260.000
1348.000 261.000
1348.000 262.000
1348.000 263.000
1349.000 264.000
1349.000 265.000
1350.000 266.000
1350.000 267.000
1350.000 268.000
1350.000 269.000
1351.000 270.000
1351.000 271.000
1351.000 272.000
1351.000 273.000
1352.000 274.000
1352.000 275.000
1352.000 276.000
1353.000 277.000
1353.000 278.000
1353.000 279.000
1353.000 280.000
1354.000 281.000
1354.000 282.000
1354.000 283.000
1354.000 284.000
1355.000 285.000
1355.000 286.000
1355.000 287.000
1355.000 288.000
1355.000 289.000
1355.000 290.000
1356.000 291.000
1356.000 292.000
1356.000 293.000
1357.000 294.000
1357.000 295.000
1357.000 296.000
1357.000 297.000
1357.000 298.000
1357.000 299.000
1358.000 300.000
1358.000 301.000
1358.000 302.000
1358.000 303.000
1358.000 304.000
1358.000 305.000
1358.000 306.000
1358.000 307.000
1359.000 308.000
1359.000 309.000
1359.000 310.000
1359.000 311.000
1359.000 312.000
1359.000 313.000
1359.000 314.000
1360.000 315.000
1360.000 316.000
1360.000 317.000
1360.000 318.000
1360.000 319.000
1360.000 320.000
1360.000 321.000
1361.000 322.000
1361.000 323.000
1361.000 324.000
1361.000 325.000
1361.000 326.000
1361.000 327.000
1361.000 328.000
1361.000 329.000
1362.000 330.000
1362.000 331.000
1362.000 332.000
1362.000 333.000
1362.000 334.000
1362.000 335.000
1362.000 336.000
1362.000 337.000
1362.000 338.000
1362.000 339.000
1363.000 340.000
1363.000 341.000
1363.000 342.000
1363.000 343.000
1363.000 344.000
1363.000 345.000
1363.000 346.000
1363.000 347.000
1363.000 348.000
1363.000 349.000
1363.000 350.000
1364.000 351.000
1364.000 352.000
1364.000 353.000
1364.000 354.000
1364.000 355.000
1363.000 356.000
1363.000 357.000
1363.000 358.000
1363.000 359.000
1363.000 360.000
1363.000 361.000
1363.000 362.000
1363.000 363.000
1363.000 364.000
1363.000 365.000
1363.000 366.000
1362.000 367.000
1362.000 368.000
1362.000 369.000
1362.000 370.000
1362.000 371.000
1362.000 372.000
1362.000 373.000
1362.000 374.000
1362.000 375.000
1362.000 376.000
1361.000 377.000
1361.000 378.000
1361.000 379.000
1361.000 380.000
1361.000 381.000
1361.000 382.000
1361.000 383.000
1361.000 384.000
1360.000 385.000
1360.000 386.000
1360.000 387.000
1360.000 388.000
1360.000 389.000
1360.000 390.000
1360.000 391.000
1360.000 392.000
1359.000 393.000
1359.000 394.000
1359.000 395.000
1359.000 396.000
1359.000 397.000
1359.000 398.000
1359.000 399.000
1358.000 400.000
1358.000 401.000
1358.000 402.000
1358.000 403.000
1358.000 404.000
1358.000 405.000
1358.000 406.000
1358.000 407.000
1357.000 408.000
1357.000 409.000
1357.000 410.000
1357.000 411.000
1356.000 412.000
1356.000 413.000
1356.000 414.000
1356.000 415.000
1355.000 416.000
1355.000 417.000
1355.000 418.000
1355.000 419.000
1355.000 420.000
1355.000 421.000
1354.000 422.000
1354.000 423.000
1354.000 424.000
1353.000 425.000
1353.000 426.000
1353.000 427.000
1353.000 428.000
1353.000 429.000
1352.000 430.000
1352.000 431.000
1352.000 432.000
1351.000 433.000
1351.000 434.000
1351.000 435.000
1351.000 436.000
1351.000 437.000
1350.000 438.000
1350.000 439.000
1350.000 440.000
1349.000 441.000
1349.000 442.000
1348.000 443.000
1348.000 444.000
1348.000 445.000
1348.000 446.000
1347.000 447.000
1347.000 448.000
1346.000 449.000
1346.000 450.000
1345.000 451.000
1345.000 452.000
1345.000 453.000
1344.000 454.000
1344.000 455.000
1344.000 456.000
1343.000 457.000
1343.000 458.000
1343.000 459.000
1342.000 460.000
1342.000 461.000
1341.000 462.000
1341.000 463.000
1340.000 464.000
1340.000 465.000
1339.000 466.000
1339.000 467.000
1339.000 468.000
1338.000 469.000
1338.000 470.000
1337.000 471.000
1337.000 472.000
1336.000 473.000
1336.000 474.000
1335.000 475.000
1335.000 476.000
1334.000 477.000
1334.000 478.000
1333.000 479.000
1333.000 480.000
1332.000 481.000
1332.000 482.000
1331.000 483.000
1331.000 484.000
1330.000 485.000
1330.000 486.000
1329.000 487.000
1328.000 488.000
1328.000 489.000
1327.000 490.000
1327.000 491.000
1326.000 492.000
1325.000 493.000
1325.000 494.000
1324.000 495.000
1323.000 496.000
1323.000 497.000
1322.000 498.000
1322.000 499.000
1321.000 500.000
1320.000 501.000
1320.000 502.000
1319.000 503.000
1318.000 504.000
1318.000 505.000
1317.000 506.000
1316.000 507.000
1316.000 508.000
1315.000 509.000
1314.000 510.000
1314.000 511.000
1313.000 512.000
1312.000 513.000
1311.000 514.000
1311.000 515.000
1310.000 516.000
1309.000 517.000
1309.000 518.000
1308.000 519.000
1307.000 520.000
1306.000 521.000
1306.000 522.000
1305.000 523.000
1304.000 524.000
1303.000 525.000
1302.000 526.000
1301.000 527.000
1301.000 528.000
1300.000 529.000
1299.000 530.000
1298.000 531.000
1297.000 532.000
1296.000 533.000
1295.000 534.000
1294.000 535.000
1293.000 536.000
1292.000 537.000
1291.000 538.000
1290.000 539.000
1290.000 540.000
1289.000 541.000
1288.000 542.000
1287.000 543.000
1286.000 543.000
1285.000 544.000
1284.000 545.000
1283.000 546.000
1282.000 547.000
1281.000 548.000
1280.000 549.000
1279.000 550.000
1278.000 551.000
1277.000 552.000
1276.000 553.000
1275.000 554.000
1274.000 555.000
1273.000 556.000
1272.000 557.000
1271.000 558.000
1270.000 558.000
1269.000 559.000
1268.000 560.000
1267.000 561.000
1266.000 562.000
1265.000 563.000
1264.000 564.000
1263.000 564.000
1262.000 565.000
1261.000 566.000
1260.000 567.000
1259.000 568.000
1258.000 568.000
1257.000 569.000
1256.000 570.000
1255.000 570.000
1254.000 571.000
1253.000 572.000
1252.000 573.000
1251.000 573.000
1250.000 574.000
1249.000 575.000
1248.000 575.000
1247.000 576.000
1246.000 577.000
1245.000 577.000
1244.000 578.000
1243.000 579.000
1242.000 579.000
1241.000 580.000
1240.000 581.000
1239.000 581.000
1238.000 582.000
1237.000 583.000
1236.000 583.000
1235.000 584.000
1234.000 585.000
1233.000 585.000
1232.000 586.000
1231.000 587.000
1230.000 587.000
1229.000 588.000
1228.000 588.000
1227.000 589.000
1226.000 589.000
1225.000 590.000
1224.000 590.000
1223.000 591.000
1222.000 591.000
1221.000 592.000
1220.000 592.000
1219.000 593.000
1218.000 593.000
1217.000 594.000
1216.000 594.000
1215.000 595.000
1214.000 596.000
1213.000 596.000
1212.000 596.000
1211.000 597.000
1210.000 597.000
1209.000 598.000
1208.000 598.000
1207.000 599.000
1206.000 599.000
1205.000 600.000
1204.000 600.000
1203.000 601.000
1202.000 601.000
1201.000 601.000
1200.000 602.000
1199.000 602.000
1198.000 603.000
1197.000 603.000
1196.000 603.000
1195.000 604.000
1194.000 604.000
1193.000 605.000
1192.000 605.000
1191.000 605.000
1190.000 606.000
1189.000 606.000
1188.000 606.000
1187.000 607.000
1186.000 607.000
1185.000 607.000
1184.000 608.000
1183.000 608.000
1182.000 608.000
1181.000 609.000
1180.000 609.000
1179.000 609.000
1178.000 610.000
1177.000 610.000
1176.000 610.000
1175.000 610.000
1174.000 611.000
1173.000 611.000
1172.000 612.000
1171.000 612.000
1170.000 612.000
1169.000 612.000
1168.000 612.000
1167.000 613.000
1166.000 613.000
1165.000 613.000
1164.000 613.000
1163.000 614.000
1162.000 614.000
1161.000 614.000
1160.000 614.000
1159.000 615.000
1158.000 615.000
1157.000 615.000
1156.000 615.000
1155.000 615.000
1154.000 616.000
1153.000 616.000
1152.000 616.000
1151.000 616.000
1150.000 616.000
1149.000 617.000
1148.000 617.000
1147.000 617.000
1146.000 617.000
1145.000 618.000
1144.000 618.000
1143.000 618.000
1142.000 618.000
1141.000 618.000
1140.000 618.000
1139.000 618.000
1138.000 619.000
1137.000 619.000
1136.000 619.000
1135.000 619.000
1134.000 619.000
1133.000 619.000
1132.000 619.000
1131.000 619.000
1130.000 620.000
1129.000 620.000
1128.000 620.000
1127.000 620.000
1126.000 620.000
1125.000 620.000
1124.000 620.000
1123.000 620.000
1122.000 621.000
1121.000 621.000
1120.000 621.000
1119.000 621.000
1118.000 621.000
1117.000 621.000
1116.000 621.000
1115.000 621.000
1114.000 621.000
1113.000 622.000
1112.000 622.000
1111.000 622.000
1110.000 622.000
1109.000 622.000
1108.000 622.000
1107.000 622.000
1106.000 622.000
1105.000 622.000
1104.000 622.000
1103.000 622.000
1102.000 623.000
1101.000 623.000
1100.000 623.000
1099.000 623.000
1098.000 623.000
1097.000 623.000
1096.000 623.000
1095.000 623.000
1094.000 623.000
1093.000 623.000
1092.000 623.000
1091.000 624.000
1090.000 624.000
1089.000 623.000
1088.000 623.000
1087.000 623.000
1086.000 623.000
1085.000 623.000
1084.000 623.000
1083.000 623.000
1082.000 623.000
1081.000 623.000
1080.000 623.000
1079.000 623.000
1078.000 622.000
1077.000 622.000
1076.000 622.000
1075.000 622.000
1074.000 622.000
1073.000 622.000
1072.000 622.000
1071.000 622.000
1070.000 622.000
1069.000 622.000
1068.000 621.000
1067.000 621.000
1066.000 621.000
1065.000 621.000
1064.000 621.000
1063.000 621.000
1062.000 621.000
1061.000 621.000
1060.000 621.000
1059.000 621.000
1058.000 620.000
1057.000 620.000
1056.000 620.000
1055.000 620.000
1054.000 620.000
1053.000 620.000
1052.000 620.000
1051.000 620.000
1050.000 619.000
1049.000 619.000
1048.000 619.000
1047.000 619.000
1046.000 619.000
1045.000 619.000
1044.000 619.000
1043.000 618.000
1042.000 618.000
1041.000 618.000
1040.000 618.000
1039.000 618.000
1038.000 618.000
1037.000 618.000
1036.000 618.000
1035.000 617.000
1034.000 617.000
1033.000 617.000
1032.000 617.000
1031.000 617.000
1030.000 617.000
1029.000 616.000
1028.000 616.000
1027.000 616.000
1026.000 615.000
1025.000 615.000
1024.000 615.000
1023.000 615.000
1022.000 615.000
1021.000 615.000
1020.000 614.000
1019.000 614.000
1018.000 614.000
1017.000 613.000
1016.000 613.000
1015.000 613.000
1014.000 613.000
1013.000 613.000
1012.000 612.000
1011.000 612.000
1010.000 612.000
1009.000 611.000
1008.000 611.000
1007.000 611.000
1006.000 611.000
1005.000 610.000
1004.000 610.000
1003.000 610.000
1002.000 610.000
1001.000 609.000
1000.000 609.000
999.000 608.000
998.000 608.000
997.000 608.000
996.000 607.000
995.000 607.000
994.000 607.000
993.000 607.000
992.000 606.000
991.000 606.000
990.000 606.000
989.000 605.000
988.000 605.000
987.000 604.000
986.000 604.000
985.000 604.000
984.000 603.000
983.000 603.000
982.000 602.000
981.000 602.000
980.000 601.000
979.000 601.000
978.000 601.000
977.000 600.000
976.000 600.000
975.000 599.000
974.000 599.000
973.000 598.000
972.000 598.000
971.000 598.000
970.000 597.000
969.000 597.000
968.000 596.000
967.000 596.000
966.000 595.000
965.000 595.000
964.000 594.000
963.000 594.000
962.000 593.000
961.000 593.000
960.000 592.000
959.000 592.000
958.000 591.000
957.000 591.000
956.000 590.000
955.000 590.000
954.000 589.000
953.000 589.000
952.000 588.000
951.000 588.000
950.000 587.000
949.000 586.000
948.000 586.000
947.000 585.000
946.000 585.000
945.000 584.000
944.000 583.000
943.000 583.000
942.000 582.000
941.000 581.000
940.000 581.000
939.000 580.000
938.000 579.000
937.000 579.000
936.000 578.000
935.000 578.000
934.000 577.000
933.000 576.000
932.000 576.000
931.000 575.000
930.000 574.000
929.000 574.000
928.000 573.000
927.000 572.000
926.000 571.000
925.000 571.000
924.000 570.000
923.000 569.000
922.000 568.000
921.000 568.000
920.000 567.000
919.000 566.000
918.000 565.000
917.000 565.000
916.000 564.000
915.000 563.000
914.000 562.000
913.000 562.000
912.000 561.000
911.000 560.000
910.000 559.000
909.000 558.000
908.000 558.000
907.000 557.000
906.000 556.000
905.000 555.000
904.000 554.000
903.000 553.000
902.000 553.000
901.000 552.000
900.000 551.000
899.000 550.000
898.000 549.000
897.000 548.000
896.000 547.000
895.000 546.000
894.000 545.000
893.000 544.000
892.000 544.000
891.000 543.000
890.000 542.000
889.000 541.000
888.000 540.000
887.000 539.000
886.000 538.000
885.000 537.000
884.000 536.000
883.000 536.000
882.000 535.000
881.000 534.000
880.000 533.000
879.000 532.000
878.000 531.000
877.000 530.000
876.000 529.000
875.000 528.000
874.000 527.000
873.000 526.000
873.000 525.000
872.000 524.000
871.000 523.000
870.000 522.000
869.000 521.000
868.000 520.000
867.000 519.000
866.000 518.000
865.000 517.000
864.000 516.000
863.000 515.000
862.000 514.000
861.000 513.000
860.000 512.000
859.000 511.000
858.000 510.000
857.000 509.000
857.000 508.000
856.000 507.000
855.000 506.000
854.000 505.000
853.000 504.000
852.000 503.000
852.000 502.000
851.000 501.000
850.000 500.000
849.000 499.000
848.000 498.000
847.000 497.000
846.000 496.000
845.000 495.000
845.000 494.000
844.000 493.000
843.000 492.000
842.000 491.000
841.000 490.000
840.000 489.000
840.000 488.000
839.000 487.000
838.000 486.000
837.000 485.000
836.000 484.000
835.000 483.000
835.000 482.000
834.000 481.000
833.000 480.000
832.000 479.000
831.000 478.000
830.000 477.000
830.000 476.000
829.000 475.000
828.000 474.000
827.000 473.000
827.000 472.000
826.000 471.000
825.000 470.000
824.000 469.000
823.000 468.000
822.000 467.000
822.000 466.000
822.000 465.000
822.000 464.000
822.000 463.000
822.000 462.000
822.000 461.000
822.000 460.000
822.000 459.000
822.000 458.000
822.000 457.000
822.000 456.000
822.000 455.000
822.000 454.000
822.000 453.000
822.000 452.000
822.000 451.000
822.000 450.000
822.000 449.000
822.000 448.000
822.000 447.000
822.000 446.000
822.000 445.000
823.000 444.000
823.000 443.000
823.000 442.000
823.000 441.000
823.000 440.000
823.000 439.000
823.000 438.000
823.000 437.000
823.000 436.000
823.000 435.000
823.000 434.000
823.000 433.000
823.000 432.000
823.000 431.000
823.000 430.000
823.000 429.000
823.000 428.000
823.000 427.000
823.000 426.000
823.000 425.000
823.000 424.000
823.000 423.000
823.000 422.000
823.000 421.000
823.000 420.000
823.000 419.000
823.000 418.000
823.000 417.000
823.000 416.000
823.000 415.000
823.000 414.000
823.000 413.000
823.000 412.000
823.000 411.000
823.000 410.000
823.000 409.000
823.000 408.000
