490.000000 591.000000
489.150711 591.847767
488.012954 592.001745
487.159126 592.839652
486.024642 593.001703
485.167406 593.831402
484.036330 594.001662
483.175686 594.823152
482.048018 595.001620
481.183965 595.814902
480.059707 596.001578
479.192245 596.806652
478.071391 596.999872
476.908979 597.092650
476.059690 597.940416
475.210402 598.788183
474.097288 598.999826
472.927243 599.074288
472.077193 599.921292
470.908974 600.000163
469.793845 600.207208
468.920658 600.998493
467.802125 601.198958
466.932346 601.998451
465.810405 602.190708
464.944034 602.998409
463.818685 603.182457
462.955722 603.998288
461.755724 604.000438
460.685287 604.315377
459.767408 604.998625
458.567410 605.000775
457.551890 605.448296
456.579095 605.999717
455.560169 606.440046
454.590782 606.998941
453.390783 607.001092
452.426772 607.572966
451.402467 607.999279
450.202468 608.000000
449.002469 608.001787
448.151699 608.847053
447.014153 608.999975
445.868352 609.132968
445.018302 609.979972
443.825838 610.000312
442.734954 610.265888
441.837522 610.998499
440.637524 611.000649
439.601557 611.398807
438.649207 611.998837
437.449209 612.000987
436.468159 612.531727
435.460893 612.999174
434.260893 613.000000
433.060893 613.000000
431.901462 613.099977
431.051412 613.946981
429.872579 614.000000
428.672579 614.000587
427.626389 614.374064
426.684263 614.998774
425.484264 615.000000
424.284264 615.000000
423.084264 615.000000
421.918017 615.083481
421.067967 615.930485
419.895949 616.000186
418.784619 616.216401
417.907633 616.998374
416.707634 617.000000
415.507634 617.000000
414.307634 617.000000
413.107634 617.000000
411.934571 617.066986
411.084522 617.913989
409.919319 618.000000
408.719319 618.000000
407.519319 618.000000
406.319319 618.000000
405.119321 618.001578
404.234474 618.764574
403.131004 618.999765
401.931004 619.000000
400.731004 619.000000
399.531004 619.000000
398.331004 619.000000
397.131006 619.001557
396.242752 619.756327
395.142689 619.999744
393.942690 620.000000
392.742690 620.000000
391.542690 620.000000
390.342690 620.000000
389.142691 620.001536
388.251029 620.748079
387.154375 620.999723
385.954375 621.000000
384.754375 621.000000
383.554375 621.000000
382.354375 621.000000
381.154375 621.000000
379.967681 621.033995
379.117632 621.880998
377.966060 622.000000
376.766060 622.000000
375.566060 622.000000
374.366060 622.000000
373.166060 622.000000
371.966060 622.000000
370.766060 622.000419
369.692609 622.308081
368.777744 622.998606
367.577745 623.000000
366.377745 623.000000
365.177745 623.000000
363.977745 623.000000
362.777745 623.000000
361.577745 623.000000
360.377745 623.000000
359.177746 623.001473
358.275212 623.722683
357.424401 623.423911
356.398583 623.000714
355.198584 623.000000
353.998584 623.000000
352.798584 623.000000
351.598584 623.000000
350.398584 623.000000
349.198584 623.000000
347.998584 622.999997
346.857323 622.856043
346.007273 622.009039
344.810269 622.000000
343.610269 622.000000
342.410269 622.000000
341.210269 622.000000
340.010269 622.000000
338.810269 622.000000
337.610270 621.999302
336.582251 621.581956
335.621953 621.001114
334.421954 621.000000
333.221954 621.000000
332.021954 621.000000
330.821954 621.000000
329.621954 621.000000
328.421954 621.000000
327.221956 620.998606
326.307178 620.307869
325.233639 620.000419
324.033640 620.000000
322.833640 620.000000
321.633640 620.000000
320.433640 619.998985
319.457131 619.457284
318.445324 619.000798
317.245325 619.000000
316.045325 619.000000
314.845325 619.000000
313.645325 619.000000
312.445325 619.000000
311.245326 618.998648
310.323733 618.324365
309.257010 618.000460
308.057010 618.000000
306.857010 618.000000
305.657010 618.000000
304.457011 617.999027
303.473686 617.473780
302.468694 617.000840
301.268695 617.000000
300.068695 617.000000
298.868695 616.999765
297.765313 616.764362
296.880379 616.001577
295.680381 615.999427
294.631916 615.631443
293.692064 615.001240
292.492065 615.000000
291.292065 615.000000
290.092065 615.000000
288.923543 614.922025
288.073493 614.075022
286.903751 614.000000
285.703751 613.999469
284.648471 613.647939
283.715435 613.001282
282.515436 613.000000
281.315437 612.998773
280.373398 612.373852
279.327120 612.000586
278.127121 612.000000
276.948375 611.946769
276.098326 611.099765
274.938806 610.999890
273.814978 610.813849
272.950490 610.001703
271.750491 610.000000
270.550492 609.999195
269.539905 609.539762
268.562176 609.001007
267.362177 608.998857
266.406508 608.406843
265.373864 607.999548
264.414788 607.415093
263.385549 607.000691
262.185551 606.998541
261.281390 606.282174
260.197235 606.000353
258.998043 605.996258
258.147993 605.149254
257.008920 605.000016
255.864645 604.863338
255.014595 604.016335
253.820606 603.999679
252.731248 603.730419
251.832290 603.001191
250.739527 602.738669
249.843978 602.001233
248.747807 601.746919
247.855666 601.001533
246.655668 600.999383
245.614410 600.614000
244.667353 600.000600
243.622689 599.622250
242.679040 599.001217
241.479042 598.999067
240.489292 598.489330
239.490728 597.999967
238.498022 597.497129
237.648733 596.649362
236.716626 596.001284
235.516628 595.999134
234.515917 595.515860
233.528314 595.000101
232.524623 594.523683
231.675334 593.675916
230.754212 593.001351
229.554214 592.999201
228.542542 592.542389
227.565899 592.000236
226.550822 591.550639
225.577588 591.000278
224.559101 590.558890
223.589276 590.000320
222.567768 589.566751
221.718480 588.718984
220.815175 588.001129
219.727403 587.726589
218.826864 587.001171
217.735683 586.734839
216.838552 586.001213
215.743963 585.743089
214.850240 585.001255
213.752465 584.751116
212.903176 583.903349
212.053887 583.055582
210.912344 582.910709
210.063055 582.062942
209.213766 581.215175
208.102047 580.998574
207.222238 580.223233
206.113735 579.998616
205.231207 579.230792
204.381918 578.383025
203.339634 577.999425
202.391086 577.390385
201.541797 576.542618
200.565534 576.000235
199.550965 575.549978
198.701676 574.702211
197.791433 574.001044
196.710844 573.709570
195.861679 572.861679
195.013151 572.013151
194.164623 571.164623
193.315482 570.316709
192.245764 569.999089
191.324650 569.324068
190.475831 568.475831
189.627303 567.627303
188.778576 566.778973
187.900088 566.001434
186.787744 565.786333
185.938511 564.938511
185.089983 564.089983
184.241454 563.241454
183.392382 562.393471
182.354419 561.999478
181.401550 561.400831
180.552662 560.552662
179.704134 559.704134
178.855606 558.855606
178.007078 558.007078
177.157796 557.159305
176.022963 556.998291
175.166963 556.166664
174.318286 555.318286
173.469758 554.469758
172.621229 553.621229
171.772701 552.772701
170.924173 551.924173
170.075645 551.075645
169.226424 550.227810
168.119931 549.998638
167.235592 549.235170
166.386853 548.386853
165.538325 547.538325
164.689797 546.689797
163.841268 545.841268
162.992740 544.992740
162.144212 544.144212
161.295684 543.295684
160.447156 542.447156
159.598628 541.598628
158.750100 540.750100
157.901572 539.901572
157.053043 539.053043
156.204515 538.204515
155.355987 537.355987
154.507459 536.507459
153.658931 535.658931
152.810403 534.810403
151.961909 533.961840
151.114142 533.112552
150.969268 531.971008
150.121501 531.121720
149.273082 530.273082
148.424554 529.424554
147.576026 528.576026
146.727498 527.727498
145.879078 526.878861
145.031311 526.029573
144.886438 524.888029
144.038671 524.038741
143.190178 523.190178
142.341650 522.341650
141.493576 521.492667
140.999986 520.496116
140.500936 519.501835
139.652857 518.652857
138.804505 517.804154
138.001563 516.936227
137.811864 515.813322
136.964065 514.964065
136.115537 514.115537
135.267667 513.266352
134.998840 512.176347
134.275026 511.275520
133.426745 510.426745
132.578595 509.577839
132.000417 508.616458
131.585955 507.587007
130.738188 506.737718
130.001227 505.842358
129.745548 504.746886
128.897689 503.897689
128.049161 503.049161
127.201350 502.199916
126.998504 501.082477
126.209420 500.208375
125.998546 499.094165
125.216967 498.217356
124.369200 497.368068
123.999355 496.320064
123.376559 495.377235
122.528793 494.527947
122.000165 493.545964
121.536568 492.536700
121.000207 491.557652
120.544818 490.544979
120.000248 489.569340
119.553068 488.553259
119.000290 487.581029
118.560925 486.561932
117.713158 485.712643
117.001100 484.806928
116.720767 483.721561
116.001142 482.818616
115.728775 481.730083
114.881008 480.880794
114.033241 480.031506
113.888467 478.889864
113.041463 478.039814
112.896717 476.898143
112.049713 476.048094
111.904967 474.906423
111.057963 474.056373
110.999784 472.879583
110.772047 471.773026
110.001402 470.891267
109.780297 469.781305
109.001444 468.902955
108.788547 467.789585
108.001486 466.914644
107.796797 465.797865
107.001528 464.926332
106.805048 463.806145
106.001681 462.938020
105.999531 461.738022
105.672128 460.672747
105.001343 459.749705
104.999193 458.549707
104.539209 457.539350
104.000220 456.561393
103.547459 455.547629
103.000262 454.573081
102.555709 453.555909
102.001048 452.584768
101.998898 451.384769
101.422789 450.422512
101.000710 449.396453
100.998560 448.196455
100.289870 447.289114
99.998954 446.208142
99.298120 445.297394
99.000394 444.219827
98.998244 443.019829
98.165200 442.163996
98.000056 441.031512
97.999698 439.831513
97.738117 438.738974
97.001511 437.843196
96.999361 436.643198
96.605198 435.605576
96.001173 434.654882
95.999023 433.454884
95.472278 432.472179
95.000836 431.466567
95.000000 430.266568
95.000000 429.066568
94.904028 427.905481
94.057024 427.055431
93.999782 425.878253
93.771109 424.772084
93.001595 423.889937
93.000000 422.689938
93.000000 421.489938
93.000000 420.289938
92.998369 419.089940
92.214687 418.213661
92.000182 417.101623
92.000000 415.901623
91.999465 414.701624
91.646437 413.646964
91.001278 412.713307
91.000000 411.513309
91.000000 410.313309
91.000000 409.113309
90.937019 407.938591
90.090016 407.088541
90.000000 405.924994
89.999507 404.724994
89.662933 403.663519
89.001320 402.736678
89.000000 401.536679
89.000000 400.336679
89.000000 399.136679
88.999887 397.936679
88.812348 396.813471
88.001699 395.948363
88.000000 394.748364
88.000000 393.548364
88.000000 392.348364
88.000000 391.148364
87.999907 389.948364
87.820596 388.821749
87.001720 387.960048
87.000000 386.760049
87.000000 385.560049
87.000000 384.360049
87.000000 383.160049
86.970011 381.971701
86.123007 381.121651
86.000000 379.971734
86.000000 378.771734
86.000000 377.571734
86.000000 376.371734
86.000000 375.171734
85.999949 373.971734
85.837091 372.838304
85.001762 371.983418
85.000000 370.783420
85.000000 369.583420
85.000000 368.383420
85.000000 367.183420
85.000000 365.983420
84.999612 364.783420
84.704172 363.704906
84.001425 362.795103
84.000000 361.595105
84.000000 360.395105
84.000000 359.195105
84.000000 357.995105
84.000000 356.795105
84.000000 355.595105
84.000000 354.395105
84.000000 353.195105
84.000000 351.995105
84.000000 350.795105
84.000000 349.595105
84.000000 348.395105
84.000000 347.195105
84.000000 345.995105
84.000000 344.795105
84.000725 343.595105
84.428748 342.571509
84.998913 341.606789
85.000000 340.406790
85.000000 339.206790
85.000000 338.006790
85.000000 336.806790
85.000000 335.606790
85.001063 334.406791
85.561667 333.438111
85.999250 332.418474
86.000000 331.218475
86.000000 330.018475
86.000000 328.818475
86.000000 327.618475
86.000000 326.418475
86.001400 325.218476
86.694587 324.304714
86.999588 323.230160
87.000000 322.030160
87.000000 320.830160
87.000000 319.630160
87.001021 318.430161
87.545172 317.454666
87.999208 316.441845
88.000000 315.241845
88.000000 314.041845
88.000000 312.841845
88.000000 311.641845
88.001000 310.441846
88.536924 309.462943
88.999187 308.453530
89.000000 307.253531
89.000000 306.053531
89.000000 304.853531
89.000621 303.653531
89.387509 302.612896
89.998808 301.665215
90.000000 300.465216
90.000000 299.265216
90.000000 298.065216
90.096926 296.904523
90.943930 296.054474
91.000221 294.876901
91.229846 293.771126
91.998408 292.888585
92.000000 291.688586
92.000000 290.488586
92.000000 289.288586
92.000000 288.088586
92.080431 286.921078
92.927434 286.071028
93.000000 284.900271
93.000000 283.700271
93.000000 282.500271
93.001254 281.300272
93.636852 280.362656
93.999441 279.311956
94.001591 278.111958
94.769771 277.229258
94.999778 276.123641
95.000137 274.923642
95.196854 273.804236
95.998324 272.935325
96.000000 271.735327
96.000833 270.535327
96.470941 269.529163
96.999832 268.547013
97.462691 267.537443
97.998999 266.558699
98.000000 265.358700
98.001507 264.158702
98.736778 263.262371
98.999695 262.170385
99.022694 260.979023
99.869697 260.128973
100.014444 258.987303
100.861447 258.137253
101.000011 256.993759
101.147363 255.853905
101.994367 255.003855
102.000000 253.805444
102.000707 252.605445
102.421450 251.578833
102.999580 250.617130
103.413200 249.587112
103.999538 248.628818
104.404950 247.595392
104.998852 246.640505
105.001002 245.440507
105.538352 244.462477
106.386119 243.613188
106.998806 242.666403
107.000956 241.466405
107.519590 240.480340
108.000079 239.478091
108.511340 238.488620
109.000037 237.489779
109.503089 236.496899
109.999995 235.501467
110.494839 234.505179
110.999081 233.513153
111.001231 232.313155
111.628323 231.372344
112.476090 230.523056
112.999860 229.539053
113.468310 228.531804
113.999818 227.550741
114.460060 226.540084
114.998992 225.562427
115.001142 224.362429
115.593512 223.407218
116.441675 222.558325
117.289943 221.709537
117.998916 220.802539
118.282330 219.718452
118.998874 218.814227
119.274080 217.726732
119.998832 216.825916
120.266068 215.735249
121.113835 214.885961
121.961602 214.036672
122.106381 212.895034
122.953385 212.044985
123.098218 210.903401
123.945985 210.054112
124.794465 209.205535
125.642416 208.356431
125.999456 207.303619
126.001606 206.103621
126.776353 205.224048
127.624680 204.375320
128.472784 203.526367
128.999843 202.543732
129.465424 201.535535
130.313191 200.686247
130.999034 199.769632
131.305832 198.695414
132.153599 197.846126
132.998224 196.995531
133.146239 195.855294
133.994006 195.006005
134.841773 194.156716
135.001715 193.021438
135.834413 192.165884
136.682793 191.317207
137.531321 190.468679
138.379508 189.619811
138.999370 188.675762
139.372149 187.628978
140.220113 186.779887
141.068641 185.931359
141.917169 185.082831
142.765697 184.234303
143.614225 183.385775
144.462339 182.536832
144.999790 181.558518
145.454979 180.545999
146.303018 179.696982
147.151546 178.848454
148.000074 177.999926
148.847841 177.150637
149.001746 176.012849
149.840481 175.159805
150.688866 174.311134
151.537394 173.462606
152.385922 172.614078
153.234450 171.765550
154.082979 170.917021
154.931507 170.068493
155.780035 169.219965
156.628563 168.371437
157.477091 167.522909
158.325619 166.674381
159.174147 165.825853
160.022655 164.977304
160.870422 164.128015
161.015308 162.986484
161.863836 162.137956
163.005257 161.992960
163.854546 161.145193
164.703204 160.296796
165.551733 159.448267
166.400261 158.599739
167.248789 157.751211
168.097317 156.902683
168.945845 156.054155
169.794373 155.205627
170.642901 154.357099
171.491430 153.508570
172.339958 152.660042
173.188486 151.811514
174.037047 150.963019
174.886336 150.115252
176.027879 149.970379
176.877168 149.122612
177.725806 148.274194
178.574334 147.425666
179.422862 146.577138
180.271634 145.728853
181.170856 145.001179
182.262466 144.736213
183.111654 143.888346
183.960183 143.039817
184.809436 142.192015
185.930737 141.998456
186.800268 141.199374
187.648975 140.351025
188.497503 139.502497
189.346341 138.654279
190.276413 138.000801
191.337173 137.661639
192.186295 136.813705
193.034823 135.965177
193.883351 135.116649
194.732535 134.268777
195.822081 133.998846
196.723368 133.276137
197.572143 132.427857
198.421049 131.579706
199.381970 131.000423
200.411881 130.587065
201.261169 129.739298
202.156071 129.001232
203.252228 128.746885
204.144382 128.001274
205.243729 127.754916
206.093018 126.907149
206.942307 126.059382
208.083850 125.914508
208.933139 125.066741
209.782427 124.218974
210.892576 123.998593
211.773953 123.227029
212.880887 122.998635
213.764987 122.234592
214.614276 121.386825
215.654988 120.999445
216.605651 120.394728
217.643300 119.999486
218.596836 119.402442
219.446125 118.554675
220.417400 118.000296
221.437348 117.562427
222.405712 117.000338
223.429069 116.570677
224.394024 116.000380
225.420789 115.578927
226.382336 115.000422
227.412509 114.587177
228.370647 114.000464
229.403867 113.595065
230.253156 112.747298
231.144749 112.001532
232.344747 111.999382
233.385884 111.613707
234.333062 111.000598
235.377604 110.621957
236.321373 110.000640
237.369325 109.630207
238.309685 109.000682
239.361045 108.638457
240.297997 108.000724
241.352765 107.646707
242.286310 107.001279
243.486308 106.999129
244.485727 106.513351
245.335016 105.665584
246.260412 105.001325
247.460410 104.999175
248.467817 104.532067
249.448725 104.000184
250.459538 103.540317
251.437038 103.001009
252.637036 102.998859
253.592935 102.407398
254.625353 102.000671
255.825351 101.998521
256.726333 101.274478
257.813663 100.998876
258.718053 100.282729
259.801975 99.998918
260.709773 99.290979
261.790291 99.000376
262.990290 99.000000
264.134796 98.863896
264.984846 98.016892
266.178605 97.999680
267.268193 97.730976
268.166921 97.001493
269.366919 96.999343
270.401591 96.598057
271.355236 96.001155
272.555234 95.999005
273.534988 95.465137
274.543550 95.000818
275.743550 95.000000
276.943548 94.998309
277.810061 94.191050
278.931865 94.000122
280.093408 93.905135
280.943458 93.058131
282.120179 92.999785
283.226806 92.772215
284.108496 92.001597
285.308494 92.000000
286.508494 92.000000
287.708493 91.998731
288.643553 91.356961
289.696809 91.000543
290.896809 91.000000
292.068576 90.929878
292.918626 90.082874
294.085124 90.000000
295.285124 90.000000
296.485124 90.000000
297.685123 89.998772
298.626998 89.373457
299.673439 89.000585
300.873439 89.000000
302.073439 88.999868
303.193696 88.805206
304.061755 88.001681
305.261753 88.000000
306.461753 88.000000
307.661752 87.998814
308.610443 87.389952
309.650069 87.000627
310.850068 87.000000
312.050068 87.000000
313.250068 87.000000
314.450068 86.999194
315.460491 86.539368
316.438384 86.001006
317.638383 86.000000
318.838383 86.000000
320.038383 86.000000
321.238383 85.999573
322.310538 85.688783
323.226699 85.001386
324.426698 85.000000
325.626698 85.000000
326.826698 85.000000
328.026698 85.000000
329.226698 85.000000
330.426697 84.999235
331.443936 84.555863
332.415014 84.001048
333.615013 84.000000
334.815013 84.000000
336.015013 84.000000
337.215013 84.000000
338.415013 84.000000
339.615012 83.998898
340.577333 83.422944
341.603328 83.000711
342.803328 83.000000
344.003328 83.000000
345.203328 83.000000
346.403328 83.000000
347.603328 83.000000
348.803328 83.000000
350.003328 82.999994
351.143902 82.854564
351.993191 82.006797
353.190379 82.000000
354.390379 82.000000
355.590379 82.000000
356.790379 82.000000
357.990379 82.000000
359.190379 82.000000
360.390379 82.000000
361.590379 82.000000
362.790379 82.000000
363.990379 82.000000
365.190379 82.000000
366.390379 82.000000
367.590379 82.000000
368.790378 82.001416
369.701558 82.700836
370.778694 82.999603
371.978694 83.000000
373.178694 83.000000
374.378694 83.000000
375.578694 83.000000
376.778694 83.000000
377.978694 83.000000
379.178693 83.000320
380.268256 83.269086
381.167010 83.998508
382.367009 84.000000
383.567009 84.000000
384.767009 84.000000
385.967009 84.000000
387.167009 84.000000
388.367008 84.000658
389.401653 84.402006
390.355324 84.998845
391.555323 85.000000
392.755323 85.000000
393.955323 85.000000
395.155323 85.000000
396.355323 85.000000
397.555322 85.000995
398.535051 85.534925
399.543639 85.999182
400.743638 86.000000
401.943638 86.000000
403.143638 86.000000
404.343638 86.000000
405.543638 86.000000
406.743637 86.001332
407.668448 86.667845
408.731953 86.999520
409.931953 87.000000
411.131953 87.000000
412.331953 87.000000
413.531952 87.000953
414.518496 87.518430
415.520269 87.999140
416.720268 88.000000
417.920266 88.001649
418.793568 88.792516
419.908583 88.999836
421.108583 89.000000
422.308582 89.000553
423.360266 89.360767
424.296899 89.998740
425.496898 90.000000
426.696896 90.001249
427.635339 90.634854
428.685213 90.999436
429.885212 91.000000
431.085212 91.000000
432.285212 91.000511
433.343711 91.344271
434.273528 91.998698
435.473526 92.000848
436.477109 92.477191
437.461843 92.999036
438.661842 93.000000
439.861842 93.000000
441.043806 93.045441
441.893856 93.892445
443.035526 94.037191
443.885576 94.884195
445.038468 95.000000
446.238468 95.000427
447.310599 95.311278
448.226785 95.998615
449.426783 96.000765
450.443996 96.444197
451.415097 96.999696
452.435717 97.435947
453.403411 97.998931
454.603410 98.000000
455.803408 98.001439
456.710789 98.710034
457.791721 99.001045
458.702509 99.701784
459.780037 99.999606
460.980036 100.000000
462.127532 100.128867
462.977582 100.975870
464.119252 101.120617
464.969302 101.967620
466.156662 102.000281
467.252650 102.253536
468.144978 102.998728
469.244370 103.245286
470.133291 103.998447
471.333289 104.000597
472.377767 104.378205
473.321603 104.999361
474.369488 105.369955
475.309915 105.999319
476.361208 106.361705
477.298227 106.999277
478.352928 107.353455
479.286540 107.998722
480.486538 108.000872
481.486326 108.486375
482.474852 108.999910
483.478046 109.478125
484.463164 109.999868
485.469766 110.469875
486.451476 110.999826
487.461486 111.461624
488.439789 111.998996
489.639787 112.001146
490.594351 112.595078
491.443640 113.442845
492.413890 113.999691
493.434861 114.435095
494.402202 114.999650
495.426582 115.426845
496.390513 115.999608
497.418302 116.418595
498.378825 116.999566
499.409655 117.410713
500.258944 118.258480
501.152926 118.998482
502.352924 119.000632
503.391326 119.392417
504.240615 120.240184
505.127028 120.998663
506.231447 121.232824
507.080736 122.080591
507.930024 122.928358
509.071632 123.073167
509.921682 123.920171
511.063296 124.064974
511.912584 124.912741
512.761873 125.760508
513.863533 126.001303
514.752705 126.753148
515.601994 127.600915
516.637634 128.000493
517.593357 128.593023
518.625946 129.000451
519.584554 129.585298
520.433842 130.433065
521.400046 130.999642
522.424674 131.425705
523.273718 132.273718
524.122356 133.122136
524.971644 133.969903
526.113188 134.114777
526.962476 134.962544
527.811765 135.810311
528.934028 136.001555
529.802597 136.802951
530.651302 137.651302
531.500278 138.499382
532.493916 138.999978
533.491110 139.492022
534.340094 140.340094
535.188622 141.188622
536.037184 142.037117
536.886472 142.884884
538.028016 143.029758
538.877305 143.877524
539.725943 144.725943
540.574471 145.574471
541.423378 146.422619
542.385261 146.999589
543.414210 147.415260
544.263263 148.263263
545.111791 149.111791
545.960319 149.960319
546.808847 150.808847
547.657965 151.656786
548.716718 152.000777
549.648797 152.649426
550.497640 153.497640
551.346168 154.346168
552.194696 155.194696
553.043224 156.043224
553.891752 156.891752
554.740944 157.739616
555.833962 158.001197
556.731776 158.732256
557.580544 159.580544
558.429072 160.429072
559.277600 161.277600
560.126129 162.126129
560.974657 162.974657
561.823185 163.823185
562.672315 164.671110
563.736994 165.000849
564.663147 165.663751
565.511977 166.511977
566.360505 167.360505
567.209033 168.209033
568.057561 169.057561
568.906090 169.906090
569.754618 170.754618
570.603146 171.603146
571.451674 172.451674
572.300202 173.300202
573.148730 174.148730
573.997258 174.997258
574.845787 175.845787
575.694315 176.694315
576.542843 177.542843
577.391371 178.391371
578.239899 179.239899
579.088427 180.088427
579.936955 180.936955
580.785484 181.785484
581.634012 182.634012
582.482540 183.482540
583.331068 184.331068
584.179596 185.179596
585.028124 186.028124
585.876652 186.876652
586.724530 187.725830
587.001120 188.812608
587.717170 189.716663
588.565444 190.565444
589.413973 191.413973
590.262501 192.262501
591.111029 193.111029
591.959557 193.959557
592.808085 194.808085
593.656024 195.657202
594.000773 196.715640
594.648665 197.648034
595.496877 198.496877
596.345405 199.345405
597.193934 200.193934
598.042462 201.042462
598.890990 201.890990
599.739518 202.739518
600.587519 203.588573
601.000425 204.618672
601.580159 205.579405
602.428310 206.428310
603.276838 207.276838
604.125366 208.125366
604.973895 208.973895
605.822423 209.822423
606.670349 210.671552
607.000845 211.735916
607.662989 212.662384
608.511215 213.511215
609.359743 214.359743
610.208271 215.208271
611.056748 216.056850
611.904515 216.906139
612.049389 218.047682
612.897156 218.896971
613.745591 219.745591
614.594120 220.594120
615.442648 221.442648
616.290915 222.291437
616.998921 223.198836
617.283555 224.282269
618.131440 225.131440
618.979968 225.979968
619.828496 226.828496
620.676417 227.677631
621.000876 228.744505
621.669057 229.668463
622.517288 230.517288
623.365816 231.365816
624.214152 232.214537
624.998531 233.090181
625.206793 234.205369
626.054609 235.054609
626.903137 235.903137
627.751665 236.751665
628.600193 237.600193
629.448319 238.449123
629.999719 239.421638
630.440959 240.439955
631.288985 241.288985
632.137513 242.137513
632.986041 242.986041
633.834570 243.834570
634.683098 244.683098
635.531626 245.531626
636.379813 246.380495
636.999372 247.324670
637.372453 248.371327
638.220418 249.220418
639.068946 250.068946
639.917474 250.917474
640.765315 251.766689
641.001327 252.870338
641.757956 253.757521
642.606266 254.606266
643.454795 255.454795
644.303051 256.303595
644.998982 257.216014
645.295691 258.294427
646.143587 259.143587
646.992115 259.992115
647.840643 260.840643
648.689171 261.689171
649.537699 262.537699
650.385881 263.386574
650.999402 264.333259
651.378521 265.377406
652.226491 266.226491
653.075019 267.075019
653.923548 267.923548
654.772076 268.772076
655.620047 269.621160
656.000590 270.664715
656.612688 271.611992
657.460868 272.460868
658.309396 273.309396
659.157924 274.157924
660.006447 275.006458
660.854213 275.855747
661.001778 276.996171
661.846854 277.846579
662.695244 278.695244
663.543773 279.543773
664.392301 280.392301
665.240613 281.241045
665.998666 282.127635
666.233253 283.231877
667.081093 284.081093
667.929621 284.929621
668.778149 285.778149
669.626677 286.626677
670.475205 287.475205
671.323734 288.323734
672.172262 289.172262
673.020790 290.020790
673.869318 290.869318
674.717846 291.717846
675.566374 292.566374
676.414902 293.414902
677.263667 294.263194
678.159600 294.998494
679.359598 295.000644
680.396404 295.396775
681.347914 295.998832
682.547912 296.000982
683.529802 296.529695
684.536226 297.000130
685.521522 297.521445
686.524540 297.999148
687.724538 298.001298
688.654919 298.654364
689.712855 298.999486
690.912853 299.001636
691.788317 299.787284
692.901169 299.999823
694.071665 300.073200
694.921714 300.920203
696.063385 301.064949
696.913435 301.911953
698.077796 302.000139
699.196782 302.197869
700.066112 302.998327
701.266110 303.000477
702.330180 303.330788
703.254427 303.998664
704.454425 304.000814
705.463577 304.463708
706.442741 304.999002
707.642739 305.001152
708.596975 305.596627
709.631053 306.000470
710.588695 306.588377
711.619367 306.999318
712.819365 307.001468
713.722093 307.721297
714.807682 307.999655
716.005440 308.007212
716.855490 308.854216
717.995991 309.001777
718.847210 309.845966
719.984308 309.999972
721.130558 310.131882
721.980608 310.978886
723.172622 310.999691
724.263955 310.735199
725.160939 310.001503
726.360937 309.999353
727.397353 309.602279
728.349253 309.001166
729.549252 308.999016
730.530750 308.469360
731.537568 308.000829
732.737566 307.998678
733.664148 307.336440
734.725879 306.999191
735.655868 306.344690
736.714194 306.000512
737.914192 305.998362
738.789266 305.211771
739.902509 305.000175
741.072613 304.925855
741.922663 304.078851
743.090823 303.999837
744.206011 303.792936
745.079140 303.001650
746.279138 302.999500
747.339408 302.660016
748.267453 302.000833
749.331129 301.668266
750.255766 301.001333
751.455764 300.999183
752.464526 300.535347
753.444080 300.000996
754.644078 299.998846
755.597924 299.402427
756.632392 298.999526
757.589644 298.410677
758.620707 298.000680
759.820705 297.998530
760.723041 297.277758
761.809021 297.000342
763.006389 296.991842
763.856439 296.144839
764.997331 295.998218
765.848159 295.153089
766.985647 295.000026
768.131507 294.867173
768.981557 294.020169
770.123117 293.875312
770.972405 293.027545
771.820958 292.179042
772.669486 291.330514
773.518014 290.481986
774.366542 289.633458
775.215071 288.784929
776.063599 287.936401
776.912127 287.087873
777.760655 286.239345
778.608637 285.390271
779.000532 284.351436
779.601277 283.399439
780.449447 282.550553
781.297975 281.702025
782.146372 280.853365
782.994139 280.004077
783.139012 278.862533
783.986779 278.013244
784.835296 277.164704
785.683824 276.316176
786.531874 275.467171
787.000143 274.460091
787.524515 273.476339
788.372616 272.627384
789.221144 271.778856
790.069672 270.930328
790.918200 270.081800
791.766041 269.232584
792.001331 268.128635
792.758681 267.241752
793.606992 266.393008
794.455521 265.544479
795.304049 264.695951
796.152577 263.847423
797.001104 262.998894
797.848871 262.149605
798.001751 261.011391
798.841511 260.158773
799.689897 259.310103
800.538425 258.461575
801.386953 257.613047
802.235270 256.764307
802.998639 255.879927
803.227911 254.773475
804.075746 253.924254
804.924274 253.075726
805.772802 252.227198
806.621330 251.378670
807.469858 250.530142
808.318386 249.681614
809.166765 248.832936
809.998291 247.976895
810.159405 246.842104
811.007178 245.992822
811.855707 245.144293
812.704235 244.295765
813.552763 243.447237
814.400931 242.598349
814.999479 241.645438
815.393571 240.607517
816.241555 239.758445
817.090083 238.909917
817.938611 238.061389
818.787139 237.212861
819.635097 236.363763
820.000667 235.313982
820.627738 234.372931
821.475932 233.524068
822.324460 232.675540
823.172988 231.827012
824.021497 230.978465
824.869264 230.129176
825.014137 228.987633
825.861904 228.138344
826.710308 227.289692
827.558836 226.441164
828.407364 225.592636
829.255663 224.743878
829.998742 223.851061
830.248303 222.753046
831.096157 221.903843
831.944685 221.055315
832.793213 220.206787
833.641741 219.358259
834.490269 218.509731
835.338493 217.660899
835.999162 216.733817
836.331134 215.670067
837.179061 214.820939
838.027589 213.972411
838.876117 213.123883
839.724646 212.275354
840.573174 211.426826
841.421324 210.577920
841.999582 209.616573
842.413964 208.587088
843.261966 207.738034
844.110494 206.889506
844.959022 206.040978
845.807550 205.192450
846.655490 204.343334
847.000770 203.285117
847.648130 202.352501
848.496342 201.503658
849.344871 200.655129
850.193399 199.806601
851.041927 198.958073
851.890455 198.109545
852.738983 197.261017
853.586984 196.411962
854.000423 195.382085
854.579625 194.421130
855.427775 193.572225
856.276303 192.723697
857.124832 191.875168
857.973360 191.026640
858.821888 190.178112
859.669815 189.328983
860.000843 188.264841
860.662455 187.338151
861.510680 186.489320
862.359208 185.640792
863.207736 184.792264
864.056264 183.943736
864.904793 183.095207
865.753321 182.246679
866.601849 181.398151
867.450377 180.549623
868.298905 179.701095
869.147433 178.852567
869.995961 178.004039
870.844490 177.155510
871.693018 176.306982
872.541546 175.458454
873.390074 174.609926
874.238602 173.761398
875.087130 172.912870
875.935658 172.064342
876.784186 171.215814
877.632715 170.367285
878.481243 169.518757
879.329771 168.670229
880.178299 167.821701
881.026827 166.973173
881.875355 166.124645
882.723883 165.276117
883.572412 164.427588
884.420940 163.579060
885.269709 162.730774
886.168137 162.001189
887.260542 161.738134
888.109732 160.890268
888.958260 160.041740
889.807511 159.193936
890.928018 158.998466
891.798343 158.201295
892.647052 157.352948
893.495580 156.504420
894.344108 155.655892
895.192809 154.807536
896.059482 154.001579
897.183641 153.814896
898.032901 152.967099
898.881429 152.118571
899.729957 151.270043
900.579003 150.422034
901.605150 149.999623
902.569836 149.429394
903.418749 148.581251
904.267517 147.732963
905.165039 147.001200
906.258349 146.740322
907.107541 145.892459
907.956069 145.043931
908.804597 144.195403
909.653126 143.346874
910.502103 142.498796
911.496495 142.000013
912.492936 141.506156
913.341918 140.658082
914.190446 139.809554
915.039009 138.961061
915.888298 138.113294
917.029841 137.968421
917.879130 137.120654
918.727766 136.272234
919.576811 135.424223
920.602052 134.999634
921.567643 134.431582
922.416932 133.583815
923.376153 133.000444
924.407764 132.591175
925.256822 131.743178
926.105445 130.894744
926.954733 130.046977
928.096363 129.902190
928.946413 129.055187
930.088005 128.910361
930.937293 128.062594
931.786582 127.214827
932.898446 126.998572
933.778111 126.222886
934.886758 125.998614
935.769142 125.230445
936.618430 124.382678
937.660858 123.999424
938.609809 123.390585
939.649170 122.999465
940.600990 122.398295
941.450279 121.550528
942.423271 121.000275
943.441507 120.558284
944.411582 120.000317
945.433227 119.566534
946.399894 119.000359
947.424947 118.574784
948.388206 118.000401
949.416294 117.582660
950.265583 116.734893
951.162306 116.001210
952.256645 115.742483
953.150618 115.001252
954.248365 114.750733
955.138930 114.001294
956.240085 113.758983
957.127241 113.001336
958.231806 112.767233
959.115553 112.001378
960.223526 111.775483
961.103865 111.001420
962.215246 110.783734
963.092176 110.001461
964.206966 109.791984
965.080488 109.001503
966.198687 108.800234
967.068800 108.001545
968.190407 107.808484
969.057112 107.001587
970.182127 106.816734
971.045423 106.001710
972.245422 105.999560
973.315525 105.683814
974.233737 105.000954
975.307245 104.692064
976.222050 104.001394
977.422048 103.999244
978.440642 103.559145
979.410364 103.001056
980.610362 102.998906
981.574040 102.426226
982.598676 101.999646
983.565760 101.434476
984.586988 100.999688
985.557480 100.442726
986.575302 100.000761
987.775300 99.998611
988.690878 99.309806
989.763617 99.000424
990.963615 98.998273
991.824275 98.176887
992.951931 98.000086
994.107623 97.890971
994.957673 97.043967
996.099343 96.899221
996.949393 96.052217
998.128557 95.999770
999.232741 95.766302
1000.116874 95.001582
1001.316872 95.000000
1002.516871 94.999074
1003.507813 94.492215
1004.505188 94.000887
1005.705186 93.998737
1006.641211 93.359295
1007.693502 93.000549
1008.893502 93.000000
1010.093502 92.999832
1011.207908 92.791045
1012.081818 92.001645
1013.281816 91.999495
1014.341306 91.658126
1015.270133 91.001308
1016.470132 91.000000
1017.670132 91.000000
1018.870132 91.000000
1020.049678 90.948708
1020.899728 90.101704
1022.058446 89.999895
1023.183076 89.815789
1024.046763 89.001708
1025.246761 89.000000
1026.446761 89.000000
1027.646761 89.000000
1028.846760 88.998483
1029.741498 88.259367
1030.835076 88.000295
1032.035076 87.999937
1033.166521 87.832284
1034.023392 87.001750
1035.223391 87.000000
1036.423391 87.000000
1037.623391 87.000000
1038.823391 87.000000
1040.016568 86.981699
1040.866618 86.134696
1042.011706 86.000000
1043.211706 86.000000
1044.411706 86.000000
1045.611706 86.000000
1046.811706 86.000000
1048.008291 85.989947
1048.858341 85.142943
1050.000021 85.000000
1051.200021 85.000000
1052.400021 85.000000
1053.600021 85.000000
1054.800021 85.000000
1056.000013 84.998195
1056.850063 84.151191
1057.988335 84.000021
1059.188335 84.000000
1060.388335 84.000000
1061.588335 84.000000
1062.788335 84.000000
1063.988335 84.000000
1065.188335 83.999663
1066.275086 83.724108
1067.176652 83.001475
1068.376650 83.000000
1069.576650 83.000000
1070.776650 83.000000
1071.976650 83.000000
1073.176650 83.000000
1074.376650 83.000000
1075.576650 83.000000
1076.776649 82.998608
1077.691833 82.308854
1078.764965 82.000421
1079.964965 82.000000
1081.164965 82.000000
1082.364965 82.000000
1083.564965 82.000000
1084.764965 82.000000
1085.964965 82.000000
1087.164965 82.000000
1088.364965 82.000000
1089.564965 82.000000
1090.764965 82.000000
1091.964965 82.000000
1093.164965 82.000000
1094.364964 82.000654
1095.400206 82.400564
1096.353281 82.998841
1097.553280 83.000000
1098.753280 83.000000
1099.953280 83.000000
1101.153280 83.000000
1102.353280 83.000000
1103.553280 83.000000
1104.753280 83.000000
1105.953280 83.000000
1107.108578 83.109981
1107.958628 83.956985
1109.141595 84.000000
1110.341595 84.000000
1111.541595 84.000000
1112.741595 84.000000
1113.941595 84.000000
1115.141595 84.000254
1116.241976 84.242901
1117.129911 84.998441
1118.329910 85.000000
1119.529910 85.000000
1120.729910 85.000000
1121.929910 85.000000
1123.129910 85.000000
1124.329909 85.000591
1125.375373 85.375820
1126.318226 85.998778
1127.518224 86.000000
1128.718224 86.000000
1129.918224 86.000000
1131.118224 86.000000
1132.318224 86.000570
1133.367096 86.367572
1134.306540 86.998758
1135.506539 87.000000
1136.706539 87.000000
1137.906539 87.000000
1139.106539 87.000191
1140.217144 87.218157
1141.094856 87.998378
1142.294854 88.000000
1143.494853 88.000887
1144.492216 88.492244
1145.483170 88.999074
1146.683169 89.000000
1147.883169 89.000000
1149.083169 89.000149
1150.200589 89.201662
1151.071485 89.998336
1152.271484 90.000000
1153.471484 90.000000
1154.671484 90.000000
1155.871482 90.001561
1156.759011 90.758083
1157.859799 90.999749
1159.042359 91.043999
1159.892408 91.891002
1161.048113 92.000000
1162.248113 92.000000
1163.448113 92.000803
1164.459106 92.459253
1165.436429 92.998990
1166.636427 93.001140
1167.592504 93.592172
1168.624744 93.999328
1169.824742 94.001478
1170.725901 94.725092
1171.813058 94.999665
1173.013058 95.000000
1174.213058 95.000382
1175.292599 95.293342
1176.201373 95.998930
1177.284319 96.285092
1178.189686 96.998548
1179.389684 97.000698
1180.417716 97.418011
1181.378000 97.998886
1182.577999 98.000000
1183.777998 98.001394
1184.692789 98.692098
1185.766314 98.999581
1186.966312 99.001731
1187.826186 99.825018
1188.954624 100.001629
1189.817907 100.816767
1190.942941 100.999898
1192.101254 101.102683
1192.951304 101.949687
1194.092975 102.094433
1194.943024 102.941437
1196.119567 103.000214
1197.226372 103.227353
1198.107883 103.998402
1199.307881 104.000552
1200.359447 104.360595
1201.208736 105.208362
1202.081986 105.998355
1203.281984 106.000505
1204.341424 106.341993
1205.270299 106.999177
1206.333145 107.333742
1207.258612 107.998672
1208.458610 108.000822
1209.466542 108.466662
1210.446924 108.999810
1211.458262 109.458412
1212.435236 109.999768
1213.449580 110.450566
1214.298868 111.298333
1215.209337 111.998958
1216.289960 112.290713
1217.197649 112.998562
1218.397647 113.000712
1219.423358 113.423632
1220.385962 113.999591
1221.414706 114.415755
1222.263995 115.263522
1223.160063 115.998782
1224.255055 116.255933
1225.148374 116.998740
1226.246776 117.247683
1227.136686 117.998698
1228.238282 118.239647
1229.087571 119.087414
1229.936860 119.935181
1231.078473 120.079984
1231.928523 120.926988
1233.070131 121.071797
1233.919419 121.919564
1234.768708 122.767331
1235.873191 123.001337
1236.759540 123.759971
1237.608829 124.607738
1238.647292 125.000528
1239.599661 125.600378
1240.448950 126.448145
1241.421392 126.999718
1242.440176 127.440391
1243.409704 127.999676
1244.431896 128.432140
1245.398016 128.999635
1246.423237 129.424271
1247.272282 130.272282
1248.120918 131.120702
1248.970207 131.968469
1250.111751 132.113342
1250.961039 132.961109
1251.810328 133.808876
1252.931997 134.001548
1253.801160 134.801516
1254.649866 135.649866
1255.498394 136.498394
1256.347233 137.346611
1257.277674 137.999203
1258.338066 138.339252
1259.187187 139.187187
1260.035747 140.035683
1260.885035 140.883450
1262.026579 141.028323
1262.875868 141.876090
1263.724507 142.724507
1264.573035 143.573035
1265.421563 144.421563
1266.270333 145.269849
1267.169018 145.998814
1268.261166 146.262489
1269.110355 147.110355
1269.958883 147.958883
1270.807412 148.807412
1271.655940 149.655940
1272.504920 150.504015
1273.500475 151.000002
1274.495752 151.496656
1275.344732 152.344732
1276.193260 153.193260
1277.041788 154.041788
1277.890316 154.890316
1278.738844 155.738844
1279.587372 156.587372
1280.435901 157.435901
1281.284429 158.284429
1282.132957 159.132957
1282.981485 159.981485
1283.830013 160.830013
1284.678541 161.678541
1285.527069 162.527069
1286.375598 163.375598
1287.224126 164.224126
1288.072654 165.072654
1288.921182 165.921182
1289.769710 166.769710
1290.618238 167.618238
1291.466766 168.466766
1292.315295 169.315295
1293.163676 170.163970
1293.998275 171.018733
1294.156316 172.154802
1295.004087 173.004087
1295.852615 173.852615
1296.701143 174.701143
1297.549671 175.549671
1298.397842 176.398556
1298.999463 177.350189
1299.390482 178.389388
1300.238463 179.238463
1301.086991 180.086991
1301.935520 180.935520
1302.784048 181.784048
1303.632576 182.632576
1304.480672 183.481535
1304.999883 184.467434
1305.473313 185.472367
1306.321368 186.321368
1307.169896 187.169896
1308.018408 188.018441
1308.866175 188.867729
1309.011048 190.009273
1309.858815 190.858562
1310.707216 191.707216
1311.555745 192.555745
1312.403910 193.404635
1312.999494 194.358778
1313.396550 195.395467
1314.244537 196.244537
1315.092981 197.093148
1315.940748 197.942437
1316.085622 199.083980
1316.933389 199.933269
1317.781156 200.782558
1318.001407 201.892760
1318.773101 202.774083
1319.001366 203.881071
1319.765538 204.765118
1320.613856 205.613856
1321.461969 206.462799
1321.999788 207.440960
1322.454202 208.454037
1322.999747 209.429272
1323.446352 210.445358
1324.294119 211.294647
1324.998937 212.203372
1325.286760 213.285479
1326.134526 214.134768
1326.982293 214.984057
1327.127054 216.125713
1327.974058 216.975763
1328.118804 218.117433
1328.965808 218.967483
1329.110554 220.109153
1329.957557 220.959203
1330.102394 222.100783
1330.950161 222.950072
1331.797928 223.799360
1332.001493 224.916501
1332.789858 225.790901
1333.001451 226.904813
1333.781608 227.782621
1334.001409 228.893124
1334.773358 229.774341
1335.001367 230.881436
1335.765108 231.766062
1336.001325 232.869748
1336.756858 233.757782
1337.001283 234.858059
1337.748608 235.749502
1337.999725 236.846375
1338.034524 238.032850
1338.881527 238.882900
1339.026274 240.024570
1339.873277 240.874620
1340.018024 242.016290
1340.865027 242.866340
1341.009773 244.008010
1341.856777 244.858060
1342.001790 245.999620
1342.848527 246.849781
1342.999978 247.987936
1343.134443 249.133128
1343.981447 249.983178
1344.000316 251.176251
1344.267362 252.266526
1344.998798 253.164567
1345.259112 254.258246
1345.998756 255.152878
1346.250862 256.249966
1346.998461 257.141191
1347.000000 258.341189
1347.000970 259.541188
1347.524949 260.525039
1347.999157 261.529505
1348.001307 262.729503
1348.657868 263.658436
1349.000781 264.717816
1349.649618 265.650156
1349.999473 266.706131
1350.000000 267.906130
1350.076701 269.075179
1350.923705 269.925229
1351.000000 271.094445
1351.000528 272.294445
1351.350788 273.350251
1351.998715 274.282761
1352.000865 275.482759
1352.483708 276.483649
1352.999052 277.471076
1353.000000 278.671075
1353.001561 279.871074
1353.757794 280.758721
1353.999748 281.859390
1354.000106 283.059390
1354.184877 284.183744
1354.998294 285.047706
1355.000000 286.247705
1355.000000 287.447705
1355.000000 288.647705
1355.001519 289.847703
1355.741299 290.742166
1355.999706 291.836020
1356.027214 293.025514
1356.874218 293.875564
1357.000000 295.024334
1357.000000 296.224334
1357.000000 297.424334
1357.001119 298.624333
1357.583636 299.583937
1357.999306 300.612650
1358.000000 301.812649
1358.000000 303.012649
1358.000000 304.212649
1358.000000 305.412649
1358.001098 306.612648
1358.575388 307.575659
1358.999285 308.600965
1359.000000 309.800964
1359.000000 311.000964
1359.000000 312.200964
1359.000718 313.400963
1359.425973 314.425707
1359.998906 315.389280
1360.000000 316.589279
1360.000000 317.789279
1360.000000 318.989279
1360.000339 320.189279
1360.276558 321.275754
1360.998526 322.177595
1361.000000 323.377594
1361.000000 324.577594
1361.000000 325.777594
1361.000000 326.977594
1361.000318 328.177593
1361.268310 329.267477
1361.998506 330.165910
1362.000000 331.365908
1362.000000 332.565908
1362.000000 333.765908
1362.000000 334.965908
1362.000000 336.165908
1362.000000 337.365908
1362.001014 338.565908
1362.542397 339.542549
1362.999201 340.554224
1363.000000 341.754223
1363.000000 342.954223
1363.000000 344.154223
1363.000000 345.354223
1363.000000 346.554223
1363.000000 347.754223
1363.000000 348.954223
1363.110647 350.109247
1363.957651 350.959297
1364.000000 352.142538
1364.000000 353.342538
1363.999028 354.542537
1363.474099 355.525994
1363.000841 356.530854
1363.000000 357.730853
1363.000000 358.930853
1363.000000 360.130853
1363.000000 361.330853
1363.000000 362.530853
1363.000000 363.730853
1363.000000 364.930853
1362.905849 366.092692
1362.058845 366.942742
1362.000000 368.119168
1362.000000 369.319168
1362.000000 370.519168
1362.000000 371.719168
1362.000000 372.919168
1362.000000 374.119168
1361.999428 375.319167
1361.631762 376.367764
1361.001241 377.307484
1361.000000 378.507483
1361.000000 379.707483
1361.000000 380.907483
1361.000000 382.107483
1360.999449 383.307482
1360.640010 384.359487
1360.001262 385.295799
1360.000000 386.495797
1360.000000 387.695797
1360.000000 388.895797
1360.000000 390.095797
1359.999470 391.295797
1359.648257 392.351209
1359.001283 393.284113
1359.000000 394.484112
1359.000000 395.684112
1359.000000 396.884112
1358.999849 398.084112
1358.797673 399.201257
1358.001662 400.072429
1358.000000 401.272427
1358.000000 402.472427
1358.000000 403.672427
1358.000000 404.872427
1357.999870 406.072427
1357.805920 407.192979
1357.001683 408.060743
1357.000000 409.260742
1356.999174 410.460741
1356.531834 411.468052
1356.000987 412.449058
1356.000000 413.649057
1355.998479 414.849055
1355.257747 415.743124
1355.000291 416.837372
1355.000000 418.037372
1355.000000 419.237372
1354.999216 420.437371
1354.548329 421.451497
1354.001029 422.425687
1353.998879 423.625685
1353.415410 424.584894
1353.000692 425.614002
1353.000000 426.814001
1352.999975 428.014001
1352.847160 429.151592
1352.001788 430.002318
1351.999638 431.202316
1351.714240 432.284989
1351.001450 433.190632
1351.000000 434.390631
1351.000000 435.590631
1350.998583 436.790630
1350.298986 437.701737
1350.000396 438.778946
1349.998246 439.978944
1349.166067 440.835134
1348.998326 441.967256
1348.174317 442.826855
1348.000080 443.955572
1347.999721 445.155572
1347.747234 446.251877
1347.001276 447.143888
1346.755484 448.243598
1346.001318 449.132199
1345.763734 450.235318
1345.001576 451.120512
1344.999426 452.320510
1344.630814 453.368715
1344.001238 454.308826
1343.999088 455.508824
1343.497895 456.502113
1343.000901 457.497141
1342.998751 458.697139
1342.364975 459.635510
1341.999335 460.685452
1341.373225 461.627231
1340.999377 462.673764
1340.381475 463.618951
1339.999419 464.662075
1339.389726 465.610671
1339.000626 466.650390
1338.998476 467.850388
1338.256806 468.744069
1337.998786 469.838701
1337.265056 470.735789
1336.998828 471.827012
1336.273306 472.727509
1335.998870 473.815324
1335.281556 474.719229
1334.998912 475.803636
1334.289806 476.710949
1333.998954 477.791948
1333.298057 478.702670
1332.998996 479.780259
1332.306307 480.694390
1331.999038 481.768571
1331.314557 482.686110
1330.999079 483.756883
1330.322807 484.677830
1329.999121 485.745194
1329.330456 486.668951
1328.482689 487.518240
1327.999931 488.519295
1327.490506 489.509528
1326.999973 490.507607
1326.498306 491.500800
1325.650539 492.350088
1325.000782 493.281707
1324.657899 494.340921
1323.810132 495.190209
1323.001592 496.055808
1322.817654 497.181204
1322.001634 498.044120
1321.825749 499.172769
1320.977982 500.022058
1320.130215 500.871346
1319.985341 502.012890
1319.137575 502.862179
1318.289808 503.711467
1317.998953 504.792313
1317.297167 505.702299
1316.449400 506.551588
1315.999762 507.566414
1315.456760 508.542420
1314.608993 509.391709
1314.000572 510.340515
1313.616353 511.382541
1312.768378 512.231622
1311.919922 513.080222
1311.072155 513.929511
1310.927281 515.071054
1310.079514 515.920343
1309.231747 516.769632
1308.998658 517.874496
1308.239107 518.760464
1307.390794 519.609206
1306.542676 520.458145
1306.000235 521.434384
1305.550036 522.448977
1304.702001 523.297999
1303.853473 524.146527
1303.004945 524.995055
1302.156417 525.843583
1301.308510 526.692731
1300.999047 527.765841
1300.315869 528.683564
1299.467625 529.532375
1298.619097 530.380903
1297.770569 531.229431
1296.922040 532.077960
1296.073512 532.926488
1295.224984 533.775016
1294.376456 534.623544
1293.527928 535.472072
1292.679400 536.320600
1291.830872 537.169128
1290.982359 538.017672
1290.134592 538.866961
1289.989719 540.008505
1289.141952 540.857793
1288.293551 541.706449
1287.444526 542.554479
1286.428095 543.000258
1285.453694 543.547119
1284.604759 544.395241
1283.756231 545.243769
1282.907703 546.092297
1282.059175 546.940825
1281.210647 547.789353
1280.362119 548.637881
1279.513590 549.486410
1278.665062 550.334938
1277.816534 551.183466
1276.968006 552.031994
1276.119478 552.880522
1275.270950 553.729050
1274.422422 554.577578
1273.573893 555.426107
1272.725365 556.274635
1271.876727 557.123052
1271.027438 557.970819
1269.885895 558.115693
1269.036606 558.963460
1268.188045 559.811955
1267.339517 560.660483
1266.490989 561.509011
1265.642461 562.357539
1264.793748 563.205883
1263.921524 563.998489
1262.802916 564.198523
1261.953668 565.046332
1261.105140 565.894860
1260.256612 566.743388
1259.407554 567.591385
1258.375856 568.000445
1257.416721 568.584025
1256.567433 569.431792
1255.601755 569.999635
1254.576600 570.424433
1253.727556 571.272444
1252.878919 572.120864
1252.029631 572.968631
1250.888087 573.113504
1250.038799 573.961271
1249.189510 574.809038
1248.067774 575.001549
1247.198678 575.801678
1246.349389 576.649445
1245.293673 577.000739
1244.358557 577.642086
1243.509268 578.489852
1242.519572 578.999930
1241.518436 579.482493
1240.669147 580.330260
1239.745472 580.999120
1238.678315 581.322900
1237.829027 582.170667
1236.971371 582.998311
1235.838194 583.163307
1234.988906 584.011074
1234.139617 584.858841
1232.998074 585.003715
1232.148785 585.851482
1231.299496 586.699249
1230.223177 587.000992
1229.308044 587.691268
1228.234866 588.000950
1227.316324 588.683018
1226.246554 589.000908
1225.324604 589.674768
1224.258242 590.000866
1223.332884 590.666517
1222.269931 591.000824
1221.341163 591.658267
1220.281619 592.000783
1219.349443 592.650017
1218.293307 593.000741
1217.357723 593.641767
1216.304996 594.000699
1215.366570 594.634086
1214.517282 595.481853
1213.530893 595.999049
1212.330895 596.001199
1211.384348 596.615238
1210.342581 597.000564
1209.392628 597.606988
1208.354270 598.000522
1207.400907 598.598737
1206.365958 599.000480
1205.409187 599.590487
1204.377646 600.000438
1203.417467 600.582237
1202.389332 600.999302
1201.189333 601.001452
1200.284069 601.715157
1199.201021 602.001071
1198.292349 602.706907
1197.212705 602.999619
1196.012707 603.001769
1195.158952 603.839826
1194.024396 604.001704
1193.167231 604.831576
1192.036079 604.999935
1190.883884 605.117492
1190.033834 605.964496
1188.847765 606.000273
1187.750486 606.250411
1186.859448 606.998460
1185.659450 607.000610
1184.617089 607.383331
1183.671134 607.998798
1182.471136 608.000948
1181.483691 608.516250
1180.482819 608.999135
1179.282821 609.001285
1178.350294 609.649170
1177.294505 609.999472
1176.094505 610.000000
1174.925271 610.076253
1174.075221 610.923256
1172.933551 611.068003
1172.083501 611.915006
1170.917879 612.000000
1169.717879 612.000000
1168.517879 612.000864
1167.516803 612.483257
1166.529563 612.999051
1165.329564 613.000000
1164.129565 613.001560
1163.241731 613.757343
1162.141249 613.999747
1160.941249 614.000105
1159.816708 614.184427
1158.952933 614.998293
1157.752934 615.000000
1156.552934 615.000000
1155.352935 615.001159
1154.399961 615.599681
1153.364619 615.999347
1152.164619 616.000000
1150.964619 616.000063
1149.833263 616.167931
1148.976303 616.998251
1147.776304 617.000000
1146.576305 617.000759
1145.558191 617.442018
1144.587989 617.998946
1143.387990 618.000000
1142.187990 618.000000
1140.987990 618.000000
1139.787990 618.000380
1138.708143 618.292603
1137.799673 618.998567
1136.599675 619.000000
1135.399675 619.000000
1134.199675 619.000000
1132.999675 619.000000
1131.799675 619.000359
1130.716421 619.284355
1129.811359 619.998546
1128.611360 620.000000
1127.411360 620.000000
1126.211360 620.000000
1125.011360 620.000000
1123.811360 620.000338
1122.724698 620.276107
1121.823044 620.998525
1120.623045 621.000000
1119.423045 621.000000
1118.223045 621.000000
1117.023045 621.000000
1115.823045 621.000000
1114.623046 621.000675
1113.591301 621.409026
1112.634729 621.998863
1111.434730 622.000000
1110.234730 622.000000
1109.034730 622.000000
1107.834730 622.000000
1106.634730 622.000000
1105.434730 622.000000
1104.234730 622.000000
1103.034732 622.001729
1102.174553 622.824280
1101.046415 622.999917
1099.846415 623.000000
1098.646415 623.000000
1097.446415 623.000000
1096.246415 623.000000
1095.046415 623.000000
1093.846415 623.000000
1092.646416 623.000634
1091.607856 623.392531
1090.658099 623.998208
1089.616131 623.615715
1088.669782 623.001200
1087.469783 623.000000
1086.269783 623.000000
1085.069783 623.000000
1083.869783 623.000000
1082.669783 623.000000
1081.469783 623.000000
1080.269783 623.000000
1079.069784 622.998333
1078.199384 622.200461
1077.081468 622.000146
1075.881468 622.000000
1074.681468 622.000000
1073.481468 622.000000
1072.281468 622.000000
1071.081468 622.000000
1069.881468 621.999788
1068.774361 621.773378
1067.893151 621.001600
1066.693153 621.000000
1065.493153 621.000000
1064.293153 621.000000
1063.093153 621.000000
1061.893153 621.000000
1060.693153 621.000000
1059.493154 620.999092
1058.499288 620.499291
1057.504837 620.000905
1056.304838 620.000000
1055.104838 620.000000
1053.904838 620.000000
1052.704838 620.000000
1051.504839 619.999113
1050.507566 619.507539
1049.516522 619.000925
1048.316523 619.000000
1047.116523 619.000000
1045.916523 619.000000
1044.716524 618.999492
1043.657518 618.656954
1042.728207 618.001305
1041.528208 618.000000
1040.328208 618.000000
1039.128208 618.000000
1037.928208 618.000000
1036.728209 617.999513
1035.665796 617.665202
1034.739892 617.001326
1033.539894 617.000000
1032.339894 617.000000
1031.139894 617.000000
1029.957423 616.955784
1029.107373 616.108780
1027.951579 615.999913
1026.824026 615.822865
1025.963262 615.001726
1024.763264 615.000000
1023.563264 615.000000
1022.363264 615.000000
1021.163265 614.998501
1020.265603 614.266443
1019.174949 614.000313
1017.982256 613.980528
1017.132206 613.133524
1015.986634 613.000000
1014.786634 613.000000
1013.586635 612.999259
1012.565508 612.565274
1011.598318 612.001072
1010.398320 611.998922
1009.432111 611.432354
1008.410004 611.000735
1007.210005 611.000000
1006.010006 610.998226
1005.157038 610.158267
1004.021690 610.000039
1002.821690 609.999681
1001.732016 609.731184
1000.833374 609.001195
999.740295 608.739434
998.845062 608.001514
997.645064 607.999364
996.606898 607.606515
995.656747 607.001177
994.456748 607.000000
993.256750 606.998668
992.331825 606.332428
991.268433 606.000481
990.068435 605.998331
989.198428 605.199509
988.080123 604.998495
987.206708 604.207759
986.091807 604.000164
984.923360 603.921843
984.073310 603.074839
982.931640 602.930093
982.081590 602.083089
980.939920 601.938343
980.089870 601.091339
978.926869 600.999869
977.806522 600.805424
976.938553 600.001572
975.814802 599.813674
974.950241 599.001613
973.823082 598.821924
972.961929 598.001724
971.761931 597.999573
970.689684 597.689004
969.773616 597.000980
968.697964 596.697254
967.785304 596.001022
966.706244 595.705505
965.796993 595.001064
964.714523 594.713755
963.808681 594.001106
962.722803 593.722005
961.820369 593.001148
960.731324 592.730013
