624.000 404.000
622.000 470.000
589.000 510.000
543.000 555.000
475.000 599.000
418.000 617.000
358.000 624.000
270.000 610.000
206.000 580.000
151.000 533.000
114.000 480.000
95.000 432.000
84.000 363.000
93.000 281.000
111.000 232.000
149.000 176.000
199.000 131.000
261.000 99.000
323.000 85.000
380.000 83.000
462.000 100.000
519.000 129.000
564.000 165.000
678.000 295.000
724.000 311.000
770.000 294.000
860.000 188.000
927.000 130.000
1000.000 95.000
1041.000 86.000
1095.000 82.000
1175.000 95.000
1246.000 129.000
1294.000 171.000
1316.000 198.000
1338.000 236.000
1358.000 300.000
1364.000 351.000
1360.000 392.000
1343.000 459.000
1301.000 528.000
1264.000 564.000
1231.000 587.000
1172.000 612.000
1091.000 624.000
1013.000 613.000
971.000 598.000
935.000 578.000
902.000 553.000
857.000 509.000
822.000 467.000
823.000 408.000
