666.000000 423.000000
659.899360 431.704093
653.790072 440.392862
647.663485 449.050983
641.510952 457.663134
635.323824 466.213990
629.093451 474.688227
622.811185 483.070522
616.468376 491.345550
610.056376 499.497990
603.566537 507.512515
596.990209 515.373804
590.318742 523.066532
583.543490 530.575375
576.655801 537.885010
569.647029 544.980113
562.508523 551.845361
555.231635 558.465429
547.807716 564.824994
540.228117 570.908732
532.484189 576.701319
524.567283 582.187433
516.468751 587.351748
508.179943 592.178942
499.692211 596.653691
490.996906 600.760670
482.085379 604.484557
472.948980 607.810027
463.579062 610.721757
453.969131 613.206201
444.129684 615.263823
434.079262 616.901721
423.836454 618.127033
413.419851 618.946898
402.848043 619.368453
392.139619 619.398837
381.313169 619.045187
370.387283 618.314642
359.380551 617.214340
348.311563 615.751419
337.198908 613.933016
326.061176 611.766271
314.916958 609.258321
303.784842 606.416303
292.683419 603.247358
281.631279 599.758621
270.647011 595.957232
259.749205 591.850329
248.956451 587.445049
238.287340 582.748531
227.760459 577.767913
217.394401 572.510333
207.207754 566.982928
197.219108 561.192838
187.447053 555.147200
177.910179 548.853152
168.627075 542.317833
159.616332 535.548380
150.896539 528.551931
142.486287 521.335626
134.404164 513.906600
126.668761 506.271994
119.298668 498.438944
112.312474 490.414590
105.728770 482.206068
99.566144 473.820518
93.843188 465.265076
88.578490 456.546882
83.790641 447.673074
79.498230 438.650789
75.719848 429.487165
72.474083 420.189341
69.779527 410.764455
67.654768 401.219645
66.118396 391.562049
65.187242 381.799200
64.858213 371.943116
65.115618 362.008648
65.943568 352.010690
67.326172 341.964139
69.247542 331.883891
71.691787 321.784841
74.643017 311.681885
78.085342 301.589919
82.002874 291.523838
86.379721 281.498538
91.199995 271.528916
96.447805 261.629866
102.107261 251.816284
108.162474 242.103067
114.597555 232.505110
121.396612 223.037308
128.543757 213.714558
136.023099 204.551754
143.818749 195.563794
151.914817 186.765572
160.295413 178.171985
168.944647 169.797928
177.846630 161.658296
186.985472 153.767986
196.345282 146.141894
205.910172 138.794914
215.664251 131.741943
225.591630 124.997877
235.676418 118.577611
245.902727 112.496041
256.254665 106.768063
266.716344 101.408572
277.271873 96.432465
287.905363 91.854636
298.600924 87.689982
309.342666 83.953398
320.114699 80.659781
330.901134 77.824025
341.686080 75.461028
352.453649 73.585683
363.187949 72.212888
373.873092 71.357537
384.493187 71.034527
395.032345 71.258754
405.474676 72.045112
415.804290 73.408499
426.005297 75.363808
436.061808 77.925938
445.957938 81.109769
455.682534 84.917547
465.238015 89.315299
474.629212 94.262602
483.860956 99.719034
492.938081 105.644172
501.865416 111.997596
510.647795 118.738882
519.290049 125.827608
527.797011 133.223353
536.173512 140.885693
544.424383 148.774208
552.554458 156.848474
560.568567 165.068071
568.471542 173.392574
576.268217 181.781563
583.963421 190.194615
591.561988 198.591308
599.068749 206.931220
606.488536 215.173929
613.826181 223.279012
621.086516 231.206048
628.274373 238.914614
635.394583 246.364288
642.451978 253.514648
649.451391 260.325272
656.397654 266.755738
663.295597 272.765623
670.150054 278.314505
676.965855 283.361963
683.747833 287.867574
690.500820 291.790915
697.229647 295.091566
703.939147 297.729103
710.634151 299.663104
717.319491 300.853148
724.000000 301.258812
730.680509 300.853148
737.365849 299.663104
744.060853 297.729103
750.770353 295.091566
757.499180 291.790915
764.252167 287.867574
771.034145 283.361963
777.849946 278.314505
784.704403 272.765623
791.602346 266.755738
798.548609 260.325272
805.548022 253.514648
812.605417 246.364288
819.725627 238.914614
826.913484 231.206048
834.173819 223.279012
841.511464 215.173929
848.931251 206.931220
856.438012 198.591308
864.036579 190.194615
871.731783 181.781563
879.528458 173.392574
887.431433 165.068071
895.445542 156.848474
903.575617 148.774208
911.826488 140.885693
920.202989 133.223353
928.709951 125.827608
937.352205 118.738882
946.134584 111.997596
955.061919 105.644172
964.139044 99.719034
973.370788 94.262602
982.761985 89.315299
992.317466 84.917547
1002.042062 81.109769
1011.938192 77.925938
1021.994703 75.363808
1032.195710 73.408499
1042.525324 72.045112
1052.967655 71.258754
1063.506813 71.034527
1074.126908 71.357537
1084.812051 72.212888
1095.546351 73.585683
1106.313920 75.461028
1117.098866 77.824025
1127.885301 80.659781
1138.657334 83.953398
1149.399076 87.689982
1160.094637 91.854636
1170.728127 96.432465
1181.283656 101.408572
1191.745335 106.768063
1202.097273 112.496041
1212.323582 118.577611
1222.408370 124.997877
1232.335749 131.741943
1242.089828 138.794914
1251.654718 146.141894
1261.014528 153.767986
1270.153370 161.658296
1279.055353 169.797928
1287.704587 178.171985
1296.085183 186.765572
1304.181251 195.563794
1311.976901 204.551754
1319.456243 213.714558
1326.603388 223.037308
1333.402445 232.505110
1339.837526 242.103067
1345.892739 251.816284
1351.552195 261.629866
1356.800005 271.528916
1361.620279 281.498538
1365.997126 291.523838
1369.914658 301.589919
1373.356983 311.681885
1376.308213 321.784841
1378.752458 331.883891
1380.673828 341.964139
1382.056432 352.010690
1382.884382 362.008648
1383.141787 371.943116
1382.812758 381.799200
1381.881604 391.562049
1380.345232 401.219645
1378.220473 410.764455
1375.525917 420.189341
1372.280152 429.487165
1368.501770 438.650789
1364.209359 447.673074
1359.421510 456.546882
1354.156812 465.265076
1348.433856 473.820518
1342.271230 482.206068
1335.687526 490.414590
1328.701332 498.438944
1321.331239 506.271994
1313.595836 513.906600
1305.513713 521.335626
1297.103461 528.551931
1288.383668 535.548380
1279.372925 542.317833
1270.089821 548.853152
1260.552947 555.147200
1250.780892 561.192838
1240.792246 566.982928
1230.605599 572.510333
1220.239541 577.767913
1209.712660 582.748531
1199.043549 587.445049
1188.250795 591.850329
1177.352989 595.957232
1166.368721 599.758621
1155.316581 603.247358
1144.215158 606.416303
1133.083042 609.258321
1121.938824 611.766271
1110.801092 613.933016
1099.688437 615.751419
1088.619449 617.214340
1077.612717 618.314642
1066.686831 619.045187
1055.860381 619.398837
1045.151957 619.368453
1034.580149 618.946898
1024.163546 618.127033
1013.920738 616.901721
1003.870316 615.263823
994.030869 613.206201
984.420938 610.721757
975.051020 607.810027
965.914621 604.484557
957.003094 600.760670
948.307789 596.653691
939.820057 592.178942
931.531249 587.351748
923.432717 582.187433
915.515811 576.701319
907.771883 570.908732
900.192284 564.824994
892.768365 558.465429
885.491477 551.845361
878.352971 544.980113
871.344199 537.885010
864.456510 530.575375
857.681258 523.066532
851.009791 515.373804
844.433463 507.512515
837.943624 499.497990
831.531624 491.345550
825.188815 483.070522
818.906549 474.688227
812.676176 466.213990
806.489048 457.663134
800.336515 449.050983
794.209928 440.392862
788.100640 431.704093
782.000000 423.000000
