625.000000 462.056168
625.000000 462.755640
625.000000 463.697083
625.000000 464.692517
625.000000 465.692383
625.000000 466.692383
624.999933 467.692381
624.997650 468.692291
624.968372 469.691146
624.818108 470.685263
624.468305 471.671558
623.995367 472.653004
623.470655 473.632388
622.849669 474.607948
622.147914 475.580278
621.497717 476.554592
620.822673 477.527878
619.997717 478.495170
619.147981 479.461412
618.351952 480.429728
617.500000 481.395760
616.648048 482.361733
615.851952 483.329889
615.000067 484.295764
614.150264 485.261677
613.378947 486.230700
612.620986 487.200228
611.847520 488.169103
610.973004 489.133880
610.029278 490.095834
609.179476 491.061548
608.500000 492.034118
607.820457 493.006674
606.968573 493.972256
606.002216 494.933198
605.058490 495.895045
604.300528 496.864397
603.699472 497.840093
602.941510 498.809446
601.997717 499.771290
601.029145 500.732142
600.150331 501.696635
599.352019 502.664395
598.500067 503.630007
597.650264 504.595728
596.878947 505.564636
596.120986 506.534104
595.347520 507.502974
594.472938 508.467807
593.526996 509.429816
592.650197 510.394646
591.849736 511.362579
590.970789 512.327415
590.000000 513.288639
589.029211 514.249932
588.150264 515.214950
587.349736 516.183145
586.470722 517.148285
585.497717 518.109779
584.499933 519.070386
583.500000 520.031007
582.500000 520.991729
581.500000 521.952560
580.500000 522.913503
579.500067 523.874566
578.502283 524.835832
577.529278 525.798181
576.650264 526.764272
575.849736 527.733480
574.970722 528.699769
573.997717 529.662580
572.999933 530.624584
572.000000 531.586653
571.000000 532.548869
570.000000 533.511240
569.000000 534.473702
568.000000 535.434176
567.000000 536.370035
566.000000 537.212072
565.000000 537.975794
564.000000 538.818177
563.000000 539.754727
562.000000 540.716238
561.000000 541.680081
560.000000 542.644112
559.000000 543.606182
558.000000 544.543665
557.000000 545.387353
556.000000 546.152753
555.000000 546.996839
554.000000 547.935050
553.000000 548.896098
552.000000 549.834722
551.000000 550.679632
550.000000 551.446202
549.000000 552.289323
548.000000 553.201870
547.000000 554.045425
546.000000 554.812863
545.000000 555.659009
544.000000 556.597153
543.000000 557.533373
542.000000 558.353200
541.000000 559.000846
540.000000 559.648722
539.000000 560.469239
538.000000 561.406544
537.000000 562.344082
536.000000 563.165302
535.000000 563.814217
534.000000 564.459071
533.000000 565.227080
532.000000 565.926120
531.000000 566.495290
530.000000 567.221674
529.000000 568.109419
528.000000 568.928197
527.000000 569.578974
526.000000 570.227914
525.000000 571.022647
524.000000 571.817625
523.000000 572.467168
522.000000 573.114876
521.000000 573.885815
520.000000 574.587656
519.000000 575.155404
518.000000 575.833028
517.000000 576.510900
516.000000 577.079391
515.000000 577.782405
514.000000 578.552862
513.000000 579.175803
512.000000 579.707084
511.000000 580.305807
510.000000 580.983197
509.000000 581.607061
508.000000 582.231238
507.000000 582.911517
506.000000 583.536186
505.000000 584.161034
504.000000 584.839833
503.000000 585.438241
502.000000 585.942903
501.000000 586.425177
500.000000 586.930325
499.000000 587.529637
498.000000 588.207743
497.000000 588.809686
496.000000 589.340508
495.000000 589.916000
494.000000 590.474143
493.000000 590.877566
492.000000 591.288418
491.000000 591.840008
490.000000 592.421655
489.000000 592.919938
488.000000 593.410208
487.000000 593.884240
486.000000 594.372821
485.000000 594.847243
484.000000 595.336279
483.000000 595.811153
482.000000 596.300639
481.000000 596.775961
480.000000 597.265757
479.000000 597.737223
478.000000 598.177966
477.000000 598.464037
476.000000 598.772955
475.000000 599.308270
474.000000 599.859303
473.000000 600.271993
472.000000 600.650971
471.000000 601.068361
470.000000 601.351617
469.000000 601.637160
468.000000 602.079947
467.000000 602.553945
466.000000 603.046628
465.000000 603.523175
464.000000 603.991543
463.000000 604.372345
462.000000 604.737838
461.000000 605.103390
460.000000 605.480474
459.000000 605.900113
458.000000 606.185666
457.000000 606.471339
456.000000 606.889389
455.000000 607.242557
454.000000 607.513208
453.000000 607.774829
452.000000 608.112965
451.000000 608.451277
450.000000 608.713427
449.000000 608.984958
448.000000 609.339293
447.000000 609.756778
446.000000 610.019542
445.000000 610.211178
444.000000 610.527977
443.000000 610.865487
442.000000 611.126754
441.000000 611.374825
440.000000 611.636474
439.000000 611.976765
438.000000 612.319292
437.000000 612.606115
436.000000 612.946728
435.000000 613.260628
434.000000 613.402198
433.000000 613.452005
432.000000 613.593864
431.000000 613.908273
430.000000 614.247602
429.000000 614.510732
428.000000 614.758494
427.000000 614.994967
426.000000 615.213920
425.000000 615.331820
424.000000 615.378558
423.000000 615.496783
422.000000 615.718401
421.000000 615.980427
420.000000 616.323212
419.000000 616.666118
418.000000 616.928509
417.000000 617.150735
416.000000 617.269812
415.000000 617.317577
414.000000 617.434667
413.000000 617.630355
412.000000 617.772380
411.000000 617.914514
410.000000 618.110461
409.000000 618.225947
408.000000 618.249629
407.000000 618.273480
406.000000 618.391424
405.000000 618.612665
404.000000 618.849510
403.000000 619.070947
402.000000 619.189281
401.000000 619.213719
400.000000 619.238183
399.000000 619.354646
398.000000 619.551767
397.000000 619.695270
396.000000 619.838861
395.000000 620.036243
394.000000 620.153142
393.000000 620.178216
392.000000 620.203372
391.000000 620.320516
390.000000 620.518307
389.000000 620.662470
388.000000 620.806710
387.000000 621.004732
386.000000 621.122192
385.000000 621.145669
384.000000 621.144504
383.000000 621.143410
382.000000 621.167165
381.000000 621.287127
380.000000 621.510422
379.000000 621.749287
378.000000 621.972713
377.000000 622.092937
376.000000 622.117083
375.000000 622.116445
374.000000 622.113785
373.000000 622.113267
372.000000 622.137653
371.000000 622.258235
370.000000 622.482140
369.000000 622.721603
368.000000 622.945617
367.000000 623.066418
366.000000 623.091133
365.000000 623.091052
364.000000 623.088872
363.000000 623.086742
362.000000 623.086809
361.000000 623.111703
360.000000 623.230567
359.000000 623.425814
358.000000 623.517840
357.000000 623.421930
356.000000 623.222798
355.000000 623.100045
354.000000 623.071256
353.000000 623.067289
352.000000 623.065510
351.000000 623.063837
350.000000 623.062135
349.000000 623.058256
348.000000 623.027484
347.000000 622.877979
346.000000 622.556033
345.000000 622.234122
344.000000 622.084721
343.000000 622.054124
342.000000 622.050487
341.000000 622.049099
340.000000 622.047808
339.000000 622.046415
338.000000 622.040753
337.000000 621.985562
336.000000 621.742419
335.000000 621.342332
334.000000 621.099245
333.000000 621.044166
332.000000 621.038672
331.000000 621.037502
330.000000 621.036424
329.000000 621.033155
328.000000 621.002981
327.000000 620.854062
326.000000 620.532690
325.000000 620.211340
324.000000 620.062489
323.000000 620.032429
322.000000 620.029185
321.000000 620.023880
320.000000 619.969103
319.000000 619.726365
318.000000 619.326675
317.000000 619.083976
316.000000 619.029275
315.000000 619.024152
314.000000 619.023278
313.000000 619.020339
312.000000 618.990489
311.000000 618.841885
310.000000 618.520821
309.000000 618.199772
308.000000 618.051216
307.000000 618.021377
306.000000 618.016266
305.000000 617.986456
304.000000 617.837957
303.000000 617.516929
302.000000 617.193766
301.000000 617.018312
300.000000 616.867583
299.000000 616.663160
298.000000 616.514605
297.000000 616.363913
296.000000 616.132597
295.000000 615.863158
294.000000 615.515310
293.000000 615.192186
292.000000 615.041549
291.000000 614.984912
290.000000 614.859074
289.000000 614.632130
288.000000 614.387608
287.000000 614.133754
286.000000 613.887035
285.000000 613.633131
284.000000 613.386429
283.000000 613.132542
282.000000 612.885857
281.000000 612.632053
280.000000 612.387532
279.000000 612.158456
278.000000 612.005725
277.000000 611.828221
276.000000 611.478247
275.000000 611.034290
274.000000 610.659551
273.000000 610.385934
272.000000 610.129910
271.000000 609.883167
270.000000 609.627222
269.000000 609.355778
268.000000 609.005788
267.000000 608.653653
266.000000 608.355230
265.000000 607.978327
264.000000 607.532151
263.000000 607.155257
262.000000 606.856854
261.000000 606.504682
260.000000 606.152582
259.000000 605.856342
258.000000 605.504251
257.000000 605.152096
256.000000 604.853720
255.000000 604.476861
254.000000 604.030728
253.000000 603.653810
252.000000 603.353232
251.000000 602.974105
250.000000 602.501058
249.000000 602.005384
248.000000 601.532343
247.000000 601.153229
246.000000 600.852604
245.000000 600.473496
244.000000 600.000468
243.000000 599.504745
242.000000 599.029573
241.000000 598.625629
240.000000 598.228815
239.000000 597.744308
238.000000 597.230945
237.000000 596.654535
236.000000 596.177162
235.000000 595.826872
234.000000 595.349436
233.000000 594.770819
232.000000 594.230540
231.000000 593.627214
230.000000 593.055796
229.000000 592.627033
228.000000 592.228162
227.000000 591.745695
226.000000 591.254986
225.000000 590.747810
224.000000 590.254889
223.000000 589.745500
222.000000 589.227802
221.000000 588.624426
220.000000 588.028178
219.000000 587.501141
218.000000 586.974106
217.000000 586.377795
216.000000 585.772277
215.000000 585.229675
214.000000 584.621943
213.000000 583.998708
212.000000 583.352776
211.000000 582.648908
210.000000 582.000830
209.000000 581.352820
208.000000 580.651037
207.000000 580.027741
206.000000 579.473724
205.000000 578.850430
204.000000 578.148650
203.000000 577.500645
202.000000 576.852574
201.000000 576.148648
200.000000 575.500579
199.000000 574.852510
198.000000 574.148519
197.000000 573.498236
196.000000 572.823174
195.000000 571.998266
194.000000 571.150729
193.000000 570.381678
192.000000 569.650696
191.000000 568.998133
190.000000 568.320858
189.000000 567.471175
188.000000 566.529584
187.000000 565.679834
186.000000 565.000345
185.000000 564.320857
184.000000 563.471042
183.000000 562.527237
182.000000 561.650561
181.000000 560.852305
180.000000 560.000276
179.000000 559.148314
178.000000 558.352207
177.000000 557.500246
176.000000 556.648218
175.000000 555.849897
174.000000 554.970941
173.000000 553.997928
172.000000 553.000136
171.000000 552.000263
170.000000 551.002471
169.000000 550.029460
168.000000 549.150438
167.000000 548.349904
166.000000 547.470950
165.000000 546.500155
164.000000 545.529361
163.000000 544.650408
162.000067 543.849874
161.002283 542.970854
160.029278 541.997845
159.150264 541.000057
158.349736 540.000120
157.470722 539.000116
156.497717 538.000111
155.499933 537.000107
154.500000 536.000103
153.500067 535.000099
152.502283 534.000095
151.529278 533.000091
150.650331 532.000088
149.852019 531.000086
149.000000 530.000083
148.147981 529.000080
147.349736 528.000077
146.473004 527.000075
145.527062 526.000072
144.652480 525.000069
143.879014 524.000067
143.121053 523.000065
142.349803 522.000063
141.502216 521.000061
140.677260 520.000059
140.000067 519.000058
139.325023 518.000056
138.526996 517.000054
137.798179 516.000053
137.199539 515.000051
136.446009 514.000050
135.553991 513.000048
134.800461 512.000047
134.201821 511.000045
133.473004 510.000044
132.675044 509.000043
132.002216 508.000042
131.352019 507.000040
130.648048 506.000039
129.999933 505.000038
129.349736 504.000037
128.621053 503.000036
127.879014 502.000035
127.152547 501.000034
126.529278 500.000033
126.000000 499.000032
125.470789 498.000032
124.849669 497.000031
124.147981 496.000030
123.500000 495.000029
122.852019 494.000028
122.150331 493.000028
121.529278 492.000027
121.002216 491.000026
120.497851 490.000026
119.972938 489.000025
119.376731 488.000025
118.771250 487.000024
118.228750 486.000023
117.623269 485.000023
117.027062 484.000022
116.502149 483.000022
115.997851 482.000021
115.472938 481.000021
114.876798 480.000020
114.273466 479.000020
113.755813 478.000019
113.246470 477.000019
112.753597 476.000019
112.246470 475.000018
111.755813 474.000018
111.273466 473.000017
110.876798 472.000017
110.473004 471.000017
110.000000 470.000017
109.526996 469.000016
109.123202 468.000016
108.726534 467.000016
108.244187 466.000015
107.753530 465.000015
107.246470 464.000015
106.755813 463.000014
106.273533 462.000014
105.879081 461.000014
105.502216 460.000014
105.148115 459.000013
104.851885 458.000013
104.497784 457.000013
104.120986 456.000013
103.728683 455.000013
103.271317 454.000012
102.878947 453.000012
102.500000 452.000012
102.121053 451.000012
101.728683 450.000012
101.271317 449.000011
100.879014 448.000011
100.502216 447.000011
100.148115 446.000011
99.851885 445.000011
99.497784 444.000011
99.121053 443.000010
98.730966 442.000010
98.300528 441.000010
98.027062 440.000010
97.825023 439.000010
97.500067 438.000010
97.177193 437.000010
97.000000 436.000009
96.822740 435.000009
96.497717 434.000009
96.147981 433.000009
95.852019 432.000009
95.502350 431.000009
95.179543 430.000009
95.029211 429.000009
94.970789 428.000009
94.820457 427.000009
94.497650 426.000008
94.147981 425.000008
93.852019 424.000008
93.502350 423.000008
93.179609 422.000008
93.031494 421.000008
93.000000 420.000008
92.968506 419.000008
92.820457 418.000008
92.500000 417.000008
92.179409 416.000008
92.026996 415.000008
91.943793 414.000008
91.699539 413.000007
91.300461 412.000007
91.056274 411.000007
90.975220 410.000007
90.847587 409.000007
90.620986 408.000007
90.379014 407.000007
90.152480 406.000007
90.027062 405.000007
89.972938 404.000007
89.847520 403.000007
89.620986 402.000007
89.379014 401.000007
89.152547 400.000007
89.029278 399.000007
89.000000 398.000007
88.970722 397.000007
88.847453 396.000007
88.620986 395.000007
88.379014 394.000006
88.152547 393.000006
88.029345 392.000006
88.002216 391.000006
87.997784 390.000006
87.970655 389.000006
87.847453 388.000006
87.620986 387.000006
87.379014 386.000006
87.152547 385.000006
87.029278 384.000006
87.000000 383.000006
86.970789 382.000006
86.849669 381.000006
86.647981 380.000006
86.500000 379.000006
86.352019 378.000006
86.150331 377.000006
86.029278 376.000006
86.002216 375.000006
85.997784 374.000006
85.970722 373.000006
85.849736 372.000006
85.650197 371.000006
85.526996 370.000006
85.473004 369.000006
85.349803 368.000006
85.150264 367.000006
85.029211 366.000006
85.000000 365.000006
84.970789 364.000006
84.849736 363.000006
84.650264 362.000005
84.529278 361.000005
84.502216 360.000005
84.497784 359.000005
84.470722 358.000005
84.349736 357.000005
84.150264 356.000005
84.029345 355.000005
84.004566 354.000005
84.029345 353.000005
84.150264 352.000005
84.349736 351.000005
84.470722 350.000005
84.497717 349.000005
84.499933 348.000005
84.500000 347.000005
84.500000 346.000005
84.500067 345.000005
84.502350 344.000005
84.531561 343.000005
84.679543 342.000005
85.000000 341.000006
85.320457 340.000006
85.468439 339.000006
85.497650 338.000006
85.499933 337.000006
85.500067 336.000006
85.502283 335.000006
85.529345 334.000006
85.652547 333.000006
85.879014 332.000006
86.120986 331.000006
86.347453 330.000006
86.470655 329.000006
86.497717 328.000006
86.500000 327.000006
86.502350 326.000006
86.531561 325.000006
86.679543 324.000006
87.000000 323.000006
87.320457 322.000006
87.468439 321.000006
87.497717 320.000006
87.502283 319.000006
87.531561 318.000006
87.679543 317.000006
88.000000 316.000006
88.320457 315.000006
88.468439 314.000006
88.497650 313.000007
88.500067 312.000007
88.504566 311.000007
88.558557 310.000007
88.800528 309.000007
89.199472 308.000007
89.441443 307.000007
89.495434 306.000007
89.499933 305.000007
89.502350 304.000007
89.531561 303.000007
89.679543 302.000007
90.000000 301.000007
90.320457 300.000007
90.468506 299.000007
90.500000 298.000007
90.531494 297.000007
90.679609 296.000007
91.002350 295.000007
91.352019 294.000007
91.647981 293.000007
91.997650 292.000008
92.320391 291.000008
92.468439 290.000008
92.497784 289.000008
92.504499 288.000008
92.558557 287.000008
92.800528 286.000008
93.199539 285.000008
93.443726 284.000008
93.524780 283.000008
93.652413 282.000008
93.879081 281.000008
94.123335 280.000008
94.379014 279.000008
94.650264 278.000009
95.000000 277.000009
95.349736 276.000009
95.620986 275.000009
95.876731 274.000009
96.123202 273.000009
96.376798 272.000009
96.623202 271.000009
96.876865 270.000009
97.125484 269.000009
97.406077 268.000010
97.773466 267.000010
98.226534 266.000010
98.593990 265.000010
98.876731 264.000010
99.150197 263.000010
99.500000 262.000011
99.849803 261.000011
100.123269 260.000011
100.406010 259.000011
100.773533 258.000011
101.228817 257.000011
101.623202 256.000012
102.024713 255.000012
102.470722 254.000012
102.822740 253.000012
103.026996 252.000012
103.300528 251.000012
103.731033 250.000013
104.123335 249.000013
104.526996 248.000013
105.000000 247.000013
105.473071 246.000014
105.879014 245.000014
106.300461 244.000014
106.876798 243.000014
107.445942 242.000015
107.874516 241.000015
108.271183 240.000015
108.728750 239.000016
109.123269 238.000016
109.527062 237.000016
110.002216 236.000017
110.500000 235.000017
110.997784 234.000017
111.473004 233.000018
111.879014 232.000018
112.300528 231.000018
112.879014 230.000019
113.473004 229.000019
113.997784 228.000020
114.499933 227.000020
115.000000 226.000020
115.500067 225.000021
116.002283 224.000021
116.529278 223.000022
117.150264 222.000022
117.849736 221.000023
118.470722 220.000024
118.997717 219.000024
119.500000 218.000025
120.002283 217.000025
120.529278 216.000026
121.150331 215.000026
121.851952 214.000027
122.497784 213.000028
123.120986 212.000029
123.728750 211.000029
124.273533 210.000030
124.906010 209.000031
125.623202 208.000032
126.347587 207.000033
126.972938 206.000034
127.526996 205.000035
128.150264 204.000035
128.852019 203.000036
129.500000 202.000037
130.148048 201.000038
130.852019 200.000040
131.502216 199.000041
132.175044 198.000042
132.973004 197.000043
133.701755 196.000045
134.298312 195.000046
135.029211 194.000047
135.852019 193.000049
136.621120 192.000050
137.378947 191.000052
138.150264 190.000053
139.000000 189.000055
139.849736 188.000057
140.621053 187.000059
141.379014 186.000061
142.152547 185.000063
143.029278 184.000065
144.000000 183.000068
144.970722 182.000070
145.847453 181.000073
146.620986 180.000075
147.378947 179.000077
148.150264 178.000080
149.000067 177.000083
149.851952 176.000086
150.648048 175.000088
151.500000 174.000091
152.352019 173.000094
153.150331 172.000098
154.029278 171.000101
155.002283 170.000105
156.000067 169.000109
157.000000 168.000114
158.000000 167.000118
158.999933 166.000123
159.997717 165.000128
160.970722 164.000200
161.849736 163.002420
162.650264 162.029420
163.529278 161.150411
164.502283 160.349888
165.500067 159.470880
166.500000 158.497882
167.500000 157.500104
168.500000 156.500178
169.500000 155.500252
170.500000 154.502475
171.500000 153.529478
172.500000 152.650471
173.500000 151.850018
174.500000 150.973228
175.500000 150.027295
176.500000 149.152722
177.500000 148.379265
178.500000 147.621246
179.500000 146.847790
180.500000 145.973218
181.500000 145.027354
182.500000 144.152783
183.500000 143.379396
184.500000 142.623595
185.500000 141.877137
186.500000 141.123554
187.500000 140.377097
188.500000 139.621365
189.500000 138.850129
190.500000 138.000408
191.500000 137.150688
192.500000 136.379387
193.500000 135.621576
194.500000 134.852492
195.500000 134.029703
196.500000 133.298755
197.500000 132.700067
198.500000 131.946557
199.500000 131.054626
200.500000 130.303334
201.500000 129.731711
202.500000 129.123969
203.500000 128.527653
204.500000 128.000614
205.500000 127.471495
206.500000 126.850401
207.500000 126.148740
208.500000 125.500787
209.500000 124.852767
210.500000 124.148960
211.500000 123.503092
212.500000 122.879922
213.500000 122.272257
214.500000 121.729657
215.500000 121.122062
216.500000 120.501045
217.500000 119.880030
218.500000 119.272438
219.500000 118.729912
220.500000 118.124471
221.500000 117.528241
222.500000 117.001290
223.500000 116.474340
224.500000 115.878181
225.500000 115.274964
226.500000 114.759510
227.500000 114.275066
228.500000 113.878319
229.500000 113.472298
230.500000 112.970273
231.500000 112.353645
232.500000 111.679147
233.500000 111.154364
234.500000 110.730766
235.500000 110.246338
236.500000 109.757832
237.500000 109.275624
238.500000 108.879030
239.500000 108.475246
240.500000 108.000238
241.500000 107.504685
242.500000 107.031764
243.500000 106.650621
244.500000 106.323253
245.500000 105.825561
246.500000 105.180176
247.500000 104.682557
248.500000 104.357350
249.500000 104.001071
250.500000 103.624314
251.500000 103.232122
252.500000 102.774871
253.500000 102.382686
254.500000 102.006010
255.500000 101.651968
256.500000 101.353718
257.500000 100.974971
258.500000 100.504253
259.500000 100.031457
260.500000 99.627943
261.500000 99.235858
262.500000 98.807658
263.500000 98.559131
264.500000 98.451247
265.500000 98.204879
266.500000 97.801545
267.500000 97.505695
268.500000 97.207635
269.500000 96.775240
270.500000 96.385350
271.500000 96.011037
272.500000 95.684073
273.500000 95.506961
274.500000 95.329989
275.500000 95.007342
276.500000 94.682620
277.500000 94.480889
278.500000 94.209820
279.500000 93.804417
280.500000 93.508650
281.500000 93.212891
282.500000 92.807578
283.500000 92.538696
284.500000 92.361798
285.500000 92.131201
286.500000 91.889274
287.500000 91.658695
288.500000 91.481831
289.500000 91.213136
290.500000 90.812258
291.500000 90.568362
292.500000 90.487676
293.500000 90.360421
294.500000 90.134209
295.500000 89.892637
296.500000 89.666514
297.500000 89.541519
298.500000 89.487828
299.500000 89.362857
300.500000 89.136781
301.500000 88.895213
302.500000 88.666947
303.500000 88.515030
304.500000 88.340497
305.500000 88.018348
306.500000 87.698295
307.500000 87.548651
308.500000 87.493012
309.500000 87.370259
310.500000 87.169103
311.500000 87.021737
312.500000 86.874386
313.500000 86.673279
314.500000 86.550675
315.500000 86.497366
316.500000 86.374865
317.500000 86.175978
318.500000 86.053513
319.500000 86.000279
320.500000 85.877786
321.500000 85.676828
322.500000 85.529663
323.500000 85.382519
324.500000 85.181691
325.500000 85.061519
326.500000 85.035360
327.500000 85.031855
328.500000 85.005742
329.500000 84.885664
330.500000 84.684974
331.500000 84.538017
332.500000 84.391084
333.500000 84.190472
334.500000 84.070521
335.500000 84.044588
336.500000 84.041314
337.500000 84.015437
338.500000 83.895599
339.500000 83.695156
340.500000 83.548449
341.500000 83.401774
342.500000 83.201424
343.500000 83.081741
344.500000 83.056149
345.500000 83.055369
346.500000 83.056773
347.500000 83.058212
348.500000 83.057538
349.500000 83.032054
350.499933 82.910468
351.497650 82.685650
352.468372 82.445321
353.318108 82.220322
354.531628 80.069989
355.502350 82.071683
356.500067 82.073534
357.500000 82.075432
358.500000 82.077374
359.500000 82.079360
360.500000 82.081392
361.500000 82.083469
362.500000 82.085594
363.500000 82.087767
364.500000 82.089989
365.500000 82.092328
366.500000 82.096866
367.500000 82.126303
368.500000 82.251931
369.500000 82.480879
370.500000 82.725386
371.500000 82.954444
372.500000 83.080293
373.500000 83.110061
374.500000 83.115041
375.500000 83.117932
376.500000 83.120883
377.500000 83.126046
378.500000 83.156118
379.500000 83.282394
380.500000 83.512000
381.500000 83.757177
382.500000 83.986918
383.500000 84.113462
384.500000 84.143936
385.500000 84.149635
386.500000 84.153324
387.500000 84.159236
388.500000 84.192151
389.500000 84.343912
390.500000 84.668227
391.500000 84.992620
392.500000 85.144617
393.500000 85.177925
394.500000 85.184453
395.500000 85.190999
396.500000 85.222409
397.500000 85.350045
398.500000 85.581035
399.500000 85.827617
400.500000 86.058787
401.500000 86.186782
402.500000 86.218799
403.500000 86.228213
404.500000 86.260354
405.500000 86.386582
406.500000 86.593545
407.500000 86.746903
408.500000 86.900362
409.500000 87.107698
410.500000 87.236653
411.500000 87.296438
412.500000 87.425608
413.500000 87.633441
414.500000 87.789761
415.500000 87.970973
416.500000 88.300063
417.500000 88.629270
418.500000 88.810830
419.500000 88.967797
420.500000 89.178591
421.500000 89.333652
422.500000 89.490986
423.500000 89.729080
424.500000 90.005437
425.500000 90.360409
426.500000 90.692881
427.500000 90.875639
428.500000 91.033752
429.500000 91.245707
430.500000 91.401877
431.500000 91.558253
432.500000 91.772774
433.500000 91.956362
434.500000 92.234084
435.500000 92.646294
436.500000 92.924376
437.500000 93.110700
438.500000 93.350881
439.500000 93.602555
440.500000 93.843043
441.500000 94.030048
442.500000 94.311201
443.500000 94.749486
444.500000 95.124951
445.500000 95.415864
446.500000 95.675103
447.500000 95.941634
448.500000 96.223839
449.500000 96.586848
450.500000 96.974809
451.500000 97.378515
452.500000 97.847459
453.500000 98.251450
454.500000 98.638034
455.500000 98.979469
456.500000 99.193939
457.500000 99.479885
458.500000 99.922989
459.500000 100.325928
460.500000 100.715702
461.500000 101.083102
462.500000 101.394906
463.500000 101.787405
464.500000 102.272007
465.500000 102.756807
466.500000 103.149897
467.500000 103.462686
468.500000 103.831466
469.500000 104.223080
470.500000 104.630402
471.500000 105.102996
472.500000 105.510801
473.500000 105.905393
474.500000 106.300263
475.500000 106.710850
476.500000 107.209412
477.500000 107.716568
478.500000 108.240342
479.500000 108.747933
480.500000 109.247432
481.500000 109.661474
482.500000 110.082931
483.500000 110.575904
484.500000 111.091800
485.500000 111.610004
486.500000 112.128502
487.500000 112.647162
488.500000 113.163970
489.500000 113.658378
490.500000 114.083807
491.500000 114.524974
492.500000 115.123347
493.500000 115.737526
494.500000 116.284813
495.500000 116.832404
496.500000 117.449444
497.500000 118.073849
498.500000 118.612881
499.500000 119.145925
500.500000 119.685372
501.500000 120.308592
502.500000 120.902298
503.500000 121.357825
504.500000 121.829101
505.500000 122.526871
506.500000 123.249599
507.500000 123.840447
508.500000 124.473975
509.500000 125.119089
510.500000 125.764382
511.500000 126.396501
512.500000 126.963870
513.500000 127.596551
514.500000 128.244984
515.500000 128.916295
516.500000 129.643642
517.500000 130.290736
518.500000 130.846237
519.500000 131.404068
520.500000 132.076685
521.500000 132.899395
522.500000 133.655291
523.500000 134.279241
524.500000 135.035697
525.500000 135.861676
526.500000 136.564851
527.500000 137.268270
528.500000 138.094984
529.500000 138.852732
530.500000 139.480612
531.500000 140.265707
532.500000 141.212162
533.500000 142.089646
534.500000 142.799192
535.500000 143.509044
536.500000 144.389460
537.500000 145.364035
538.500000 146.269635
539.500000 147.074419
540.500000 147.863931
541.500000 148.666963
542.500000 149.546561
543.500000 150.403756
544.500000 151.113547
545.500000 151.825713
546.500000 152.710510
547.500000 153.710001
548.500000 154.687079
549.500000 155.478611
550.500000 156.113452
551.500000 156.905479
552.500000 157.885630
553.500000 158.913332
554.500000 159.918611
555.500000 160.805457
556.500000 161.519961
557.500000 162.232516
558.500000 163.092963
559.500000 163.978384
560.500000 164.812438
561.500000 165.727315
562.500000 166.734285
563.500000 167.741437
564.500000 168.656928
565.500000 169.494176
566.500000 170.410082
567.500000 171.420148
568.500000 172.455160
569.500000 173.492485
570.500000 174.530035
571.500000 175.567742
572.500000 176.605601
573.500000 177.643608
574.500000 178.681761
575.500000 179.720055
576.500000 180.758486
577.500000 181.797050
578.500000 182.835744
579.500000 183.874563
580.500000 184.913503
581.500000 185.952560
582.500000 186.991729
583.499933 188.031004
584.497717 189.070298
585.470655 190.108709
586.347453 191.143402
587.120986 192.174066
587.879014 193.204167
588.652547 194.234933
589.529278 195.269861
590.500000 196.308602
591.470789 197.347412
592.349669 198.382602
593.147981 199.414608
594.000000 200.448807
594.852019 201.483046
595.650331 202.515158
596.529211 203.550545
597.500000 204.589669
598.470789 205.628826
599.349669 206.664301
600.147981 207.696541
601.000000 208.730964
601.851952 209.765397
602.648048 210.797581
603.500000 211.832028
604.352019 212.866479
605.150264 213.898755
606.026996 214.934200
606.973004 215.972435
607.849736 217.007857
608.647981 218.040093
609.500000 219.074482
610.351952 220.108846
611.148048 221.140933
612.000000 222.175241
612.852019 223.209519
613.650264 224.241600
614.526996 225.276794
615.472938 226.314713
616.347520 227.349717
617.120986 228.380629
617.879014 229.410879
618.652480 230.441696
619.526996 231.476477
620.470722 232.513932
621.320524 233.547584
622.000000 234.574438
622.679543 235.601245
623.531427 236.634778
624.497784 237.672713
625.441510 238.709650
626.199472 239.739232
626.800528 240.762637
627.558557 241.792082
628.504432 242.828709
629.495568 243.866947
630.441443 244.903296
631.199472 245.932323
631.800528 246.955272
632.558557 247.984126
633.504499 249.019993
634.497851 250.057484
635.470655 251.094020
636.347453 252.126795
637.120986 253.155583
637.879014 254.183676
638.652547 255.212220
639.529278 256.244418
640.499933 257.279869
641.468506 258.315033
642.320457 259.345784
643.000000 260.370188
643.679476 261.394480
644.529278 262.424701
645.473004 263.458050
646.347520 264.488749
647.120986 265.515734
647.879014 266.542026
648.652547 267.568695
649.529278 268.598722
650.500000 269.631715
651.470722 270.664437
652.347453 271.693752
653.120986 272.719427
653.879014 273.744410
654.652480 274.769719
655.527062 275.798112
656.472938 276.828544
657.347520 277.856425
658.120986 278.880873
658.879014 279.904639
659.652480 280.928689
660.526996 281.955633
661.470722 282.984412
662.320524 284.010057
663.000000 285.030376
663.679543 286.050530
664.531427 287.075556
665.497784 288.103619
666.441510 289.130687
667.199472 290.152180
667.800528 291.169067
668.558557 292.190164
669.504566 293.216176
670.500134 294.243166
671.500000 295.269870
672.500000 296.296170
673.500000 297.321989
674.500000 298.345241
675.500000 299.343223
676.500000 300.244504
677.500000 301.037721
678.500000 301.763221
679.500000 302.288806
680.500000 302.639185
681.500000 303.040602
682.500000 303.508625
683.500000 303.906910
684.500000 304.228325
685.500000 304.625675
686.500000 305.091763
687.500000 305.488162
688.500000 305.807677
689.500000 306.203109
690.500000 306.667264
691.500000 307.061648
692.500000 307.377050
693.500000 307.745726
694.500000 308.113898
695.500000 308.427858
696.500000 308.821876
697.500000 309.307290
698.500000 309.792187
699.500000 310.184658
700.500000 310.496040
701.500000 310.860604
702.500000 311.224574
703.500000 311.532160
704.500000 311.895069
705.500000 312.257445
706.500000 312.563429
707.500000 312.924731
708.500000 313.285560
709.500000 313.592141
710.500000 313.978746
711.500000 314.456715
712.500000 314.934137
713.500000 315.319102
714.500000 315.622951
715.500000 315.979956
716.500000 316.336409
717.500000 316.638537
718.500000 317.018597
719.500000 317.467381
720.500000 317.846334
721.500000 318.146112
722.500000 318.494676
723.500000 318.788760
724.500000 318.788760
725.500000 318.494676
726.500000 318.146112
727.500000 317.846334
728.500000 317.467381
729.500000 317.018597
730.500000 316.638537
731.500000 316.336409
732.500000 315.979956
733.500000 315.622951
734.500000 315.319102
735.500000 314.934137
736.500000 314.456715
737.500000 313.978746
738.500000 313.592141
739.500000 313.285560
740.500000 312.924731
741.500000 312.563429
742.500000 312.257445
743.500000 311.895069
744.500000 311.532160
745.500000 311.224574
746.500000 310.860604
747.500000 310.496040
748.500000 310.184658
749.500000 309.792187
750.500000 309.307290
751.500000 308.821876
752.500000 308.427858
753.500000 308.113898
754.500000 307.745726
755.500000 307.377050
756.500000 307.061648
757.500000 306.667264
758.500000 306.203109
759.500000 305.807677
760.500000 305.488162
761.500000 305.091763
762.500000 304.625675
763.500000 304.228325
764.500000 303.906910
765.500000 303.508625
766.500000 303.040602
767.500000 302.639185
768.500000 302.288806
769.500000 301.763221
770.500000 301.037721
771.500000 300.244504
772.500000 299.343223
773.500000 298.345241
774.500000 297.321989
775.500000 296.296170
776.500000 295.269870
777.499866 294.243166
778.495434 293.216176
779.441443 292.190164
780.199472 291.169067
780.800528 290.152180
781.558490 289.130687
782.502216 288.103619
783.468573 287.075556
784.320457 286.050530
785.000000 285.030376
785.679476 284.010057
786.529278 282.984412
787.473004 281.955633
788.347520 280.928689
789.120986 279.904639
789.879014 278.880873
790.652480 277.856425
791.527062 276.828544
792.472938 275.798112
793.347520 274.769719
794.120986 273.744410
794.879014 272.719427
795.652547 271.693752
796.529278 270.664437
797.500000 269.631715
798.470722 268.598722
799.347453 267.568695
800.120986 266.542026
800.879014 265.515734
801.652480 264.488749
802.526996 263.458050
803.470722 262.424701
804.320524 261.394480
805.000000 260.370188
805.679543 259.345784
806.531494 258.315033
807.500067 257.279869
808.470722 256.244418
809.347453 255.212220
810.120986 254.183676
810.879014 253.155583
811.652547 252.126795
812.529345 251.094020
813.502149 250.057484
814.495501 249.019993
815.441443 247.984126
816.199472 246.955272
816.800528 245.932323
817.558557 244.903296
818.504432 243.866947
819.495568 242.828709
820.441443 241.792082
821.199472 240.762637
821.800528 239.739232
822.558490 238.709650
823.502216 237.672713
824.468573 236.634778
825.320457 235.601245
826.000000 234.574438
826.679476 233.547584
827.529278 232.513932
828.473004 231.476477
829.347520 230.441696
830.120986 229.410879
830.879014 228.380629
831.652480 227.349717
832.527062 226.314713
833.473004 225.276794
834.349736 224.241600
835.147981 223.209519
836.000000 222.175241
836.851952 221.140933
837.648048 220.108846
838.500000 219.074482
839.352019 218.040093
840.150264 217.007857
841.026996 215.972435
841.973004 214.934200
842.849736 213.898755
843.647981 212.866479
844.500000 211.832028
845.351952 210.797581
846.148048 209.765397
847.000000 208.730964
847.852019 207.696541
848.650331 206.664301
849.529211 205.628826
850.500000 204.589669
851.470789 203.550545
852.349669 202.515158
853.147981 201.483046
854.000000 200.448807
854.852019 199.414608
855.650331 198.382602
856.529211 197.347412
857.500000 196.308602
858.470722 195.269861
859.347453 194.234933
860.120986 193.204167
860.879014 192.174066
861.652547 191.143402
862.529345 190.108709
863.502283 189.070298
864.500067 188.031004
865.500000 186.991729
866.500000 185.952560
867.500000 184.913503
868.500000 183.874563
869.500000 182.835744
870.500000 181.797050
871.500000 180.758486
872.500000 179.720055
873.500000 178.681761
874.500000 177.643608
875.500000 176.605601
876.500000 175.567742
877.500000 174.530035
878.500000 173.492485
879.500000 172.455160
880.500000 171.420148
881.500000 170.410082
882.500000 169.494176
883.500000 168.656928
884.500000 167.741437
885.500000 166.734285
886.500000 165.727315
887.500000 164.812438
888.500000 163.978384
889.500000 163.092963
890.500000 162.232516
891.500000 161.519961
892.500000 160.805457
893.500000 159.918611
894.500000 158.913332
895.500000 157.885630
896.500000 156.905479
897.500000 156.113452
898.500000 155.478611
899.500000 154.687079
900.500000 153.710001
901.500000 152.710510
902.500000 151.825713
903.500000 151.113547
904.500000 150.403756
905.500000 149.546561
906.500000 148.666963
907.500000 147.863931
908.500000 147.074419
909.500000 146.269635
910.500000 145.364035
911.500000 144.389460
912.500000 143.509044
913.500000 142.799192
914.500000 142.089646
915.500000 141.212162
916.500000 140.265707
917.500000 139.480612
918.500000 138.852732
919.500000 138.094984
920.500000 137.268270
921.500000 136.564851
922.500000 135.861676
923.500000 135.035697
924.500000 134.279241
925.500000 133.655291
926.500000 132.899395
927.500000 132.076685
928.500000 131.404068
929.500000 130.846237
930.500000 130.290736
931.500000 129.643642
932.500000 128.916295
933.500000 128.244984
934.500000 127.596551
935.500000 126.963870
936.500000 126.396501
937.500000 125.764382
938.500000 125.119089
939.500000 124.473975
940.500000 123.840447
941.500000 123.249599
942.500000 122.526871
943.500000 121.829101
944.500000 121.357825
945.500000 120.902298
946.500000 120.308592
947.500000 119.685372
948.500000 119.145925
949.500000 118.612881
950.500000 118.073849
951.500000 117.449444
952.500000 116.832404
953.500000 116.284813
954.500000 115.737526
955.500000 115.123347
956.500000 114.524974
957.500000 114.083807
958.500000 113.658378
959.500000 113.163970
960.500000 112.647162
961.500000 112.128502
962.500000 111.610004
963.500000 111.091800
964.500000 110.575904
965.500000 110.082931
966.500000 109.661474
967.500000 109.247432
968.500000 108.747933
969.500000 108.240342
970.500000 107.716568
971.500000 107.209412
972.500000 106.710850
973.500000 106.300263
974.500000 105.905393
975.500000 105.510801
976.500000 105.102996
977.500000 104.630402
978.500000 104.223080
979.500000 103.831466
980.500000 103.462686
981.500000 103.149897
982.500000 102.756807
983.500000 102.272007
984.500000 101.787405
985.500000 101.394906
986.500000 101.083102
987.500000 100.715702
988.500000 100.325928
989.500000 99.922989
990.500000 99.479885
991.500000 99.193939
992.500000 98.979469
993.500000 98.638034
994.500000 98.251450
995.500000 97.847459
996.500000 97.378515
997.500000 96.974809
998.500000 96.586848
999.500000 96.223839
1000.500000 95.941634
1001.500000 95.675103
1002.500000 95.415864
1003.500000 95.124951
1004.500000 94.749486
1005.500000 94.311201
1006.500000 94.030048
1007.500000 93.843043
1008.500000 93.602555
1009.500000 93.350881
1010.500000 93.110700
1011.500000 92.924376
1012.500000 92.646294
1013.500000 92.234084
1014.500000 91.956362
1015.500000 91.772774
1016.500000 91.558253
1017.500000 91.401877
1018.500000 91.245707
1019.500000 91.033752
1020.500000 90.875639
1021.500000 90.692881
1022.500000 90.360409
1023.500000 90.005437
1024.500000 89.729080
1025.500000 89.490986
1026.500000 89.333652
1027.500000 89.178591
1028.500000 88.967797
1029.500000 88.810830
1030.500000 88.629270
1031.500000 88.300063
1032.500000 87.970973
1033.500000 87.789761
1034.500000 87.633441
1035.500000 87.425608
1036.500000 87.296438
1037.500000 87.236653
1038.500000 87.107698
1039.500000 86.900362
1040.500000 86.746903
1041.500000 86.593545
1042.500000 86.386582
1043.500000 86.260354
1044.500000 86.228213
1045.500000 86.218799
1046.500000 86.186782
1047.500000 86.058787
1048.500000 85.827617
1049.500000 85.581035
1050.500000 85.350045
1051.500000 85.222409
1052.500000 85.190999
1053.500000 85.184453
1054.500000 85.177925
1055.500000 85.144617
1056.500000 84.992620
1057.500000 84.668227
1058.500000 84.343912
1059.500000 84.192151
1060.500000 84.159236
1061.500000 84.153324
1062.500000 84.149635
1063.500000 84.143936
1064.500000 84.113462
1065.500000 83.986918
1066.500000 83.757177
1067.500000 83.512000
1068.500000 83.282394
1069.500000 83.156118
1070.500000 83.126046
1071.500000 83.120883
1072.500000 83.117932
1073.500000 83.115041
1074.500000 83.110061
1075.500000 83.080293
1076.500000 82.954444
1077.500000 82.725386
1078.500000 82.480879
1079.500000 82.251931
1080.500000 82.126303
1081.500000 82.096866
1082.500000 82.092328
1083.500000 82.089989
1084.500000 82.087767
1085.500000 82.085594
1086.500000 82.083469
1087.500000 82.081392
1088.500000 82.079360
1089.500000 82.077374
1090.500000 82.075432
1091.499933 82.073534
1092.497650 82.071683
1093.468372 82.069989
1094.681892 82.220322
1095.531628 82.445321
1096.502350 82.685650
1097.500067 82.910468
1098.500000 83.032054
1099.500000 83.057538
1100.500000 83.058212
1101.500000 83.056773
1102.500000 83.055369
1103.500000 83.056149
1104.500000 83.081741
1105.500000 83.201424
1106.500000 83.401774
1107.500000 83.548449
1108.500000 83.695156
1109.500000 83.895599
1110.500000 84.015437
1111.500000 84.041314
1112.500000 84.044588
1113.500000 84.070521
1114.500000 84.190472
1115.500000 84.391084
1116.500000 84.538017
1117.500000 84.684974
1118.500000 84.885664
1119.500000 85.005742
1120.500000 85.031855
1121.500000 85.035360
1122.500000 85.061519
1123.500000 85.181691
1124.500000 85.382519
1125.500000 85.529663
1126.500000 85.676828
1127.500000 85.877786
1128.500000 86.000279
1129.500000 86.053513
1130.500000 86.175978
1131.500000 86.374865
1132.500000 86.497366
1133.500000 86.550675
1134.500000 86.673279
1135.500000 86.874386
1136.500000 87.021737
1137.500000 87.169103
1138.500000 87.370259
1139.500000 87.493012
1140.500000 87.548651
1141.500000 87.698295
1142.500000 88.018348
1143.500000 88.340497
1144.500000 88.515030
1145.500000 88.666947
1146.500000 88.895213
1147.500000 89.136781
1148.500000 89.362857
1149.500000 89.487828
1150.500000 89.541519
1151.500000 89.666514
1152.500000 89.892637
1153.500000 90.134209
1154.500000 90.360421
1155.500000 90.487676
1156.500000 90.568362
1157.500000 90.812258
1158.500000 91.213136
1159.500000 91.481831
1160.500000 91.658695
1161.500000 91.889274
1162.500000 92.131201
1163.500000 92.361798
1164.500000 92.538696
1165.500000 92.807578
1166.500000 93.212891
1167.500000 93.508650
1168.500000 93.804417
1169.500000 94.209820
1170.500000 94.480889
1171.500000 94.682620
1172.500000 95.007342
1173.500000 95.329989
1174.500000 95.506961
1175.500000 95.684073
1176.500000 96.011037
1177.500000 96.385350
1178.500000 96.775240
1179.500000 97.207635
1180.500000 97.505695
1181.500000 97.801545
1182.500000 98.204879
1183.500000 98.451247
1184.500000 98.559131
1185.500000 98.807658
1186.500000 99.235858
1187.500000 99.627943
1188.500000 100.031457
1189.500000 100.504253
1190.500000 100.974971
1191.500000 101.353718
1192.500000 101.651968
1193.500000 102.006010
1194.500000 102.382686
1195.500000 102.774871
1196.500000 103.232122
1197.500000 103.624314
1198.500000 104.001071
1199.500000 104.357350
1200.500000 104.682557
1201.500000 105.180176
1202.500000 105.825561
1203.500000 106.323253
1204.500000 106.650621
1205.500000 107.031764
1206.500000 107.504685
1207.500000 108.000238
1208.500000 108.475246
1209.500000 108.879030
1210.500000 109.275624
1211.500000 109.757832
1212.500000 110.246338
1213.500000 110.730766
1214.500000 111.154364
1215.500000 111.679147
1216.500000 112.353645
1217.500000 112.970273
1218.500000 113.472298
1219.500000 113.878319
1220.500000 114.275066
1221.500000 114.759510
1222.500000 115.274964
1223.500000 115.878181
1224.500000 116.474340
1225.500000 117.001290
1226.500000 117.528241
1227.500000 118.124471
1228.500000 118.729912
1229.500000 119.272438
1230.500000 119.880030
1231.500000 120.501045
1232.500000 121.122062
1233.500000 121.729657
1234.500000 122.272257
1235.500000 122.879922
1236.500000 123.503092
1237.500000 124.148960
1238.500000 124.852767
1239.500000 125.500787
1240.500000 126.148740
1241.500000 126.850401
1242.500000 127.471495
1243.500000 128.000614
1244.500000 128.527653
1245.500000 129.123969
1246.500000 129.731711
1247.500000 130.303334
1248.500000 131.054626
1249.500000 131.946557
1250.500000 132.700067
1251.500000 133.298755
1252.500000 134.029703
1253.500000 134.852492
1254.500000 135.621576
1255.500000 136.379387
1256.500000 137.150688
1257.500000 138.000408
1258.500000 138.850129
1259.500000 139.621365
1260.500000 140.377097
1261.500000 141.123554
1262.500000 141.877137
1263.500000 142.623595
1264.500000 143.379396
1265.500000 144.152783
1266.500000 145.027354
1267.500000 145.973218
1268.500000 146.847790
1269.500000 147.621246
1270.500000 148.379265
1271.500000 149.152722
1272.500000 150.027295
1273.500000 150.973228
1274.500000 151.850018
1275.500000 152.650471
1276.500000 153.529478
1277.500000 154.502475
1278.500000 155.500252
1279.500000 156.500178
1280.500000 157.500104
1281.500000 158.497882
1282.499933 159.470880
1283.497717 160.349888
1284.470722 161.150411
1285.349736 162.029420
1286.150264 163.002420
1287.029278 164.000200
1288.002283 165.000128
1289.000067 166.000123
1290.000000 167.000118
1291.000000 168.000114
1291.999933 169.000109
1292.997717 170.000105
1293.970722 171.000101
1294.849669 172.000098
1295.647981 173.000094
1296.500000 174.000091
1297.351952 175.000088
1298.148048 176.000086
1298.999933 177.000083
1299.849736 178.000080
1300.621053 179.000077
1301.379014 180.000075
1302.152547 181.000073
1303.029278 182.000070
1304.000000 183.000068
1304.970722 184.000065
1305.847453 185.000063
1306.620986 186.000061
1307.378947 187.000059
1308.150264 188.000057
1309.000000 189.000055
1309.849736 190.000053
1310.621053 191.000052
1311.378880 192.000050
1312.147981 193.000049
1312.970789 194.000047
1313.701688 195.000046
1314.298245 196.000045
1315.026996 197.000043
1315.824956 198.000042
1316.497784 199.000041
1317.147981 200.000040
1317.851952 201.000038
1318.500000 202.000037
1319.147981 203.000036
1319.849736 204.000035
1320.473004 205.000035
1321.027062 206.000034
1321.652413 207.000033
1322.376798 208.000032
1323.093990 209.000031
1323.726467 210.000030
1324.271250 211.000029
1324.879014 212.000029
1325.502216 213.000028
1326.148048 214.000027
1326.849669 215.000026
1327.470722 216.000026
1327.997717 217.000025
1328.500000 218.000025
1329.002283 219.000024
1329.529278 220.000024
1330.150264 221.000023
1330.849736 222.000022
1331.470722 223.000022
1331.997717 224.000021
1332.499933 225.000021
1333.000000 226.000020
1333.500067 227.000020
1334.002216 228.000020
1334.526996 229.000019
1335.120986 230.000019
1335.699472 231.000018
1336.120986 232.000018
1336.526996 233.000018
1337.002216 234.000017
1337.500000 235.000017
1337.997784 236.000017
1338.472938 237.000016
1338.876731 238.000016
1339.271250 239.000016
1339.728817 240.000015
1340.125484 241.000015
1340.554058 242.000015
1341.123202 243.000014
1341.699539 244.000014
1342.120986 245.000014
1342.526929 246.000014
1343.000000 247.000013
1343.473004 248.000013
1343.876665 249.000013
1344.268967 250.000013
1344.699472 251.000012
1344.973004 252.000012
1345.177260 253.000012
1345.529278 254.000012
1345.975287 255.000012
1346.376798 256.000012
1346.771183 257.000011
1347.226467 258.000011
1347.593990 259.000011
1347.876731 260.000011
1348.150197 261.000011
1348.500000 262.000011
1348.849803 263.000010
1349.123269 264.000010
1349.406010 265.000010
1349.773466 266.000010
1350.226534 267.000010
1350.593923 268.000010
1350.874516 269.000009
1351.123135 270.000009
1351.376798 271.000009
1351.623202 272.000009
1351.876798 273.000009
1352.123269 274.000009
1352.379014 275.000009
1352.650264 276.000009
1353.000000 277.000009
1353.349736 278.000009
1353.620986 279.000008
1353.876665 280.000008
1354.120919 281.000008
1354.347587 282.000008
1354.475220 283.000008
1354.556274 284.000008
1354.800461 285.000008
1355.199472 286.000008
1355.441443 287.000008
1355.495501 288.000008
1355.502216 289.000008
1355.531561 290.000008
1355.679609 291.000008
1356.002350 292.000008
1356.352019 293.000007
1356.647981 294.000007
1356.997650 295.000007
1357.320391 296.000007
1357.468506 297.000007
1357.500000 298.000007
1357.531494 299.000007
1357.679543 300.000007
1358.000000 301.000007
1358.320457 302.000007
1358.468439 303.000007
1358.497650 304.000007
1358.500067 305.000007
1358.504566 306.000007
1358.558557 307.000007
1358.800528 308.000007
1359.199472 309.000007
1359.441443 310.000007
1359.495434 311.000007
1359.499933 312.000007
1359.502350 313.000007
1359.531561 314.000006
1359.679543 315.000006
1360.000000 316.000006
1360.320457 317.000006
1360.468439 318.000006
1360.497717 319.000006
1360.502283 320.000006
1360.531561 321.000006
1360.679543 322.000006
1361.000000 323.000006
1361.320457 324.000006
1361.468439 325.000006
1361.497650 326.000006
1361.500000 327.000006
1361.502283 328.000006
1361.529345 329.000006
1361.652547 330.000006
1361.879014 331.000006
1362.120986 332.000006
1362.347453 333.000006
1362.470655 334.000006
1362.497717 335.000006
1362.499933 336.000006
1362.500067 337.000006
1362.502350 338.000006
1362.531561 339.000006
1362.679543 340.000006
1363.000000 341.000006
1363.320457 342.000005
1363.468439 343.000005
1363.497650 344.000005
1363.499933 345.000005
1363.500000 346.000005
1363.500000 347.000005
1363.500067 348.000005
1363.502283 349.000005
1363.529278 350.000005
1363.650264 351.000005
1363.849736 352.000005
1363.970655 353.000005
1363.995434 354.000005
1363.970655 355.000005
1363.849736 356.000005
1363.650264 357.000005
1363.529278 358.000005
1363.502216 359.000005
1363.497784 360.000005
1363.470722 361.000005
1363.349736 362.000005
1363.150264 363.000006
1363.029211 364.000006
1363.000000 365.000006
1362.970789 366.000006
1362.849736 367.000006
1362.650197 368.000006
1362.526996 369.000006
1362.473004 370.000006
1362.349803 371.000006
1362.150264 372.000006
1362.029278 373.000006
1362.002216 374.000006
1361.997784 375.000006
1361.970722 376.000006
1361.849669 377.000006
1361.647981 378.000006
1361.500000 379.000006
1361.352019 380.000006
1361.150331 381.000006
1361.029211 382.000006
1361.000000 383.000006
1360.970722 384.000006
1360.847453 385.000006
1360.620986 386.000006
1360.379014 387.000006
1360.152547 388.000006
1360.029345 389.000006
1360.002216 390.000006
1359.997784 391.000006
1359.970655 392.000006
1359.847453 393.000006
1359.620986 394.000006
1359.379014 395.000007
1359.152547 396.000007
1359.029278 397.000007
1359.000000 398.000007
1358.970722 399.000007
1358.847453 400.000007
1358.620986 401.000007
1358.379014 402.000007
1358.152480 403.000007
1358.027062 404.000007
1357.972938 405.000007
1357.847520 406.000007
1357.620986 407.000007
1357.379014 408.000007
1357.152413 409.000007
1357.024780 410.000007
1356.943726 411.000007
1356.699539 412.000007
1356.300461 413.000007
1356.056207 414.000008
1355.973004 415.000008
1355.820591 416.000008
1355.500000 417.000008
1355.179543 418.000008
1355.031494 419.000008
1355.000000 420.000008
1354.968506 421.000008
1354.820391 422.000008
1354.497650 423.000008
1354.147981 424.000008
1353.852019 425.000008
1353.502350 426.000008
1353.179543 427.000009
1353.029211 428.000009
1352.970789 429.000009
1352.820457 430.000009
1352.497650 431.000009
1352.147981 432.000009
1351.852019 433.000009
1351.502283 434.000009
1351.177260 435.000009
1351.000000 436.000009
1350.822807 437.000010
1350.499933 438.000010
1350.174977 439.000010
1349.972938 440.000010
1349.699472 441.000010
1349.269034 442.000010
1348.878947 443.000010
1348.502216 444.000011
1348.148115 445.000011
1347.851885 446.000011
1347.497784 447.000011
1347.120986 448.000011
1346.728683 449.000011
1346.271317 450.000012
1345.878947 451.000012
1345.500000 452.000012
1345.121053 453.000012
1344.728683 454.000012
1344.271317 455.000013
1343.879014 456.000013
1343.502216 457.000013
1343.148115 458.000013
1342.851885 459.000013
1342.497784 460.000014
1342.120919 461.000014
1341.726467 462.000014
1341.244187 463.000014
1340.753530 464.000015
1340.246470 465.000015
1339.755813 466.000015
1339.273466 467.000016
1338.876798 468.000016
1338.473004 469.000016
1338.000000 470.000017
1337.526996 471.000017
1337.123202 472.000017
1336.726534 473.000017
1336.244187 474.000018
1335.753530 475.000018
1335.246403 476.000019
1334.753530 477.000019
1334.244187 478.000019
1333.726534 479.000020
1333.123202 480.000020
1332.527062 481.000021
1332.002149 482.000021
1331.497851 483.000022
1330.972938 484.000022
1330.376731 485.000023
1329.771250 486.000023
1329.228750 487.000024
1328.623269 488.000025
1328.027062 489.000025
1327.502149 490.000026
1326.997784 491.000026
1326.470722 492.000027
1325.849669 493.000028
1325.147981 494.000028
1324.500000 495.000029
1323.852019 496.000030
1323.150331 497.000031
1322.529211 498.000032
1322.000000 499.000032
1321.470722 500.000033
1320.847453 501.000034
1320.120986 502.000035
1319.378947 503.000036
1318.650264 504.000037
1318.000067 505.000038
1317.351952 506.000039
1316.647981 507.000040
1315.997784 508.000042
1315.324956 509.000043
1314.526996 510.000044
1313.798179 511.000045
1313.199539 512.000047
1312.446009 513.000048
1311.553991 514.000050
1310.800461 515.000051
1310.201821 516.000053
1309.473004 517.000054
1308.674977 518.000056
1307.999933 519.000058
1307.322740 520.000059
1306.497784 521.000061
1305.650197 522.000063
1304.878947 523.000065
1304.120986 524.000067
1303.347520 525.000069
1302.472938 526.000072
1301.526996 527.000075
1300.650264 528.000077
1299.852019 529.000080
1299.000000 530.000083
1298.147981 531.000086
1297.349669 532.000088
1296.470722 533.000091
1295.497717 534.000095
1294.499933 535.000099
1293.500000 536.000103
1292.500067 537.000107
1291.502283 538.000111
1290.529278 539.000116
1289.650264 540.000120
1288.849736 541.000057
1287.970722 541.997845
1286.997717 542.970854
1285.999933 543.849874
1285.000000 544.650408
1284.000000 545.529361
1283.000000 546.500155
1282.000000 547.470950
1281.000000 548.349904
1280.000000 549.150438
1279.000000 550.029460
1278.000000 551.002471
1277.000000 552.000263
1276.000000 553.000136
1275.000000 553.997928
1274.000000 554.970941
1273.000000 555.849897
1272.000000 556.648218
1271.000000 557.500246
1270.000000 558.352207
1269.000000 559.148314
1268.000000 560.000276
1267.000000 560.852305
1266.000000 561.650561
1265.000000 562.527237
1264.000000 563.471042
1263.000000 564.320857
1262.000000 565.000345
1261.000000 565.679834
1260.000000 566.529584
1259.000000 567.471175
1258.000000 568.320858
1257.000000 568.998133
1256.000000 569.650696
1255.000000 570.381678
1254.000000 571.150729
1253.000000 571.998266
1252.000000 572.823174
1251.000000 573.498236
1250.000000 574.148519
1249.000000 574.852510
1248.000000 575.500579
1247.000000 576.148648
1246.000000 576.852574
1245.000000 577.500645
1244.000000 578.148650
1243.000000 578.850430
1242.000000 579.473724
1241.000000 580.027741
1240.000000 580.651037
1239.000000 581.352820
1238.000000 582.000830
1237.000000 582.648908
1236.000000 583.352776
1235.000000 583.998708
1234.000000 584.621943
1233.000000 585.229675
1232.000000 585.772277
1231.000000 586.377795
1230.000000 586.974106
1229.000000 587.501141
1228.000000 588.028178
1227.000000 588.624426
1226.000000 589.227802
1225.000000 589.745500
1224.000000 590.254889
1223.000000 590.747810
1222.000000 591.254986
1221.000000 591.745695
1220.000000 592.228162
1219.000000 592.627033
1218.000000 593.055796
1217.000000 593.627214
1216.000000 594.230540
1215.000000 594.770819
1214.000000 595.349436
1213.000000 595.826872
1212.000000 596.177162
1211.000000 596.654535
1210.000000 597.230945
1209.000000 597.744308
1208.000000 598.228815
1207.000000 598.625629
1206.000000 599.029573
1205.000000 599.504745
1204.000000 600.000468
1203.000000 600.473496
1202.000000 600.852604
1201.000000 601.153229
1200.000000 601.532343
1199.000000 602.005384
1198.000000 602.501058
1197.000000 602.974105
1196.000000 603.353232
1195.000000 603.653810
1194.000000 604.030728
1193.000000 604.476861
1192.000000 604.853720
1191.000000 605.152096
1190.000000 605.504251
1189.000000 605.856342
1188.000000 606.152582
1187.000000 606.504682
1186.000000 606.856854
1185.000000 607.155257
1184.000000 607.532151
1183.000000 607.978327
1182.000000 608.355230
1181.000000 608.653653
1180.000000 609.005788
1179.000000 609.355778
1178.000000 609.627222
1177.000000 609.883167
1176.000000 610.129910
1175.000000 610.385934
1174.000000 610.659551
1173.000000 611.034290
1172.000000 611.478247
1171.000000 611.828221
1170.000000 612.005725
1169.000000 612.158456
1168.000000 612.387532
1167.000000 612.632053
1166.000000 612.885857
1165.000000 613.132542
1164.000000 613.386429
1163.000000 613.633131
1162.000000 613.887035
1161.000000 614.133754
1160.000000 614.387608
1159.000000 614.632130
1158.000000 614.859074
1157.000000 614.984912
1156.000000 615.041549
1155.000000 615.192186
1154.000000 615.515310
1153.000000 615.863158
1152.000000 616.132597
1151.000000 616.363913
1150.000000 616.514605
1149.000000 616.663160
1148.000000 616.867583
1147.000000 617.018312
1146.000000 617.193766
1145.000000 617.516929
1144.000000 617.837957
1143.000000 617.986456
1142.000000 618.016266
1141.000000 618.021377
1140.000000 618.051216
1139.000000 618.199772
1138.000000 618.520821
1137.000000 618.841885
1136.000000 618.990489
1135.000000 619.020339
1134.000000 619.023278
1133.000000 619.024152
1132.000000 619.029275
1131.000000 619.083976
1130.000000 619.326675
1129.000000 619.726365
1128.000000 619.969103
1127.000000 620.023880
1126.000000 620.029185
1125.000000 620.032429
1124.000000 620.062489
1123.000000 620.211340
1122.000000 620.532690
1121.000000 620.854062
1120.000000 621.002981
1119.000000 621.033155
1118.000000 621.036424
1117.000000 621.037502
1116.000000 621.038672
1115.000000 621.044166
1114.000000 621.099245
1113.000000 621.342332
1112.000000 621.742419
1111.000000 621.985562
1110.000000 622.040753
1109.000000 622.046415
1108.000000 622.047808
1107.000000 622.049099
1106.000000 622.050487
1105.000000 622.054124
1104.000000 622.084721
1103.000000 622.234122
1102.000000 622.556033
1101.000000 622.877979
1100.000000 623.027484
1099.000000 623.058256
1098.000000 623.062135
1097.000000 623.063837
1096.000000 623.065510
1095.000000 623.067289
1094.000000 623.071256
1093.000000 623.100045
1092.000000 623.222798
1091.000000 623.421930
1090.000000 623.517840
1089.000000 623.425814
1088.000000 623.230567
1087.000000 623.111703
1086.000000 623.086809
1085.000000 623.086742
1084.000000 623.088872
1083.000000 623.091052
1082.000000 623.091133
1081.000000 623.066418
1080.000000 622.945617
1079.000000 622.721603
1078.000000 622.482140
1077.000000 622.258235
1076.000000 622.137653
1075.000000 622.113267
1074.000000 622.113785
1073.000000 622.116445
1072.000000 622.117083
1071.000000 622.092937
1070.000000 621.972713
1069.000000 621.749287
1068.000000 621.510422
1067.000000 621.287127
1066.000000 621.167165
1065.000000 621.143410
1064.000000 621.144504
1063.000000 621.145669
1062.000000 621.122192
1061.000000 621.004732
1060.000000 620.806710
1059.000000 620.662470
1058.000000 620.518307
1057.000000 620.320516
1056.000000 620.203372
1055.000000 620.178216
1054.000000 620.153142
1053.000000 620.036243
1052.000000 619.838861
1051.000000 619.695270
1050.000000 619.551767
1049.000000 619.354646
1048.000000 619.238183
1047.000000 619.213719
1046.000000 619.189281
1045.000000 619.070947
1044.000000 618.849510
1043.000000 618.612665
1042.000000 618.391424
1041.000000 618.273480
1040.000000 618.249629
1039.000000 618.225947
1038.000000 618.110461
1037.000000 617.914514
1036.000000 617.772380
1035.000000 617.630355
1034.000000 617.434667
1033.000000 617.317577
1032.000000 617.269812
1031.000000 617.150735
1030.000000 616.928509
1029.000000 616.666118
1028.000000 616.323212
1027.000000 615.980427
1026.000000 615.718401
1025.000000 615.496783
1024.000000 615.378558
1023.000000 615.331820
1022.000000 615.213920
1021.000000 614.994967
1020.000000 614.758494
1019.000000 614.510732
1018.000000 614.247602
1017.000000 613.908273
1016.000000 613.593864
1015.000000 613.452005
1014.000000 613.402198
1013.000000 613.260628
1012.000000 612.946728
1011.000000 612.606115
1010.000000 612.319292
1009.000000 611.976765
1008.000000 611.636474
1007.000000 611.374825
1006.000000 611.126754
1005.000000 610.865487
1004.000000 610.527977
1003.000000 610.211178
1002.000000 610.019542
1001.000000 609.756778
1000.000000 609.339293
999.000000 608.984958
998.000000 608.713427
997.000000 608.451277
996.000000 608.112965
995.000000 607.774829
994.000000 607.513208
993.000000 607.242557
992.000000 606.889389
991.000000 606.471339
990.000000 606.185666
989.000000 605.900113
988.000000 605.480474
987.000000 605.103390
986.000000 604.737838
985.000000 604.372345
984.000000 603.991543
983.000000 603.523175
982.000000 603.046628
981.000000 602.553945
980.000000 602.079947
979.000000 601.637160
978.000000 601.351617
977.000000 601.068361
976.000000 600.650971
975.000000 600.271993
974.000000 599.859303
973.000000 599.308270
972.000000 598.772955
971.000000 598.464037
970.000000 598.177966
969.000000 597.737223
968.000000 597.265757
967.000000 596.775961
966.000000 596.300639
965.000000 595.811153
964.000000 595.336279
963.000000 594.847243
962.000000 594.372821
961.000000 593.884240
960.000000 593.410208
959.000000 592.919938
958.000000 592.421655
957.000000 591.840008
956.000000 591.288418
955.000000 590.877566
954.000000 590.474143
953.000000 589.916000
952.000000 589.340508
951.000000 588.809686
950.000000 588.207743
949.000000 587.529637
948.000000 586.930325
947.000000 586.425177
946.000000 585.942903
945.000000 585.438241
944.000000 584.839833
943.000000 584.161034
942.000000 583.536186
941.000000 582.911517
940.000000 582.231238
939.000000 581.607061
938.000000 580.983197
937.000000 580.305807
936.000000 579.707084
935.000000 579.175803
934.000000 578.552862
933.000000 577.782405
932.000000 577.079391
931.000000 576.510900
930.000000 575.833028
929.000000 575.155404
928.000000 574.587656
927.000000 573.885815
926.000000 573.114876
925.000000 572.467168
924.000000 571.817625
923.000000 571.022647
922.000000 570.227914
921.000000 569.578974
920.000000 568.928197
919.000000 568.109419
918.000000 567.221674
917.000000 566.495290
916.000000 565.926120
915.000000 565.227080
914.000000 564.459071
913.000000 563.814217
912.000000 563.165302
911.000000 562.344082
910.000000 561.406544
909.000000 560.469239
908.000000 559.648722
907.000000 559.000846
906.000000 558.353200
905.000000 557.533373
904.000000 556.597153
903.000000 555.659009
902.000000 554.812863
901.000000 554.045425
900.000000 553.201870
899.000000 552.289323
898.000000 551.446202
897.000000 550.679632
896.000000 549.834722
895.000000 548.896098
894.000000 547.935050
893.000000 546.996839
892.000000 546.152753
891.000000 545.387353
890.000000 544.543665
889.000000 543.606182
888.000000 542.644112
887.000000 541.680081
886.000000 540.716238
885.000000 539.754727
884.000000 538.818177
883.000000 537.975794
882.000000 537.212072
881.000000 536.370035
880.000000 535.434176
879.000000 534.473702
878.000000 533.511240
877.000000 532.548869
876.000000 531.586653
875.000067 530.624584
874.002283 529.662580
873.029278 528.699769
872.150264 527.733480
871.349736 526.764272
870.470722 525.798181
869.497717 524.835832
868.499933 523.874566
867.500000 522.913503
866.500000 521.952560
865.500000 520.991729
864.500000 520.031007
863.500067 519.070386
862.502283 518.109779
861.529278 517.148285
860.650264 516.183145
859.849736 515.214950
858.970789 514.249932
858.000000 513.288639
857.029211 512.327415
856.150264 511.362579
855.349803 510.394646
854.473004 509.429816
853.527062 508.467807
852.652480 507.502974
851.879014 506.534104
851.121053 505.564636
850.349736 504.595728
849.499933 503.630007
848.647981 502.664395
847.849669 501.696635
846.970855 500.732142
846.002283 499.771290
845.058490 498.809446
844.300528 497.840093
843.699472 496.864397
842.941510 495.895045
841.997784 494.933198
841.031427 493.972256
840.179543 493.006674
839.500000 492.034118
838.820524 491.061548
837.970722 490.095834
837.026996 489.133880
836.152480 488.169103
835.379014 487.200228
834.621053 486.230700
833.849736 485.261677
832.999933 484.295764
832.148048 483.329889
831.351952 482.361733
830.500000 481.395760
829.648048 480.429728
828.852019 479.461412
828.002283 478.495170
827.177327 477.527878
826.502283 476.554592
825.852086 475.580278
825.150331 474.607948
824.529345 473.632388
824.004633 472.653004
823.531695 471.671558
823.181892 470.685263
823.031628 469.691146
823.002350 468.692291
823.000067 467.692381
823.000000 466.692383
823.000000 465.692383
823.000000 464.692517
823.000000 463.697083
823.000000 462.755640
823.000000 462.056168
