625.000000 465.633072
624.999933 466.332542
624.997650 467.273918
624.968372 468.268493
624.818108 469.263947
624.468305 470.253668
623.995367 471.239753
623.470655 472.224291
622.849669 473.205961
622.147914 474.185208
621.497717 475.165944
620.822673 476.145908
619.997717 477.121377
619.147981 478.096059
618.351952 479.072296
617.500000 480.046820
616.648048 481.021300
615.851952 481.997417
615.000067 482.971823
614.150264 483.946257
613.378947 484.923025
612.620986 485.900171
611.847520 486.876827
610.973004 487.850410
610.029278 488.821875
609.179476 489.796161
608.500000 490.775589
607.820457 491.755006
606.968573 492.729192
606.002216 493.699899
605.058490 494.671283
604.300528 495.648298
603.699472 496.630070
602.941510 497.607084
601.997717 498.578467
601.029145 499.549107
600.150331 500.522477
599.352019 501.498297
598.500067 502.472505
597.650264 503.446796
596.878947 504.423477
596.120986 505.400578
595.347520 506.377230
594.472938 507.350856
593.526996 508.322362
592.650197 509.295985
591.849736 510.271934
590.970789 511.245561
590.000000 512.216479
589.029211 513.187449
588.150264 514.161212
587.349736 515.137358
586.470722 516.111214
585.497717 517.082334
584.499933 518.052789
583.500000 519.023255
582.500000 519.993797
581.500000 520.964420
580.500000 521.935127
579.500067 522.905924
578.502283 523.876874
577.529278 524.848636
576.650264 525.823204
575.849736 526.800110
574.970722 527.774827
573.997717 528.746935
572.999933 529.718438
572.000000 530.689989
571.000000 531.661652
570.000000 532.633430
569.000000 533.605260
568.000000 534.575061
567.000000 535.520207
566.000000 536.371488
565.000000 537.144412
564.000000 537.995952
563.000000 538.941616
562.000000 539.912195
561.000000 540.885061
560.000000 541.858067
559.000000 542.829066
558.000000 543.775429
557.000000 544.627949
556.000000 545.402131
555.000000 546.254949
554.000000 547.201842
553.000000 548.171519
552.000000 549.118722
551.000000 549.972158
550.000000 550.747201
549.000000 551.598741
548.000000 552.519654
547.000000 553.371519
546.000000 554.147213
545.000000 555.001560
544.000000 555.947848
543.000000 556.892156
542.000000 557.720014
541.000000 558.375634
540.000000 559.031427
539.000000 559.859803
538.000000 560.804908
537.000000 561.750188
536.000000 562.579091
535.000000 563.235629
534.000000 563.888047
533.000000 564.663561
532.000000 565.370045
531.000000 565.946600
530.000000 566.680307
529.000000 567.575315
528.000000 568.401296
527.000000 569.059214
526.000000 569.715234
525.000000 570.516985
524.000000 571.318920
523.000000 571.975359
522.000000 572.629901
521.000000 573.407612
520.000000 574.116164
519.000000 574.690560
518.000000 575.374771
517.000000 576.059168
516.000000 576.634122
515.000000 577.343536
514.000000 578.120331
513.000000 578.749549
512.000000 579.287045
511.000000 579.891921
510.000000 580.575402
509.000000 581.205295
508.000000 581.835440
507.000000 582.521625
506.000000 583.152139
505.000000 583.782771
504.000000 584.467292
503.000000 585.071361
502.000000 585.581623
501.000000 586.069437
500.000000 586.580063
499.000000 587.184794
498.000000 587.868258
497.000000 588.475499
496.000000 589.011559
495.000000 589.592230
494.000000 590.155492
493.000000 590.563975
492.000000 590.979828
491.000000 591.536360
490.000000 592.122892
489.000000 592.626000
488.000000 593.121039
487.000000 593.599781
486.000000 594.093015
485.000000 594.572033
484.000000 595.065608
483.000000 595.544966
482.000000 596.038878
481.000000 596.518571
480.000000 597.012684
479.000000 597.488410
478.000000 597.933359
477.000000 598.223582
476.000000 598.536597
475.000000 599.075956
474.000000 599.630979
473.000000 600.047607
472.000000 600.430470
471.000000 600.851693
470.000000 601.138729
469.000000 601.428002
468.000000 601.874467
467.000000 602.352093
466.000000 602.848353
465.000000 603.328428
464.000000 603.800274
463.000000 604.184505
462.000000 604.553379
461.000000 604.922263
460.000000 605.302631
459.000000 605.725507
458.000000 606.014250
457.000000 606.303066
456.000000 606.724212
455.000000 607.080432
454.000000 607.354088
453.000000 607.618671
452.000000 607.959724
451.000000 608.300909
450.000000 608.565887
449.000000 608.840204
448.000000 609.197282
447.000000 609.617468
446.000000 609.882891
445.000000 610.077144
444.000000 610.396520
443.000000 610.736566
442.000000 611.000329
441.000000 611.250855
440.000000 611.514922
439.000000 611.857591
438.000000 612.202457
437.000000 612.491582
436.000000 612.834459
435.000000 613.150585
434.000000 613.294346
433.000000 613.346307
432.000000 613.490283
431.000000 613.806775
430.000000 614.148152
429.000000 614.413295
428.000000 614.663037
427.000000 614.901455
426.000000 615.122320
425.000000 615.242100
424.000000 615.290684
423.000000 615.410724
422.000000 615.634125
421.000000 615.897903
420.000000 616.242409
419.000000 616.587006
418.000000 616.851057
417.000000 617.074914
416.000000 617.195593
415.000000 617.244932
414.000000 617.363566
413.000000 617.560771
412.000000 617.704285
411.000000 617.847881
410.000000 618.045263
409.000000 618.162157
408.000000 618.187222
407.000000 618.212430
406.000000 618.331704
405.000000 618.554253
404.000000 618.792379
403.000000 619.015073
402.000000 619.134641
401.000000 619.160289
400.000000 619.185940
399.000000 619.303567
398.000000 619.501830
397.000000 619.646453
396.000000 619.791141
395.000000 619.989600
394.000000 620.107554
393.000000 620.133662
392.000000 620.159832
391.000000 620.277970
390.000000 620.476735
389.000000 620.621853
388.000000 620.767028
387.000000 620.965966
386.000000 621.084325
385.000000 621.108681
384.000000 621.108378
383.000000 621.108128
382.000000 621.132710
381.000000 621.253482
380.000000 621.477570
379.000000 621.717212
378.000000 621.941398
377.000000 622.062366
376.000000 622.087242
375.000000 622.087317
374.000000 622.085356
373.000000 622.085521
372.000000 622.110576
371.000000 622.231813
370.000000 622.456358
369.000000 622.696449
368.000000 622.921076
367.000000 623.042477
366.000000 623.067779
365.000000 623.068272
364.000000 623.066654
363.000000 623.065073
362.000000 623.065677
361.000000 623.091097
360.000000 623.210475
359.000000 623.406224
358.000000 623.498741
357.000000 623.403311
356.000000 623.204648
355.000000 623.082353
354.000000 623.054013
353.000000 623.050483
352.000000 623.049132
351.000000 623.047878
350.000000 623.046585
349.000000 623.043104
348.000000 623.012723
347.000000 622.863599
346.000000 622.542025
345.000000 622.220477
344.000000 622.071431
343.000000 622.041180
342.000000 622.037882
341.000000 622.036824
340.000000 622.035856
339.000000 622.034778
338.000000 622.029423
337.000000 621.974532
336.000000 621.731682
335.000000 621.331881
334.000000 621.089073
333.000000 621.034266
332.000000 621.029037
331.000000 621.028126
330.000000 621.027301
329.000000 621.024279
328.000000 620.994346
327.000000 620.845661
326.000000 620.524517
325.000000 620.203391
324.000000 620.054757
323.000000 620.024909
322.000000 620.021872
321.000000 620.016769
320.000000 619.962188
319.000000 619.719642
318.000000 619.320138
317.000000 619.077621
316.000000 619.023098
315.000000 619.018148
314.000000 619.017442
313.000000 619.014667
312.000000 618.984976
311.000000 618.836528
310.000000 618.515616
309.000000 618.194715
308.000000 618.046302
307.000000 618.016603
306.000000 618.011629
305.000000 617.981952
304.000000 617.833582
303.000000 617.512680
302.000000 617.189639
301.000000 617.014304
300.000000 616.863692
299.000000 616.659382
298.000000 616.510937
297.000000 616.360352
296.000000 616.129140
295.000000 615.859802
294.000000 615.512053
293.000000 615.189025
292.000000 615.038481
291.000000 614.981935
290.000000 614.856186
289.000000 614.629327
288.000000 614.384889
287.000000 614.131116
286.000000 613.884476
285.000000 613.630649
284.000000 613.384022
283.000000 613.130207
282.000000 612.883592
281.000000 612.629857
280.000000 612.385403
279.000000 612.156392
278.000000 612.003723
277.000000 611.826280
276.000000 611.476366
275.000000 611.032467
274.000000 610.657783
273.000000 610.384221
272.000000 610.128250
271.000000 609.881558
270.000000 609.625663
269.000000 609.354268
268.000000 609.004324
267.000000 608.652235
266.000000 608.353857
265.000000 607.976996
264.000000 607.530862
263.000000 607.154009
262.000000 606.855645
261.000000 606.503512
260.000000 606.151449
259.000000 605.855244
258.000000 605.503188
257.000000 605.151068
256.000000 604.852724
255.000000 604.475897
254.000000 604.029795
253.000000 603.652907
252.000000 603.352358
251.000000 602.973259
250.000000 602.500239
249.000000 602.004592
248.000000 601.531577
247.000000 601.152488
246.000000 600.851887
245.000000 600.472803
244.000000 599.999797
243.000000 599.504096
242.000000 599.028945
241.000000 598.625022
240.000000 598.228228
239.000000 597.743741
238.000000 597.230396
237.000000 596.654004
236.000000 596.176649
235.000000 595.826376
234.000000 595.348957
233.000000 594.770356
232.000000 594.230093
231.000000 593.626782
230.000000 593.055379
229.000000 592.626629
228.000000 592.227771
227.000000 591.745318
226.000000 591.254622
225.000000 590.747458
224.000000 590.254549
223.000000 589.745172
222.000000 589.227485
221.000000 588.624120
220.000000 588.027882
219.000000 587.500856
218.000000 586.973831
217.000000 586.377529
216.000000 585.772020
215.000000 585.229427
214.000000 584.621703
213.000000 583.998477
212.000000 583.352553
211.000000 582.648693
210.000000 582.000623
209.000000 581.352619
208.000000 580.650844
207.000000 580.027555
206.000000 579.473544
205.000000 578.850256
204.000000 578.148483
203.000000 577.500484
202.000000 576.852419
201.000000 576.148498
200.000000 575.500434
199.000000 574.852370
198.000000 574.148385
197.000000 573.498106
196.000000 572.823049
195.000000 571.998146
194.000000 571.150613
193.000000 570.381566
192.000000 569.650588
191.000000 568.998029
190.000000 568.320758
189.000000 567.471078
188.000000 566.529491
187.000000 565.679745
186.000000 565.000259
185.000000 564.320774
184.000000 563.470962
183.000000 562.527160
182.000000 561.650487
181.000000 560.852233
180.000000 560.000207
179.000000 559.148247
178.000000 558.352144
177.000000 557.500185
176.000000 556.648159
175.000000 555.849840
174.000000 554.970886
173.000000 553.997876
172.000000 553.000086
171.000000 552.000214
170.000000 551.002424
169.000000 550.029414
168.000000 549.150395
167.000000 548.349862
166.000000 547.470910
165.000000 546.500116
164.000000 545.529323
163.000000 544.650372
162.000067 543.849839
161.002283 542.970821
160.029278 541.997813
159.150264 541.000026
158.349736 540.000090
157.470722 539.000087
156.497717 538.000083
155.499933 537.000080
154.500000 536.000077
153.500067 535.000074
152.502283 534.000071
151.529278 533.000069
150.650331 532.000066
149.852019 531.000064
149.000000 530.000062
148.147981 529.000060
147.349736 528.000058
146.473004 527.000056
145.527062 526.000054
144.652480 525.000052
143.879014 524.000050
143.121053 523.000049
142.349803 522.000047
141.502216 521.000046
140.677260 520.000044
140.000067 519.000043
139.325023 518.000042
138.526996 517.000041
137.798179 516.000039
137.199539 515.000039
136.446009 514.000037
135.553991 513.000036
134.800461 512.000035
134.201821 511.000034
133.473004 510.000033
132.675044 509.000032
132.002216 508.000031
131.352019 507.000030
130.648048 506.000029
129.999933 505.000029
129.349736 504.000028
128.621053 503.000027
127.879014 502.000026
127.152547 501.000025
126.529278 500.000025
126.000000 499.000024
125.470789 498.000024
124.849669 497.000023
124.147981 496.000022
123.500000 495.000022
122.852019 494.000021
122.150331 493.000021
121.529278 492.000020
121.002216 491.000020
120.497851 490.000019
119.972938 489.000019
119.376731 488.000018
118.771250 487.000018
118.228750 486.000018
117.623269 485.000017
117.027062 484.000017
116.502149 483.000016
115.997851 482.000016
115.472938 481.000016
114.876798 480.000015
114.273466 479.000015
113.755813 478.000015
113.246470 477.000014
112.753597 476.000014
112.246470 475.000014
111.755813 474.000013
111.273466 473.000013
110.876798 472.000013
110.473004 471.000013
110.000000 470.000012
109.526996 469.000012
109.123202 468.000012
108.726534 467.000012
108.244187 466.000011
107.753530 465.000011
107.246470 464.000011
106.755813 463.000011
106.273533 462.000011
105.879081 461.000010
105.502216 460.000010
105.148115 459.000010
104.851885 458.000010
104.497784 457.000010
104.120986 456.000010
103.728683 455.000009
103.271317 454.000009
102.878947 453.000009
102.500000 452.000009
102.121053 451.000009
101.728683 450.000009
101.271317 449.000009
100.879014 448.000008
100.502216 447.000008
100.148115 446.000008
99.851885 445.000008
99.497784 444.000008
99.121053 443.000008
98.730966 442.000008
98.300528 441.000007
98.027062 440.000007
97.825023 439.000007
97.500067 438.000007
97.177193 437.000007
97.000000 436.000007
96.822740 435.000007
96.497717 434.000007
96.147981 433.000007
95.852019 432.000007
95.502350 431.000007
95.179543 430.000007
95.029211 429.000006
94.970789 428.000006
94.820457 427.000006
94.497650 426.000006
94.147981 425.000006
93.852019 424.000006
93.502350 423.000006
93.179609 422.000006
93.031494 421.000006
93.000000 420.000006
92.968506 419.000006
92.820457 418.000006
92.500000 417.000006
92.179409 416.000006
92.026996 415.000006
91.943793 414.000006
91.699539 413.000006
91.300461 412.000006
91.056274 411.000005
90.975220 410.000005
90.847587 409.000005
90.620986 408.000005
90.379014 407.000005
90.152480 406.000005
90.027062 405.000005
89.972938 404.000005
89.847520 403.000005
89.620986 402.000005
89.379014 401.000005
89.152547 400.000005
89.029278 399.000005
89.000000 398.000005
88.970722 397.000005
88.847453 396.000005
88.620986 395.000005
88.379014 394.000005
88.152547 393.000005
88.029345 392.000005
88.002216 391.000005
87.997784 390.000005
87.970655 389.000005
87.847453 388.000005
87.620986 387.000005
87.379014 386.000005
87.152547 385.000005
87.029278 384.000005
87.000000 383.000005
86.970789 382.000005
86.849669 381.000005
86.647981 380.000004
86.500000 379.000004
86.352019 378.000004
86.150331 377.000004
86.029278 376.000004
86.002216 375.000004
85.997784 374.000004
85.970722 373.000004
85.849736 372.000004
85.650197 371.000004
85.526996 370.000004
85.473004 369.000004
85.349803 368.000004
85.150264 367.000004
85.029211 366.000004
85.000000 365.000004
84.970789 364.000004
84.849736 363.000004
84.650264 362.000004
84.529278 361.000004
84.502216 360.000004
84.497784 359.000004
84.470722 358.000004
84.349736 357.000004
84.150264 356.000004
84.029345 355.000004
84.004566 354.000004
84.029345 353.000004
84.150264 352.000004
84.349736 351.000004
84.470722 350.000004
84.497717 349.000004
84.499933 348.000004
84.500000 347.000004
84.500000 346.000004
84.500067 345.000004
84.502350 344.000004
84.531561 343.000004
84.679543 342.000004
85.000000 341.000004
85.320457 340.000004
85.468439 339.000004
85.497650 338.000004
85.499933 337.000004
85.500067 336.000004
85.502283 335.000004
85.529345 334.000004
85.652547 333.000004
85.879014 332.000004
86.120986 331.000004
86.347453 330.000004
86.470655 329.000004
86.497717 328.000004
86.500000 327.000004
86.502350 326.000004
86.531561 325.000004
86.679543 324.000004
87.000000 323.000005
87.320457 322.000005
87.468439 321.000005
87.497717 320.000005
87.502283 319.000005
87.531561 318.000005
87.679543 317.000005
88.000000 316.000005
88.320457 315.000005
88.468439 314.000005
88.497650 313.000005
88.500067 312.000005
88.504566 311.000005
88.558557 310.000005
88.800528 309.000005
89.199472 308.000005
89.441443 307.000005
89.495434 306.000005
89.499933 305.000005
89.502350 304.000005
89.531561 303.000005
89.679543 302.000005
90.000000 301.000005
90.320457 300.000005
90.468506 299.000005
90.500000 298.000005
90.531494 297.000005
90.679609 296.000005
91.002350 295.000005
91.352019 294.000006
91.647981 293.000006
91.997650 292.000006
92.320391 291.000006
92.468439 290.000006
92.497784 289.000006
92.504499 288.000006
92.558557 287.000006
92.800528 286.000006
93.199539 285.000006
93.443726 284.000006
93.524780 283.000006
93.652413 282.000006
93.879081 281.000006
94.123335 280.000006
94.379014 279.000006
94.650264 278.000006
95.000000 277.000006
95.349736 276.000007
95.620986 275.000007
95.876731 274.000007
96.123202 273.000007
96.376798 272.000007
96.623202 271.000007
96.876865 270.000007
97.125484 269.000007
97.406077 268.000007
97.773466 267.000007
98.226534 266.000007
98.593990 265.000008
98.876731 264.000008
99.150197 263.000008
99.500000 262.000008
99.849803 261.000008
100.123269 260.000008
100.406010 259.000008
100.773533 258.000008
101.228817 257.000009
101.623202 256.000009
102.024713 255.000009
102.470722 254.000009
102.822740 253.000009
103.026996 252.000009
103.300528 251.000009
103.731033 250.000009
104.123335 249.000010
104.526996 248.000010
105.000000 247.000010
105.473071 246.000010
105.879014 245.000010
106.300461 244.000011
106.876798 243.000011
107.445942 242.000011
107.874516 241.000011
108.271183 240.000012
108.728750 239.000012
109.123269 238.000012
109.527062 237.000012
110.002216 236.000012
110.500000 235.000013
110.997784 234.000013
111.473004 233.000013
111.879014 232.000013
112.300528 231.000014
112.879014 230.000014
113.473004 229.000014
113.997784 228.000015
114.499933 227.000015
115.000000 226.000015
115.500067 225.000016
116.002283 224.000016
116.529278 223.000016
117.150264 222.000017
117.849736 221.000017
118.470722 220.000018
118.997717 219.000018
119.500000 218.000019
120.002283 217.000019
120.529278 216.000019
121.150331 215.000020
121.851952 214.000020
122.497784 213.000021
123.120986 212.000022
123.728750 211.000022
124.273533 210.000023
124.906010 209.000023
125.623202 208.000024
126.347587 207.000025
126.972938 206.000025
127.526996 205.000026
128.150264 204.000027
128.852019 203.000027
129.500000 202.000028
130.148048 201.000029
130.852019 200.000030
131.502216 199.000031
132.175044 198.000031
132.973004 197.000032
133.701755 196.000033
134.298312 195.000034
135.029211 194.000035
135.852019 193.000036
136.621120 192.000038
137.378947 191.000039
138.150264 190.000040
139.000000 189.000041
139.849736 188.000043
140.621053 187.000044
141.379014 186.000046
142.152547 185.000047
143.029278 184.000049
144.000000 183.000051
144.970722 182.000053
145.847453 181.000055
146.620986 180.000056
147.378947 179.000058
148.150264 178.000060
149.000067 177.000062
149.851952 176.000064
150.648048 175.000066
151.500000 174.000069
152.352019 173.000071
153.150331 172.000073
154.029278 171.000076
155.002283 170.000079
156.000067 169.000082
157.000000 168.000085
158.000000 167.000089
158.999933 166.000092
159.997717 165.000096
160.970722 164.000166
161.849736 163.002386
162.650264 162.029385
163.529278 161.150374
164.502283 160.349850
165.500067 159.470840
166.500000 158.497841
167.500000 157.500061
168.500000 156.500133
169.500000 155.500205
170.500000 154.502427
171.500000 153.529428
172.500000 152.650420
173.500000 151.849964
174.500000 150.973172
175.500000 150.027237
176.500000 149.152661
177.500000 148.379202
178.500000 147.621181
179.500000 146.847723
180.500000 145.973148
181.500000 145.027281
182.500000 144.152707
183.500000 143.379317
184.500000 142.623514
185.500000 141.877053
186.500000 141.123466
187.500000 140.377005
188.500000 139.621270
189.500000 138.850031
190.500000 138.000306
191.500000 137.150582
192.500000 136.379277
193.500000 135.621462
194.500000 134.852374
195.500000 134.029580
196.500000 133.298627
197.500000 132.699935
198.500000 131.946420
199.500000 131.054484
200.500000 130.303186
201.500000 129.731558
202.500000 129.123811
203.500000 128.527488
204.500000 128.000444
205.500000 127.471318
206.500000 126.850218
207.500000 126.148551
208.500000 125.500590
209.500000 124.852563
210.500000 124.148749
211.500000 123.502873
212.500000 122.879695
213.500000 122.272022
214.500000 121.729414
215.500000 121.121809
216.500000 120.500784
217.500000 119.879759
218.500000 119.272158
219.500000 118.729621
220.500000 118.124171
221.500000 117.527930
222.500000 117.000967
223.500000 116.474006
224.500000 115.877835
225.500000 115.274606
226.500000 114.759140
227.500000 114.274683
228.500000 113.877922
229.500000 113.471887
230.500000 112.969848
231.500000 112.353205
232.500000 111.678692
233.500000 111.153893
234.500000 110.730279
235.500000 110.245834
236.500000 109.757310
237.500000 109.275084
238.500000 108.878472
239.500000 108.474669
240.500000 107.999641
241.500000 107.504067
242.500000 107.031126
243.500000 106.649961
244.500000 106.322571
245.500000 105.824856
246.500000 105.179447
247.500000 104.681803
248.500000 104.356572
249.500000 104.000266
250.500000 103.623482
251.500000 103.231263
252.500000 102.773982
253.500000 102.381768
254.500000 102.005061
255.500000 101.650988
256.500000 101.352706
257.500000 100.973925
258.500000 100.503173
259.500000 100.030342
260.500000 99.626791
261.500000 99.234669
262.500000 98.806429
263.500000 98.557863
264.500000 98.449937
265.500000 98.203527
266.500000 97.800149
267.500000 97.504255
268.500000 97.206149
269.500000 96.773705
270.500000 96.383766
271.500000 96.009402
272.500000 95.682386
273.500000 95.505221
274.500000 95.328194
275.500000 95.005490
276.500000 94.680709
277.500000 94.478918
278.500000 94.207787
279.500000 93.802320
280.500000 93.506488
281.500000 93.210661
282.500000 92.805278
283.500000 92.536325
284.500000 92.359353
285.500000 92.128681
286.500000 91.886675
287.500000 91.656016
288.500000 91.479071
289.500000 91.210291
290.500000 90.809325
291.500000 90.565340
292.500000 90.484562
293.500000 90.357213
294.500000 90.130903
295.500000 89.889232
296.500000 89.663006
297.500000 89.537905
298.500000 89.484105
299.500000 89.359022
300.500000 89.132832
301.500000 88.891147
302.500000 88.662759
303.500000 88.510719
304.500000 88.336058
305.500000 88.013778
306.500000 87.693590
307.500000 87.543808
308.500000 87.488027
309.500000 87.365128
310.500000 87.163823
311.500000 87.016302
312.500000 86.868794
313.500000 86.667525
314.500000 86.544755
315.500000 86.491276
316.500000 86.368599
317.500000 86.169533
318.500000 86.046884
319.500000 85.993460
320.500000 85.870773
321.500000 85.669616
322.500000 85.522247
323.500000 85.374894
324.500000 85.173851
325.500000 85.053459
326.500000 85.027074
327.500000 85.023337
328.500000 84.996987
329.500000 84.876665
330.500000 84.675726
331.500000 84.528512
332.500000 84.381318
333.500000 84.180437
334.500000 84.060211
335.500000 84.033995
336.500000 84.030431
337.500000 84.004258
338.500000 83.884116
339.500000 83.683362
340.500000 83.536337
341.500000 83.389335
342.500000 83.188651
343.500000 83.068626
344.500000 83.042682
345.500000 83.041544
346.500000 83.042580
347.500000 83.043642
348.500000 83.042583
349.500000 83.016704
350.499933 82.894714
351.497650 82.669484
352.468372 82.428744
353.318108 82.203378
354.531628 80.052508
355.502350 82.053762
356.500067 82.055150
357.500000 82.056574
358.500000 82.058030
359.500000 82.059520
360.500000 82.061044
361.500000 82.062602
362.500000 82.064196
363.500000 82.065825
364.500000 82.067492
365.500000 82.069262
366.500000 82.073220
367.500000 82.102063
368.500000 82.227085
369.500000 82.455413
370.500000 82.699286
371.500000 82.927696
372.500000 83.052884
373.500000 83.081975
374.500000 83.086264
375.500000 83.088449
376.500000 83.090679
377.500000 83.095105
378.500000 83.124425
379.500000 83.249932
380.500000 83.478754
381.500000 83.723129
382.500000 83.952052
383.500000 84.077760
384.500000 84.107381
385.500000 84.112210
386.500000 84.115010
387.500000 84.120015
388.500000 84.152004
389.500000 84.302820
390.500000 84.626170
391.500000 84.949579
392.500000 85.100572
393.500000 85.132856
394.500000 85.138340
395.500000 85.143820
396.500000 85.174143
397.500000 85.300671
398.500000 85.530530
399.500000 85.775960
400.500000 86.005953
401.500000 86.132750
402.500000 86.163545
403.500000 86.171714
404.500000 86.202585
405.500000 86.327520
406.500000 86.533164
407.500000 86.685177
408.500000 86.837267
409.500000 87.043208
410.500000 87.170741
411.500000 87.229077
412.500000 87.356772
413.500000 87.563102
414.500000 87.717891
415.500000 87.897545
416.500000 88.225048
417.500000 88.552637
418.500000 88.732552
419.500000 88.887843
420.500000 89.096931
421.500000 89.250255
422.500000 89.405822
423.500000 89.642118
424.500000 89.916644
425.500000 90.269753
426.500000 90.600329
427.500000 90.781159
428.500000 90.937309
429.500000 91.147268
430.500000 91.301408
431.500000 91.455719
432.500000 91.668139
433.500000 91.849591
434.500000 92.125141
435.500000 92.535142
436.500000 92.810979
437.500000 92.995020
438.500000 93.232881
439.500000 93.482196
440.500000 93.720287
441.500000 93.904856
442.500000 94.183533
443.500000 94.619302
444.500000 94.992211
445.500000 95.280527
446.500000 95.537127
447.500000 95.800979
448.500000 96.080462
449.500000 96.440707
450.500000 96.825860
451.500000 97.226715
452.500000 97.692765
453.500000 98.093817
454.500000 98.477417
455.500000 98.815824
456.500000 99.027220
457.500000 99.310046
458.500000 99.749983
459.500000 100.149709
460.500000 100.536222
461.500000 100.900314
462.500000 101.208762
463.500000 101.597856
464.500000 102.079005
465.500000 102.560302
466.500000 102.949840
467.500000 103.259027
468.500000 103.624153
469.500000 104.012063
470.500000 104.415631
471.500000 104.884418
472.500000 105.288364
473.500000 105.679044
474.500000 106.069951
475.500000 106.476520
476.500000 106.971012
477.500000 107.474043
478.500000 107.993639
479.500000 108.496996
480.500000 108.992208
481.500000 109.401906
482.500000 109.818964
483.500000 110.307482
484.500000 110.818867
485.500000 111.332503
486.500000 111.846377
487.500000 112.360355
488.500000 112.872423
489.500000 113.362035
490.500000 113.782609
491.500000 114.218863
492.500000 114.812264
493.500000 115.421413
494.500000 115.963610
495.500000 116.506052
496.500000 117.117883
497.500000 117.737020
498.500000 118.270724
499.500000 118.798380
500.500000 119.332379
501.500000 119.950090
502.500000 120.538225
503.500000 120.988123
504.500000 121.453707
505.500000 122.145724
506.500000 122.862638
507.500000 123.447611
508.500000 124.075201
509.500000 124.714316
510.500000 125.353550
511.500000 125.979547
512.500000 126.540732
513.500000 127.167167
514.500000 127.809292
515.500000 128.474233
516.500000 129.195149
517.500000 129.835749
518.500000 130.384695
519.500000 130.935908
520.500000 131.601845
521.500000 132.417814
522.500000 133.166907
523.500000 133.783992
524.500000 134.533522
525.500000 135.352513
526.500000 136.048638
527.500000 136.744947
528.500000 137.564489
529.500000 138.315004
530.500000 138.935591
531.500000 139.713332
532.500000 140.652372
533.500000 141.522382
534.500000 142.224394
535.500000 142.926652
536.500000 143.799414
537.500000 144.766277
538.500000 145.664106
539.500000 146.461061
540.500000 147.242685
541.500000 148.037771
542.500000 148.909366
543.500000 149.758502
544.500000 150.460177
545.500000 151.164170
546.500000 152.040740
547.500000 153.031946
548.500000 154.000687
549.500000 154.783826
550.500000 155.410221
551.500000 156.193748
552.500000 157.165347
553.500000 158.184445
554.500000 159.181068
555.500000 160.059207
556.500000 160.764954
557.500000 161.468702
558.500000 162.320293
559.500000 163.196809
560.500000 164.021911
561.500000 164.927789
562.500000 165.925714
563.500000 166.923775
564.500000 167.830130
565.500000 168.658198
566.500000 169.564881
567.500000 170.565682
568.500000 171.591387
569.500000 172.619363
570.500000 173.647526
571.500000 174.675806
572.500000 175.704201
573.500000 176.732706
574.500000 177.761321
575.500000 178.790041
576.500000 179.818864
577.500000 180.847788
578.500000 181.876808
579.500000 182.905922
580.500000 183.935127
581.500000 184.964420
582.500000 185.993797
583.499933 187.023253
584.497717 188.052724
585.470655 189.081532
586.347453 190.107551
587.120986 191.130550
587.879014 192.153125
588.652547 193.176200
589.529278 194.202396
590.500000 195.231451
591.470789 196.260559
592.349669 197.286951
593.147981 198.310956
594.000000 199.336605
594.852019 200.362284
595.650331 201.386369
596.529211 202.412909
597.500000 203.442252
598.470789 204.471619
599.349669 205.498225
600.147981 206.522405
601.000000 207.548223
601.851952 208.574048
602.648048 209.598186
603.500000 210.624021
604.352019 211.649859
605.150264 212.674066
606.026996 213.700650
606.973004 214.729326
607.849736 215.755893
608.647981 216.780070
609.500000 217.805862
610.351952 218.831634
611.148048 219.855699
612.000000 220.881431
612.852019 221.907139
613.650264 222.931200
614.526996 223.957595
615.472938 224.986034
616.347520 226.012288
617.120986 227.035472
617.879014 228.058159
618.652480 229.081272
619.526996 230.107358
620.470722 231.135449
621.320524 232.160688
622.000000 233.180829
622.679543 234.200934
623.531427 235.226083
624.497784 236.254535
625.441510 237.282237
626.199472 238.304424
626.800528 239.321977
627.558557 240.344062
628.504432 241.371532
629.495568 242.400210
630.441443 243.427472
631.199472 244.449242
631.800528 245.466454
632.558557 246.488095
633.504499 247.514995
634.497851 248.543113
635.470655 249.570515
636.347453 250.595096
637.120986 251.616687
637.879014 252.637757
638.652547 253.659165
639.529278 254.683314
640.499933 255.709902
641.468506 256.736275
642.320457 257.759338
643.000000 258.777641
643.679476 259.795860
644.529278 260.818525
645.473004 261.843537
646.347520 262.866562
647.120986 263.886801
647.879014 264.906520
648.652547 265.926521
649.529278 266.949041
650.500000 267.973786
651.470722 268.998327
652.347453 270.020314
653.120986 271.039570
653.879014 272.058308
654.652480 273.077290
655.527062 274.098584
656.472938 275.121408
657.347520 276.142319
658.120986 277.160655
658.879014 278.178479
659.652480 279.196517
660.526996 280.216725
661.470722 281.238309
662.320524 282.257543
663.000000 283.272782
663.679543 284.287897
664.531427 285.306667
665.497784 286.327714
666.441510 287.348015
667.199472 288.364135
667.800528 289.376800
668.558557 290.392623
669.504566 291.412132
670.500134 292.432374
671.500000 293.452403
672.500000 294.472127
673.500000 295.491475
674.500000 296.508360
675.500000 297.500081
676.500000 298.395208
677.500000 299.182379
678.500000 299.901943
679.500000 300.421702
680.500000 300.766367
681.500000 301.162184
682.500000 301.624720
683.500000 302.017633
684.500000 302.333793
685.500000 302.726005
686.500000 303.187073
687.500000 303.578572
688.500000 303.893307
689.500000 304.284081
690.500000 304.743699
691.500000 305.133670
692.500000 305.444783
693.500000 305.809294
694.500000 306.173428
695.500000 306.483476
696.500000 306.873710
697.500000 307.355467
698.500000 307.836838
699.500000 308.225911
700.500000 308.534025
701.500000 308.895453
702.500000 309.256418
703.500000 309.561132
704.500000 309.921302
705.500000 310.281072
706.500000 310.584584
707.500000 310.943548
708.500000 311.302175
709.500000 311.606688
710.500000 311.991363
711.500000 312.467536
712.500000 312.943300
713.500000 313.326744
714.500000 313.629209
715.500000 313.984967
716.500000 314.340311
717.500000 314.641469
718.500000 315.020697
719.500000 315.468787
720.500000 315.847184
721.500000 316.146546
722.500000 316.494832
723.500000 316.788777
724.500000 316.788777
725.500000 316.494832
726.500000 316.146546
727.500000 315.847184
728.500000 315.468787
729.500000 315.020697
730.500000 314.641469
731.500000 314.340311
732.500000 313.984967
733.500000 313.629209
734.500000 313.326744
735.500000 312.943300
736.500000 312.467536
737.500000 311.991363
738.500000 311.606688
739.500000 311.302175
740.500000 310.943548
741.500000 310.584584
742.500000 310.281072
743.500000 309.921302
744.500000 309.561132
745.500000 309.256418
746.500000 308.895453
747.500000 308.534025
748.500000 308.225911
749.500000 307.836838
750.500000 307.355467
751.500000 306.873710
752.500000 306.483476
753.500000 306.173428
754.500000 305.809294
755.500000 305.444783
756.500000 305.133670
757.500000 304.743699
758.500000 304.284081
759.500000 303.893307
760.500000 303.578572
761.500000 303.187073
762.500000 302.726005
763.500000 302.333793
764.500000 302.017633
765.500000 301.624720
766.500000 301.162184
767.500000 300.766367
768.500000 300.421702
769.500000 299.901943
770.500000 299.182379
771.500000 298.395208
772.500000 297.500081
773.500000 296.508360
774.500000 295.491475
775.500000 294.472127
776.500000 293.452403
777.499866 292.432374
778.495434 291.412132
779.441443 290.392623
780.199472 289.376800
780.800528 288.364135
781.558490 287.348015
782.502216 286.327714
783.468573 285.306667
784.320457 284.287897
785.000000 283.272782
785.679476 282.257543
786.529278 281.238309
787.473004 280.216725
788.347520 279.196517
789.120986 278.178479
789.879014 277.160655
790.652480 276.142319
791.527062 275.121408
792.472938 274.098584
793.347520 273.077290
794.120986 272.058308
794.879014 271.039570
795.652547 270.020314
796.529278 268.998327
797.500000 267.973786
798.470722 266.949041
799.347453 265.926521
800.120986 264.906520
800.879014 263.886801
801.652480 262.866562
802.526996 261.843537
803.470722 260.818525
804.320524 259.795860
805.000000 258.777641
805.679543 257.759338
806.531494 256.736275
807.500067 255.709902
808.470722 254.683314
809.347453 253.659165
810.120986 252.637757
810.879014 251.616687
811.652547 250.595096
812.529345 249.570515
813.502149 248.543113
814.495501 247.514995
815.441443 246.488095
816.199472 245.466454
816.800528 244.449242
817.558557 243.427472
818.504432 242.400210
819.495568 241.371532
820.441443 240.344062
821.199472 239.321977
821.800528 238.304424
822.558490 237.282237
823.502216 236.254535
824.468573 235.226083
825.320457 234.200934
826.000000 233.180829
826.679476 232.160688
827.529278 231.135449
828.473004 230.107358
829.347520 229.081272
830.120986 228.058159
830.879014 227.035472
831.652480 226.012288
832.527062 224.986034
833.473004 223.957595
834.349736 222.931200
835.147981 221.907139
836.000000 220.881431
836.851952 219.855699
837.648048 218.831634
838.500000 217.805862
839.352019 216.780070
840.150264 215.755893
841.026996 214.729326
841.973004 213.700650
842.849736 212.674066
843.647981 211.649859
844.500000 210.624021
845.351952 209.598186
846.148048 208.574048
847.000000 207.548223
847.852019 206.522405
848.650331 205.498225
849.529211 204.471619
850.500000 203.442252
851.470789 202.412909
852.349669 201.386369
853.147981 200.362284
854.000000 199.336605
854.852019 198.310956
855.650331 197.286951
856.529211 196.260559
857.500000 195.231451
858.470722 194.202396
859.347453 193.176200
860.120986 192.153125
860.879014 191.130550
861.652547 190.107551
862.529345 189.081532
863.502283 188.052724
864.500067 187.023253
865.500000 185.993797
866.500000 184.964420
867.500000 183.935127
868.500000 182.905922
869.500000 181.876808
870.500000 180.847788
871.500000 179.818864
872.500000 178.790041
873.500000 177.761321
874.500000 176.732706
875.500000 175.704201
876.500000 174.675806
877.500000 173.647526
878.500000 172.619363
879.500000 171.591387
880.500000 170.565682
881.500000 169.564881
882.500000 168.658198
883.500000 167.830130
884.500000 166.923775
885.500000 165.925714
886.500000 164.927789
887.500000 164.021911
888.500000 163.196809
889.500000 162.320293
890.500000 161.468702
891.500000 160.764954
892.500000 160.059207
893.500000 159.181068
894.500000 158.184445
895.500000 157.165347
896.500000 156.193748
897.500000 155.410221
898.500000 154.783826
899.500000 154.000687
900.500000 153.031946
901.500000 152.040740
902.500000 151.164170
903.500000 150.460177
904.500000 149.758502
905.500000 148.909366
906.500000 148.037771
907.500000 147.242685
908.500000 146.461061
909.500000 145.664106
910.500000 144.766277
911.500000 143.799414
912.500000 142.926652
913.500000 142.224394
914.500000 141.522382
915.500000 140.652372
916.500000 139.713332
917.500000 138.935591
918.500000 138.315004
919.500000 137.564489
920.500000 136.744947
921.500000 136.048638
922.500000 135.352513
923.500000 134.533522
924.500000 133.783992
925.500000 133.166907
926.500000 132.417814
927.500000 131.601845
928.500000 130.935908
929.500000 130.384695
930.500000 129.835749
931.500000 129.195149
932.500000 128.474233
933.500000 127.809292
934.500000 127.167167
935.500000 126.540732
936.500000 125.979547
937.500000 125.353550
938.500000 124.714316
939.500000 124.075201
940.500000 123.447611
941.500000 122.862638
942.500000 122.145724
943.500000 121.453707
944.500000 120.988123
945.500000 120.538225
946.500000 119.950090
947.500000 119.332379
948.500000 118.798380
949.500000 118.270724
950.500000 117.737020
951.500000 117.117883
952.500000 116.506052
953.500000 115.963610
954.500000 115.421413
955.500000 114.812264
956.500000 114.218863
957.500000 113.782609
958.500000 113.362035
959.500000 112.872423
960.500000 112.360355
961.500000 111.846377
962.500000 111.332503
963.500000 110.818867
964.500000 110.307482
965.500000 109.818964
966.500000 109.401906
967.500000 108.992208
968.500000 108.496996
969.500000 107.993639
970.500000 107.474043
971.500000 106.971012
972.500000 106.476520
973.500000 106.069951
974.500000 105.679044
975.500000 105.288364
976.500000 104.884418
977.500000 104.415631
978.500000 104.012063
979.500000 103.624153
980.500000 103.259027
981.500000 102.949840
982.500000 102.560302
983.500000 102.079005
984.500000 101.597856
985.500000 101.208762
986.500000 100.900314
987.500000 100.536222
988.500000 100.149709
989.500000 99.749983
990.500000 99.310046
991.500000 99.027220
992.500000 98.815824
993.500000 98.477417
994.500000 98.093817
995.500000 97.692765
996.500000 97.226715
997.500000 96.825860
998.500000 96.440707
999.500000 96.080462
1000.500000 95.800979
1001.500000 95.537127
1002.500000 95.280527
1003.500000 94.992211
1004.500000 94.619302
1005.500000 94.183533
1006.500000 93.904856
1007.500000 93.720287
1008.500000 93.482196
1009.500000 93.232881
1010.500000 92.995020
1011.500000 92.810979
1012.500000 92.535142
1013.500000 92.125141
1014.500000 91.849591
1015.500000 91.668139
1016.500000 91.455719
1017.500000 91.301408
1018.500000 91.147268
1019.500000 90.937309
1020.500000 90.781159
1021.500000 90.600329
1022.500000 90.269753
1023.500000 89.916644
1024.500000 89.642118
1025.500000 89.405822
1026.500000 89.250255
1027.500000 89.096931
1028.500000 88.887843
1029.500000 88.732552
1030.500000 88.552637
1031.500000 88.225048
1032.500000 87.897545
1033.500000 87.717891
1034.500000 87.563102
1035.500000 87.356772
1036.500000 87.229077
1037.500000 87.170741
1038.500000 87.043208
1039.500000 86.837267
1040.500000 86.685177
1041.500000 86.533164
1042.500000 86.327520
1043.500000 86.202585
1044.500000 86.171714
1045.500000 86.163545
1046.500000 86.132750
1047.500000 86.005953
1048.500000 85.775960
1049.500000 85.530530
1050.500000 85.300671
1051.500000 85.174143
1052.500000 85.143820
1053.500000 85.138340
1054.500000 85.132856
1055.500000 85.100572
1056.500000 84.949579
1057.500000 84.626170
1058.500000 84.302820
1059.500000 84.152004
1060.500000 84.120015
1061.500000 84.115010
1062.500000 84.112210
1063.500000 84.107381
1064.500000 84.077760
1065.500000 83.952052
1066.500000 83.723129
1067.500000 83.478754
1068.500000 83.249932
1069.500000 83.124425
1070.500000 83.095105
1071.500000 83.090679
1072.500000 83.088449
1073.500000 83.086264
1074.500000 83.081975
1075.500000 83.052884
1076.500000 82.927696
1077.500000 82.699286
1078.500000 82.455413
1079.500000 82.227085
1080.500000 82.102063
1081.500000 82.073220
1082.500000 82.069262
1083.500000 82.067492
1084.500000 82.065825
1085.500000 82.064196
1086.500000 82.062602
1087.500000 82.061044
1088.500000 82.059520
1089.500000 82.058030
1090.500000 82.056574
1091.499933 82.055150
1092.497650 82.053762
1093.468372 82.052508
1094.681892 82.203378
1095.531628 82.428744
1096.502350 82.669484
1097.500067 82.894714
1098.500000 83.016704
1099.500000 83.042583
1100.500000 83.043642
1101.500000 83.042580
1102.500000 83.041544
1103.500000 83.042682
1104.500000 83.068626
1105.500000 83.188651
1106.500000 83.389335
1107.500000 83.536337
1108.500000 83.683362
1109.500000 83.884116
1110.500000 84.004258
1111.500000 84.030431
1112.500000 84.033995
1113.500000 84.060211
1114.500000 84.180437
1115.500000 84.381318
1116.500000 84.528512
1117.500000 84.675726
1118.500000 84.876665
1119.500000 84.996987
1120.500000 85.023337
1121.500000 85.027074
1122.500000 85.053459
1123.500000 85.173851
1124.500000 85.374894
1125.500000 85.522247
1126.500000 85.669616
1127.500000 85.870773
1128.500000 85.993460
1129.500000 86.046884
1130.500000 86.169533
1131.500000 86.368599
1132.500000 86.491276
1133.500000 86.544755
1134.500000 86.667525
1135.500000 86.868794
1136.500000 87.016302
1137.500000 87.163823
1138.500000 87.365128
1139.500000 87.488027
1140.500000 87.543808
1141.500000 87.693590
1142.500000 88.013778
1143.500000 88.336058
1144.500000 88.510719
1145.500000 88.662759
1146.500000 88.891147
1147.500000 89.132832
1148.500000 89.359022
1149.500000 89.484105
1150.500000 89.537905
1151.500000 89.663006
1152.500000 89.889232
1153.500000 90.130903
1154.500000 90.357213
1155.500000 90.484562
1156.500000 90.565340
1157.500000 90.809325
1158.500000 91.210291
1159.500000 91.479071
1160.500000 91.656016
1161.500000 91.886675
1162.500000 92.128681
1163.500000 92.359353
1164.500000 92.536325
1165.500000 92.805278
1166.500000 93.210661
1167.500000 93.506488
1168.500000 93.802320
1169.500000 94.207787
1170.500000 94.478918
1171.500000 94.680709
1172.500000 95.005490
1173.500000 95.328194
1174.500000 95.505221
1175.500000 95.682386
1176.500000 96.009402
1177.500000 96.383766
1178.500000 96.773705
1179.500000 97.206149
1180.500000 97.504255
1181.500000 97.800149
1182.500000 98.203527
1183.500000 98.449937
1184.500000 98.557863
1185.500000 98.806429
1186.500000 99.234669
1187.500000 99.626791
1188.500000 100.030342
1189.500000 100.503173
1190.500000 100.973925
1191.500000 101.352706
1192.500000 101.650988
1193.500000 102.005061
1194.500000 102.381768
1195.500000 102.773982
1196.500000 103.231263
1197.500000 103.623482
1198.500000 104.000266
1199.500000 104.356572
1200.500000 104.681803
1201.500000 105.179447
1202.500000 105.824856
1203.500000 106.322571
1204.500000 106.649961
1205.500000 107.031126
1206.500000 107.504067
1207.500000 107.999641
1208.500000 108.474669
1209.500000 108.878472
1210.500000 109.275084
1211.500000 109.757310
1212.500000 110.245834
1213.500000 110.730279
1214.500000 111.153893
1215.500000 111.678692
1216.500000 112.353205
1217.500000 112.969848
1218.500000 113.471887
1219.500000 113.877922
1220.500000 114.274683
1221.500000 114.759140
1222.500000 115.274606
1223.500000 115.877835
1224.500000 116.474006
1225.500000 117.000967
1226.500000 117.527930
1227.500000 118.124171
1228.500000 118.729621
1229.500000 119.272158
1230.500000 119.879759
1231.500000 120.500784
1232.500000 121.121809
1233.500000 121.729414
1234.500000 122.272022
1235.500000 122.879695
1236.500000 123.502873
1237.500000 124.148749
1238.500000 124.852563
1239.500000 125.500590
1240.500000 126.148551
1241.500000 126.850218
1242.500000 127.471318
1243.500000 128.000444
1244.500000 128.527488
1245.500000 129.123811
1246.500000 129.731558
1247.500000 130.303186
1248.500000 131.054484
1249.500000 131.946420
1250.500000 132.699935
1251.500000 133.298627
1252.500000 134.029580
1253.500000 134.852374
1254.500000 135.621462
1255.500000 136.379277
1256.500000 137.150582
1257.500000 138.000306
1258.500000 138.850031
1259.500000 139.621270
1260.500000 140.377005
1261.500000 141.123466
1262.500000 141.877053
1263.500000 142.623514
1264.500000 143.379317
1265.500000 144.152707
1266.500000 145.027281
1267.500000 145.973148
1268.500000 146.847723
1269.500000 147.621181
1270.500000 148.379202
1271.500000 149.152661
1272.500000 150.027237
1273.500000 150.973172
1274.500000 151.849964
1275.500000 152.650420
1276.500000 153.529428
1277.500000 154.502427
1278.500000 155.500205
1279.500000 156.500133
1280.500000 157.500061
1281.500000 158.497841
1282.499933 159.470840
1283.497717 160.349850
1284.470722 161.150374
1285.349736 162.029385
1286.150264 163.002386
1287.029278 164.000166
1288.002283 165.000096
1289.000067 166.000092
1290.000000 167.000089
1291.000000 168.000085
1291.999933 169.000082
1292.997717 170.000079
1293.970722 171.000076
1294.849669 172.000073
1295.647981 173.000071
1296.500000 174.000069
1297.351952 175.000066
1298.148048 176.000064
1298.999933 177.000062
1299.849736 178.000060
1300.621053 179.000058
1301.379014 180.000056
1302.152547 181.000055
1303.029278 182.000053
1304.000000 183.000051
1304.970722 184.000049
1305.847453 185.000047
1306.620986 186.000046
1307.378947 187.000044
1308.150264 188.000043
1309.000000 189.000041
1309.849736 190.000040
1310.621053 191.000039
1311.378880 192.000038
1312.147981 193.000036
1312.970789 194.000035
1313.701688 195.000034
1314.298245 196.000033
1315.026996 197.000032
1315.824956 198.000031
1316.497784 199.000031
1317.147981 200.000030
1317.851952 201.000029
1318.500000 202.000028
1319.147981 203.000027
1319.849736 204.000027
1320.473004 205.000026
1321.027062 206.000025
1321.652413 207.000025
1322.376798 208.000024
1323.093990 209.000023
1323.726467 210.000023
1324.271250 211.000022
1324.879014 212.000022
1325.502216 213.000021
1326.148048 214.000020
1326.849669 215.000020
1327.470722 216.000019
1327.997717 217.000019
1328.500000 218.000019
1329.002283 219.000018
1329.529278 220.000018
1330.150264 221.000017
1330.849736 222.000017
1331.470722 223.000016
1331.997717 224.000016
1332.499933 225.000016
1333.000000 226.000015
1333.500067 227.000015
1334.002216 228.000015
1334.526996 229.000014
1335.120986 230.000014
1335.699472 231.000014
1336.120986 232.000013
1336.526996 233.000013
1337.002216 234.000013
1337.500000 235.000013
1337.997784 236.000012
1338.472938 237.000012
1338.876731 238.000012
1339.271250 239.000012
1339.728817 240.000012
1340.125484 241.000011
1340.554058 242.000011
1341.123202 243.000011
1341.699539 244.000011
1342.120986 245.000010
1342.526929 246.000010
1343.000000 247.000010
1343.473004 248.000010
1343.876665 249.000010
1344.268967 250.000009
1344.699472 251.000009
1344.973004 252.000009
1345.177260 253.000009
1345.529278 254.000009
1345.975287 255.000009
1346.376798 256.000009
1346.771183 257.000009
1347.226467 258.000008
1347.593990 259.000008
1347.876731 260.000008
1348.150197 261.000008
1348.500000 262.000008
1348.849803 263.000008
1349.123269 264.000008
1349.406010 265.000008
1349.773466 266.000007
1350.226534 267.000007
1350.593923 268.000007
1350.874516 269.000007
1351.123135 270.000007
1351.376798 271.000007
1351.623202 272.000007
1351.876798 273.000007
1352.123269 274.000007
1352.379014 275.000007
1352.650264 276.000007
1353.000000 277.000006
1353.349736 278.000006
1353.620986 279.000006
1353.876665 280.000006
1354.120919 281.000006
1354.347587 282.000006
1354.475220 283.000006
1354.556274 284.000006
1354.800461 285.000006
1355.199472 286.000006
1355.441443 287.000006
1355.495501 288.000006
1355.502216 289.000006
1355.531561 290.000006
1355.679609 291.000006
1356.002350 292.000006
1356.352019 293.000006
1356.647981 294.000006
1356.997650 295.000005
1357.320391 296.000005
1357.468506 297.000005
1357.500000 298.000005
1357.531494 299.000005
1357.679543 300.000005
1358.000000 301.000005
1358.320457 302.000005
1358.468439 303.000005
1358.497650 304.000005
1358.500067 305.000005
1358.504566 306.000005
1358.558557 307.000005
1358.800528 308.000005
1359.199472 309.000005
1359.441443 310.000005
1359.495434 311.000005
1359.499933 312.000005
1359.502350 313.000005
1359.531561 314.000005
1359.679543 315.000005
1360.000000 316.000005
1360.320457 317.000005
1360.468439 318.000005
1360.497717 319.000005
1360.502283 320.000005
1360.531561 321.000005
1360.679543 322.000005
1361.000000 323.000005
1361.320457 324.000004
1361.468439 325.000004
1361.497650 326.000004
1361.500000 327.000004
1361.502283 328.000004
1361.529345 329.000004
1361.652547 330.000004
1361.879014 331.000004
1362.120986 332.000004
1362.347453 333.000004
1362.470655 334.000004
1362.497717 335.000004
1362.499933 336.000004
1362.500067 337.000004
1362.502350 338.000004
1362.531561 339.000004
1362.679543 340.000004
1363.000000 341.000004
1363.320457 342.000004
1363.468439 343.000004
1363.497650 344.000004
1363.499933 345.000004
1363.500000 346.000004
1363.500000 347.000004
1363.500067 348.000004
1363.502283 349.000004
1363.529278 350.000004
1363.650264 351.000004
1363.849736 352.000004
1363.970655 353.000004
1363.995434 354.000004
1363.970655 355.000004
1363.849736 356.000004
1363.650264 357.000004
1363.529278 358.000004
1363.502216 359.000004
1363.497784 360.000004
1363.470722 361.000004
1363.349736 362.000004
1363.150264 363.000004
1363.029211 364.000004
1363.000000 365.000004
1362.970789 366.000004
1362.849736 367.000004
1362.650197 368.000004
1362.526996 369.000004
1362.473004 370.000004
1362.349803 371.000004
1362.150264 372.000004
1362.029278 373.000004
1362.002216 374.000004
1361.997784 375.000004
1361.970722 376.000004
1361.849669 377.000004
1361.647981 378.000004
1361.500000 379.000004
1361.352019 380.000004
1361.150331 381.000005
1361.029211 382.000005
1361.000000 383.000005
1360.970722 384.000005
1360.847453 385.000005
1360.620986 386.000005
1360.379014 387.000005
1360.152547 388.000005
1360.029345 389.000005
1360.002216 390.000005
1359.997784 391.000005
1359.970655 392.000005
1359.847453 393.000005
1359.620986 394.000005
1359.379014 395.000005
1359.152547 396.000005
1359.029278 397.000005
1359.000000 398.000005
1358.970722 399.000005
1358.847453 400.000005
1358.620986 401.000005
1358.379014 402.000005
1358.152480 403.000005
1358.027062 404.000005
1357.972938 405.000005
1357.847520 406.000005
1357.620986 407.000005
1357.379014 408.000005
1357.152413 409.000005
1357.024780 410.000005
1356.943726 411.000005
1356.699539 412.000006
1356.300461 413.000006
1356.056207 414.000006
1355.973004 415.000006
1355.820591 416.000006
1355.500000 417.000006
1355.179543 418.000006
1355.031494 419.000006
1355.000000 420.000006
1354.968506 421.000006
1354.820391 422.000006
1354.497650 423.000006
1354.147981 424.000006
1353.852019 425.000006
1353.502350 426.000006
1353.179543 427.000006
1353.029211 428.000006
1352.970789 429.000006
1352.820457 430.000007
1352.497650 431.000007
1352.147981 432.000007
1351.852019 433.000007
1351.502283 434.000007
1351.177260 435.000007
1351.000000 436.000007
1350.822807 437.000007
1350.499933 438.000007
1350.174977 439.000007
1349.972938 440.000007
1349.699472 441.000007
1349.269034 442.000008
1348.878947 443.000008
1348.502216 444.000008
1348.148115 445.000008
1347.851885 446.000008
1347.497784 447.000008
1347.120986 448.000008
1346.728683 449.000009
1346.271317 450.000009
1345.878947 451.000009
1345.500000 452.000009
1345.121053 453.000009
1344.728683 454.000009
1344.271317 455.000009
1343.879014 456.000010
1343.502216 457.000010
1343.148115 458.000010
1342.851885 459.000010
1342.497784 460.000010
1342.120919 461.000010
1341.726467 462.000011
1341.244187 463.000011
1340.753530 464.000011
1340.246470 465.000011
1339.755813 466.000011
1339.273466 467.000012
1338.876798 468.000012
1338.473004 469.000012
1338.000000 470.000012
1337.526996 471.000013
1337.123202 472.000013
1336.726534 473.000013
1336.244187 474.000013
1335.753530 475.000014
1335.246403 476.000014
1334.753530 477.000014
1334.244187 478.000015
1333.726534 479.000015
1333.123202 480.000015
1332.527062 481.000016
1332.002149 482.000016
1331.497851 483.000016
1330.972938 484.000017
1330.376731 485.000017
1329.771250 486.000018
1329.228750 487.000018
1328.623269 488.000018
1328.027062 489.000019
1327.502149 490.000019
1326.997784 491.000020
1326.470722 492.000020
1325.849669 493.000021
1325.147981 494.000021
1324.500000 495.000022
1323.852019 496.000022
1323.150331 497.000023
1322.529211 498.000024
1322.000000 499.000024
1321.470722 500.000025
1320.847453 501.000025
1320.120986 502.000026
1319.378947 503.000027
1318.650264 504.000028
1318.000067 505.000029
1317.351952 506.000029
1316.647981 507.000030
1315.997784 508.000031
1315.324956 509.000032
1314.526996 510.000033
1313.798179 511.000034
1313.199539 512.000035
1312.446009 513.000036
1311.553991 514.000037
1310.800461 515.000039
1310.201821 516.000039
1309.473004 517.000041
1308.674977 518.000042
1307.999933 519.000043
1307.322740 520.000044
1306.497784 521.000046
1305.650197 522.000047
1304.878947 523.000049
1304.120986 524.000050
1303.347520 525.000052
1302.472938 526.000054
1301.526996 527.000056
1300.650264 528.000058
1299.852019 529.000060
1299.000000 530.000062
1298.147981 531.000064
1297.349669 532.000066
1296.470722 533.000069
1295.497717 534.000071
1294.499933 535.000074
1293.500000 536.000077
1292.500067 537.000080
1291.502283 538.000083
1290.529278 539.000087
1289.650264 540.000090
1288.849736 541.000026
1287.970722 541.997813
1286.997717 542.970821
1285.999933 543.849839
1285.000000 544.650372
1284.000000 545.529323
1283.000000 546.500116
1282.000000 547.470910
1281.000000 548.349862
1280.000000 549.150395
1279.000000 550.029414
1278.000000 551.002424
1277.000000 552.000214
1276.000000 553.000086
1275.000000 553.997876
1274.000000 554.970886
1273.000000 555.849840
1272.000000 556.648159
1271.000000 557.500185
1270.000000 558.352144
1269.000000 559.148247
1268.000000 560.000207
1267.000000 560.852233
1266.000000 561.650487
1265.000000 562.527160
1264.000000 563.470962
1263.000000 564.320774
1262.000000 565.000259
1261.000000 565.679745
1260.000000 566.529491
1259.000000 567.471078
1258.000000 568.320758
1257.000000 568.998029
1256.000000 569.650588
1255.000000 570.381566
1254.000000 571.150613
1253.000000 571.998146
1252.000000 572.823049
1251.000000 573.498106
1250.000000 574.148385
1249.000000 574.852370
1248.000000 575.500434
1247.000000 576.148498
1246.000000 576.852419
1245.000000 577.500484
1244.000000 578.148483
1243.000000 578.850256
1242.000000 579.473544
1241.000000 580.027555
1240.000000 580.650844
1239.000000 581.352619
1238.000000 582.000623
1237.000000 582.648693
1236.000000 583.352553
1235.000000 583.998477
1234.000000 584.621703
1233.000000 585.229427
1232.000000 585.772020
1231.000000 586.377529
1230.000000 586.973831
1229.000000 587.500856
1228.000000 588.027882
1227.000000 588.624120
1226.000000 589.227485
1225.000000 589.745172
1224.000000 590.254549
1223.000000 590.747458
1222.000000 591.254622
1221.000000 591.745318
1220.000000 592.227771
1219.000000 592.626629
1218.000000 593.055379
1217.000000 593.626782
1216.000000 594.230093
1215.000000 594.770356
1214.000000 595.348957
1213.000000 595.826376
1212.000000 596.176649
1211.000000 596.654004
1210.000000 597.230396
1209.000000 597.743741
1208.000000 598.228228
1207.000000 598.625022
1206.000000 599.028945
1205.000000 599.504096
1204.000000 599.999797
1203.000000 600.472803
1202.000000 600.851887
1201.000000 601.152488
1200.000000 601.531577
1199.000000 602.004592
1198.000000 602.500239
1197.000000 602.973259
1196.000000 603.352358
1195.000000 603.652907
1194.000000 604.029795
1193.000000 604.475897
1192.000000 604.852724
1191.000000 605.151068
1190.000000 605.503188
1189.000000 605.855244
1188.000000 606.151449
1187.000000 606.503512
1186.000000 606.855645
1185.000000 607.154009
1184.000000 607.530862
1183.000000 607.976996
1182.000000 608.353857
1181.000000 608.652235
1180.000000 609.004324
1179.000000 609.354268
1178.000000 609.625663
1177.000000 609.881558
1176.000000 610.128250
1175.000000 610.384221
1174.000000 610.657783
1173.000000 611.032467
1172.000000 611.476366
1171.000000 611.826280
1170.000000 612.003723
1169.000000 612.156392
1168.000000 612.385403
1167.000000 612.629857
1166.000000 612.883592
1165.000000 613.130207
1164.000000 613.384022
1163.000000 613.630649
1162.000000 613.884476
1161.000000 614.131116
1160.000000 614.384889
1159.000000 614.629327
1158.000000 614.856186
1157.000000 614.981935
1156.000000 615.038481
1155.000000 615.189025
1154.000000 615.512053
1153.000000 615.859802
1152.000000 616.129140
1151.000000 616.360352
1150.000000 616.510937
1149.000000 616.659382
1148.000000 616.863692
1147.000000 617.014304
1146.000000 617.189639
1145.000000 617.512680
1144.000000 617.833582
1143.000000 617.981952
1142.000000 618.011629
1141.000000 618.016603
1140.000000 618.046302
1139.000000 618.194715
1138.000000 618.515616
1137.000000 618.836528
1136.000000 618.984976
1135.000000 619.014667
1134.000000 619.017442
1133.000000 619.018148
1132.000000 619.023098
1131.000000 619.077621
1130.000000 619.320138
1129.000000 619.719642
1128.000000 619.962188
1127.000000 620.016769
1126.000000 620.021872
1125.000000 620.024909
1124.000000 620.054757
1123.000000 620.203391
1122.000000 620.524517
1121.000000 620.845661
1120.000000 620.994346
1119.000000 621.024279
1118.000000 621.027301
1117.000000 621.028126
1116.000000 621.029037
1115.000000 621.034266
1114.000000 621.089073
1113.000000 621.331881
1112.000000 621.731682
1111.000000 621.974532
1110.000000 622.029423
1109.000000 622.034778
1108.000000 622.035856
1107.000000 622.036824
1106.000000 622.037882
1105.000000 622.041180
1104.000000 622.071431
1103.000000 622.220477
1102.000000 622.542025
1101.000000 622.863599
1100.000000 623.012723
1099.000000 623.043104
1098.000000 623.046585
1097.000000 623.047878
1096.000000 623.049132
1095.000000 623.050483
1094.000000 623.054013
1093.000000 623.082353
1092.000000 623.204648
1091.000000 623.403311
1090.000000 623.498741
1089.000000 623.406224
1088.000000 623.210475
1087.000000 623.091097
1086.000000 623.065677
1085.000000 623.065073
1084.000000 623.066654
1083.000000 623.068272
1082.000000 623.067779
1081.000000 623.042477
1080.000000 622.921076
1079.000000 622.696449
1078.000000 622.456358
1077.000000 622.231813
1076.000000 622.110576
1075.000000 622.085521
1074.000000 622.085356
1073.000000 622.087317
1072.000000 622.087242
1071.000000 622.062366
1070.000000 621.941398
1069.000000 621.717212
1068.000000 621.477570
1067.000000 621.253482
1066.000000 621.132710
1065.000000 621.108128
1064.000000 621.108378
1063.000000 621.108681
1062.000000 621.084325
1061.000000 620.965966
1060.000000 620.767028
1059.000000 620.621853
1058.000000 620.476735
1057.000000 620.277970
1056.000000 620.159832
1055.000000 620.133662
1054.000000 620.107554
1053.000000 619.989600
1052.000000 619.791141
1051.000000 619.646453
1050.000000 619.501830
1049.000000 619.303567
1048.000000 619.185940
1047.000000 619.160289
1046.000000 619.134641
1045.000000 619.015073
1044.000000 618.792379
1043.000000 618.554253
1042.000000 618.331704
1041.000000 618.212430
1040.000000 618.187222
1039.000000 618.162157
1038.000000 618.045263
1037.000000 617.847881
1036.000000 617.704285
1035.000000 617.560771
1034.000000 617.363566
1033.000000 617.244932
1032.000000 617.195593
1031.000000 617.074914
1030.000000 616.851057
1029.000000 616.587006
1028.000000 616.242409
1027.000000 615.897903
1026.000000 615.634125
1025.000000 615.410724
1024.000000 615.290684
1023.000000 615.242100
1022.000000 615.122320
1021.000000 614.901455
1020.000000 614.663037
1019.000000 614.413295
1018.000000 614.148152
1017.000000 613.806775
1016.000000 613.490283
1015.000000 613.346307
1014.000000 613.294346
1013.000000 613.150585
1012.000000 612.834459
1011.000000 612.491582
1010.000000 612.202457
1009.000000 611.857591
1008.000000 611.514922
1007.000000 611.250855
1006.000000 611.000329
1005.000000 610.736566
1004.000000 610.396520
1003.000000 610.077144
1002.000000 609.882891
1001.000000 609.617468
1000.000000 609.197282
999.000000 608.840204
998.000000 608.565887
997.000000 608.300909
996.000000 607.959724
995.000000 607.618671
994.000000 607.354088
993.000000 607.080432
992.000000 606.724212
991.000000 606.303066
990.000000 606.014250
989.000000 605.725507
988.000000 605.302631
987.000000 604.922263
986.000000 604.553379
985.000000 604.184505
984.000000 603.800274
983.000000 603.328428
982.000000 602.848353
981.000000 602.352093
980.000000 601.874467
979.000000 601.428002
978.000000 601.138729
977.000000 600.851693
976.000000 600.430470
975.000000 600.047607
974.000000 599.630979
973.000000 599.075956
972.000000 598.536597
971.000000 598.223582
970.000000 597.933359
969.000000 597.488410
968.000000 597.012684
967.000000 596.518571
966.000000 596.038878
965.000000 595.544966
964.000000 595.065608
963.000000 594.572033
962.000000 594.093015
961.000000 593.599781
960.000000 593.121039
959.000000 592.626000
958.000000 592.122892
957.000000 591.536360
956.000000 590.979828
955.000000 590.563975
954.000000 590.155492
953.000000 589.592230
952.000000 589.011559
951.000000 588.475499
950.000000 587.868258
949.000000 587.184794
948.000000 586.580063
947.000000 586.069437
946.000000 585.581623
945.000000 585.071361
944.000000 584.467292
943.000000 583.782771
942.000000 583.152139
941.000000 582.521625
940.000000 581.835440
939.000000 581.205295
938.000000 580.575402
937.000000 579.891921
936.000000 579.287045
935.000000 578.749549
934.000000 578.120331
933.000000 577.343536
932.000000 576.634122
931.000000 576.059168
930.000000 575.374771
929.000000 574.690560
928.000000 574.116164
927.000000 573.407612
926.000000 572.629901
925.000000 571.975359
924.000000 571.318920
923.000000 570.516985
922.000000 569.715234
921.000000 569.059214
920.000000 568.401296
919.000000 567.575315
918.000000 566.680307
917.000000 565.946600
916.000000 565.370045
915.000000 564.663561
914.000000 563.888047
913.000000 563.235629
912.000000 562.579091
911.000000 561.750188
910.000000 560.804908
909.000000 559.859803
908.000000 559.031427
907.000000 558.375634
906.000000 557.720014
905.000000 556.892156
904.000000 555.947848
903.000000 555.001560
902.000000 554.147213
901.000000 553.371519
900.000000 552.519654
899.000000 551.598741
898.000000 550.747201
897.000000 549.972158
896.000000 549.118722
895.000000 548.171519
894.000000 547.201842
893.000000 546.254949
892.000000 545.402131
891.000000 544.627949
890.000000 543.775429
889.000000 542.829066
888.000000 541.858067
887.000000 540.885061
886.000000 539.912195
885.000000 538.941616
884.000000 537.995952
883.000000 537.144412
882.000000 536.371488
881.000000 535.520207
880.000000 534.575061
879.000000 533.605260
878.000000 532.633430
877.000000 531.661652
876.000000 530.689989
875.000067 529.718438
874.002283 528.746935
873.029278 527.774827
872.150264 526.800110
871.349736 525.823204
870.470722 524.848636
869.497717 523.876874
868.499933 522.905924
867.500000 521.935127
866.500000 520.964420
865.500000 519.993797
864.500000 519.023255
863.500067 518.052789
862.502283 517.082334
861.529278 516.111214
860.650264 515.137358
859.849736 514.161212
858.970789 513.187449
858.000000 512.216479
857.029211 511.245561
856.150264 510.271934
855.349803 509.295985
854.473004 508.322362
853.527062 507.350856
852.652480 506.377230
851.879014 505.400578
851.121053 504.423477
850.349736 503.446796
849.499933 502.472505
848.647981 501.498297
847.849669 500.522477
846.970855 499.549107
846.002283 498.578467
845.058490 497.607084
844.300528 496.630070
843.699472 495.648298
842.941510 494.671283
841.997784 493.699899
841.031427 492.729192
840.179543 491.755006
839.500000 490.775589
838.820524 489.796161
837.970722 488.821875
837.026996 487.850410
836.152480 486.876827
835.379014 485.900171
834.621053 484.923025
833.849736 483.946257
832.999933 482.971823
832.148048 481.997417
831.351952 481.021300
830.500000 480.046820
829.648048 479.072296
828.852019 478.096059
828.002283 477.121377
827.177327 476.145908
826.502283 475.165944
825.852086 474.185208
825.150331 473.205961
824.529345 472.224291
824.004633 471.239753
823.531695 470.253668
823.181892 469.263947
823.031628 468.268493
823.002350 467.273918
823.000067 466.332542
823.000000 465.633072
