617.200244 477.549990
616.598172 478.259288
615.859926 479.204974
614.999989 480.185812
614.139183 481.168464
613.380437 482.153293
612.619551 483.138173
611.859960 484.123176
610.981237 485.105948
610.019631 486.087248
609.158803 487.070644
608.500000 488.058026
607.841186 489.045486
606.979523 490.029203
606.000857 491.010874
605.039251 491.993038
604.278365 492.979048
603.721635 493.968881
602.960749 494.955082
601.999132 495.937802
601.019609 496.920384
600.139194 497.904890
599.361686 498.891333
598.500011 499.876450
597.639183 500.861729
596.880437 501.848878
596.119551 502.836108
595.359960 503.823476
594.481225 504.809010
593.518763 505.793348
592.639171 506.779201
591.860817 507.766815
590.980380 508.752956
590.000000 509.737713
589.019620 510.722670
588.139183 511.709332
587.360817 512.697675
586.480369 513.684641
585.499132 514.670307
584.499989 515.655918
583.500000 516.641725
582.500000 517.627742
581.500000 518.613967
580.500000 519.600401
579.500011 520.587043
578.500868 521.573904
577.519631 522.561201
576.639183 523.549972
575.860817 524.540177
574.980369 525.529248
573.999132 526.517254
572.999989 527.505243
572.000000 528.493423
571.000000 529.481805
570.000000 530.470387
569.000000 531.459156
568.000000 532.447277
567.000000 533.417688
566.000000 534.287506
565.000000 535.055434
564.000000 535.925637
563.000000 536.896819
562.000000 537.886095
561.000000 538.876405
560.000000 539.866899
559.000000 540.856732
558.000000 541.828840
557.000000 542.700340
556.000000 543.469934
555.000000 544.341788
554.000000 545.314594
553.000000 546.304632
552.000000 547.277780
551.000000 548.150320
550.000000 548.920931
549.000000 549.792944
548.000000 550.748002
547.000000 551.620337
546.000000 552.391593
545.000000 553.265087
544.000000 554.238667
543.000000 555.211553
542.000000 556.066739
541.000000 556.719212
540.000000 557.371830
539.000000 558.227451
538.000000 559.201050
537.000000 560.174788
536.000000 561.030824
535.000000 561.684111
534.000000 562.335840
533.000000 563.154756
532.000000 563.890918
531.000000 564.441780
530.000000 565.196931
529.000000 566.135039
528.000000 566.990383
527.000000 567.644653
526.000000 568.298202
525.000000 569.135984
524.000000 569.973876
523.000000 570.627734
522.000000 571.280864
521.000000 572.101168
520.000000 572.838669
519.000000 573.389164
518.000000 574.108968
517.000000 574.828868
516.000000 575.379651
515.000000 576.117620
514.000000 576.937739
513.000000 577.572968
512.000000 578.108330
511.000000 578.725836
510.000000 579.445496
509.000000 580.081048
508.000000 580.716690
507.000000 581.437432
506.000000 582.073226
505.000000 582.709083
504.000000 583.429188
503.000000 584.046435
502.000000 584.562962
501.000000 585.062495
500.000000 585.579155
499.000000 586.196654
498.000000 586.916310
497.000000 587.534778
496.000000 588.069577
495.000000 588.669410
494.000000 589.269759
493.000000 589.666819
492.000000 590.082300
491.000000 590.664430
490.000000 591.282039
489.000000 591.780081
488.000000 592.297844
487.000000 592.778085
486.000000 593.295095
485.000000 593.775414
484.000000 594.292511
483.000000 594.772914
482.000000 595.290093
481.000000 595.770576
480.000000 596.287810
479.000000 596.766678
478.000000 597.248183
477.000000 597.526392
476.000000 597.821695
475.000000 598.404079
474.000000 598.985201
473.000000 599.400567
472.000000 599.778878
471.000000 600.242691
470.000000 600.519427
469.000000 600.797024
468.000000 601.278825
467.000000 601.758063
466.000000 602.275717
465.000000 602.755849
464.000000 603.255656
463.000000 603.634201
462.000000 604.014063
461.000000 604.393924
460.000000 604.770842
459.000000 605.234920
458.000000 605.511924
457.000000 605.788935
456.000000 606.252224
455.000000 606.611318
454.000000 606.889665
453.000000 607.148839
452.000000 607.509266
451.000000 607.869709
450.000000 608.128928
449.000000 608.407352
448.000000 608.766542
447.000000 609.229124
446.000000 609.488386
445.000000 609.663944
444.000000 610.007408
443.000000 610.367110
442.000000 610.625574
441.000000 610.886188
440.000000 611.144685
439.000000 611.505274
438.000000 611.866707
437.000000 612.143127
436.000000 612.503722
435.000000 612.845585
434.000000 612.984584
433.000000 613.023637
432.000000 613.162653
431.000000 613.504535
430.000000 613.864331
429.000000 614.122897
428.000000 614.382763
427.000000 614.622590
426.000000 614.862872
425.000000 614.984004
424.000000 615.021426
423.000000 615.142581
422.000000 615.383730
421.000000 615.641496
420.000000 616.002195
419.000000 616.362899
418.000000 616.620679
417.000000 616.861852
416.000000 616.983039
415.000000 617.020491
414.000000 617.140829
413.000000 617.363254
412.000000 617.501494
411.000000 617.639737
410.000000 617.862161
409.000000 617.981670
408.000000 618.001228
407.000000 618.020800
406.000000 618.141163
405.000000 618.381507
404.000000 618.620558
403.000000 618.860906
402.000000 618.981279
401.000000 619.000866
400.000000 619.020443
399.000000 619.139976
398.000000 619.362429
397.000000 619.500706
396.000000 619.638986
395.000000 619.861444
394.000000 619.980986
393.000000 620.000575
392.000000 620.020166
391.000000 620.139713
390.000000 620.362178
389.000000 620.500467
388.000000 620.638758
387.000000 620.861226
386.000000 620.980768
385.000000 620.999510
384.000000 621.000359
383.000000 621.001208
382.000000 621.019965
381.000000 621.140357
380.000000 621.380738
379.000000 621.619826
378.000000 621.860209
377.000000 621.980604
376.000000 621.999365
375.000000 622.000210
374.000000 622.000221
373.000000 622.001066
372.000000 622.019830
371.000000 622.140228
370.000000 622.380617
369.000000 622.619710
368.000000 622.860099
367.000000 622.980499
366.000000 622.999266
365.000000 623.000116
364.000000 623.000120
363.000000 623.000125
362.000000 623.000976
361.000000 623.019733
360.000000 623.139267
359.000000 623.360040
358.000000 623.460823
357.000000 623.360030
356.000000 623.139248
355.000000 623.019703
354.000000 623.000936
353.000000 623.000076
352.000000 623.000061
351.000000 623.000057
350.000000 623.000042
349.000000 622.999171
348.000000 622.979548
347.000000 622.841231
346.000000 622.500043
345.000000 622.158854
344.000000 622.020537
343.000000 622.000915
342.000000 622.000045
341.000000 622.000032
340.000000 622.000030
339.000000 622.000005
338.000000 621.998290
337.000000 621.960762
336.000000 621.721658
335.000000 621.278387
334.000000 621.039283
333.000000 621.001756
332.000000 621.000041
331.000000 621.000017
330.000000 621.000005
329.000000 620.999136
328.000000 620.979515
327.000000 620.841199
326.000000 620.500013
325.000000 620.158826
324.000000 620.020511
323.000000 620.000890
322.000000 619.999998
321.000000 619.998273
320.000000 619.960746
319.000000 619.721643
318.000000 619.278373
317.000000 619.039270
316.000000 619.001743
315.000000 619.000029
314.000000 618.999995
313.000000 618.999126
312.000000 618.979506
311.000000 618.841191
310.000000 618.500005
309.000000 618.158818
308.000000 618.020504
307.000000 618.000872
306.000000 617.999135
305.000000 617.979504
304.000000 617.841189
303.000000 617.499992
302.000000 617.157949
301.000000 617.000871
300.000000 616.861688
299.000000 616.638328
298.000000 616.499991
297.000000 616.360808
296.000000 616.118696
295.000000 615.860819
294.000000 615.500870
293.000000 615.158816
292.000000 615.019633
291.000000 614.981238
290.000000 614.859962
289.000000 614.619541
288.000000 614.379581
287.000000 614.120409
286.000000 613.879593
285.000000 613.620409
284.000000 613.379593
283.000000 613.120409
282.000000 612.879593
281.000000 612.620420
280.000000 612.380449
279.000000 612.139172
278.000000 611.999132
277.000000 611.841186
276.000000 611.480369
275.000000 611.018764
274.000000 610.640040
273.000000 610.380460
272.000000 610.120420
271.000000 609.879581
270.000000 609.619552
269.000000 609.360818
268.000000 608.999989
267.000000 608.638315
266.000000 608.360818
265.000000 607.981237
264.000000 607.518763
263.000000 607.139183
262.000000 606.861686
261.000000 606.500000
260.000000 606.138326
259.000000 605.861674
258.000000 605.500000
257.000000 605.138315
256.000000 604.860817
255.000000 604.481237
254.000000 604.018763
253.000000 603.639171
252.000000 603.360817
251.000000 602.980369
250.000000 602.499143
249.000000 602.000857
248.000000 601.519631
247.000000 601.139183
246.000000 600.860817
245.000000 600.480369
244.000000 599.999143
243.000000 599.500845
242.000000 599.018775
241.000000 598.620408
240.000000 598.240398
239.000000 597.739114
238.000000 597.241266
237.000000 596.640028
236.000000 596.157100
235.000000 595.842900
234.000000 595.359960
233.000000 594.757866
232.000000 594.241266
231.000000 593.621276
230.000000 593.037549
229.000000 592.621265
228.000000 592.240421
227.000000 591.739960
226.000000 591.259172
225.000000 590.740816
224.000000 590.259172
223.000000 589.739960
222.000000 589.240409
221.000000 588.620408
220.000000 588.018763
219.000000 587.500000
218.000000 586.981237
217.000000 586.379580
216.000000 585.758734
215.000000 585.241255
214.000000 584.619551
213.000000 583.999143
212.000000 583.361663
211.000000 582.638326
210.000000 582.000000
209.000000 581.361686
208.000000 580.639183
207.000000 580.018763
206.000000 579.481237
205.000000 578.860817
204.000000 578.138315
203.000000 577.500000
202.000000 576.861674
201.000000 576.138326
200.000000 575.500000
199.000000 574.861674
198.000000 574.138315
197.000000 573.499132
196.000000 572.842043
195.000000 571.999143
194.000000 571.139183
193.000000 570.381305
192.000000 569.639183
191.000000 568.999132
190.000000 568.341186
189.000000 567.480380
188.000000 566.519620
187.000000 565.658803
186.000000 565.000000
185.000000 564.341197
184.000000 563.480369
183.000000 562.518752
182.000000 561.639183
181.000000 560.861686
180.000000 560.000000
179.000000 559.138326
178.000000 558.361674
177.000000 557.500000
176.000000 556.638314
175.000000 555.860806
174.000000 554.980369
173.000000 553.999132
172.000000 552.999989
171.000000 552.000011
170.000000 551.000868
169.000000 550.019631
168.000000 549.139183
167.000000 548.360817
166.000000 547.480380
165.000000 546.500000
164.000000 545.519620
163.000000 544.639183
162.000011 543.860817
161.000868 542.980369
160.019631 541.999132
159.139183 540.999989
158.360817 540.000000
157.480369 539.000000
156.499132 538.000000
155.499989 537.000000
154.500000 536.000000
153.500011 535.000000
152.500868 534.000000
151.519631 533.000000
150.639194 532.000000
149.861686 531.000000
149.000000 530.000000
148.138314 529.000000
147.360817 528.000000
146.481237 527.000000
145.518775 526.000000
144.640040 525.000000
143.880449 524.000000
143.119563 523.000000
142.360829 522.000000
141.500857 521.000000
140.657946 520.000000
140.000011 519.000000
139.342922 518.000000
138.518763 517.000000
137.777486 516.000000
137.221646 515.000000
136.462474 514.000000
135.537526 513.000000
134.778354 512.000000
134.222514 511.000000
133.481237 510.000000
132.657089 509.000000
132.000857 508.000000
131.361686 507.000000
130.638326 506.000000
129.999989 505.000000
129.360817 504.000000
128.619563 503.000000
127.880449 502.000000
127.140051 501.000000
126.519631 500.000000
126.000000 499.000000
125.480380 498.000000
124.860806 497.000000
124.138314 496.000000
123.500000 495.000000
122.861686 494.000000
122.139194 493.000000
121.519631 492.000000
121.000857 491.000000
120.499155 490.000000
119.981225 489.000000
119.379580 488.000000
118.758734 487.000000
118.241266 486.000000
117.620420 485.000000
117.018775 484.000000
116.500845 483.000000
115.999155 482.000000
115.481225 481.000000
114.879592 480.000000
114.259591 479.000000
113.760040 478.000000
113.240828 477.000000
112.759184 476.000000
112.240828 475.000000
111.760040 474.000000
111.259591 473.000000
110.879592 472.000000
110.481237 471.000000
110.000000 470.000000
109.518763 469.000000
109.120408 468.000000
108.740409 467.000000
108.239960 466.000000
107.759172 465.000000
107.240828 464.000000
106.760040 463.000000
106.259602 462.000000
105.880460 461.000000
105.500857 460.000000
105.138337 459.000000
104.861663 458.000000
104.499143 457.000000
104.119551 456.000000
103.741255 455.000000
103.258745 454.000000
102.880437 453.000000
102.500000 452.000000
102.119563 451.000000
101.741255 450.000000
101.258745 449.000000
100.880449 448.000000
100.500857 447.000000
100.138337 446.000000
99.861663 445.000000
99.499143 444.000000
99.119563 443.000000
98.742123 442.000000
98.278365 441.000000
98.018775 440.000000
97.842922 439.000000
97.500011 438.000000
97.157934 437.000000
97.000000 436.000000
96.842054 435.000000
96.499132 434.000000
96.138314 433.000000
95.861686 432.000000
95.500880 431.000000
95.158814 430.000000
95.019620 429.000000
94.980380 428.000000
94.841186 427.000000
94.499120 426.000000
94.138314 425.000000
93.861686 424.000000
93.500880 423.000000
93.158825 422.000000
93.020488 421.000000
93.000000 420.000000
92.979512 419.000000
92.841186 418.000000
92.500000 417.000000
92.158791 416.000000
92.018763 415.000000
91.961617 414.000000
91.721646 413.000000
91.278354 412.000000
91.038394 411.000000
90.982094 410.000000
90.859972 409.000000
90.619551 408.000000
90.380449 407.000000
90.140040 406.000000
90.018775 405.000000
89.981225 404.000000
89.859960 403.000000
89.619551 402.000000
89.380449 401.000000
89.140051 400.000000
89.019631 399.000000
89.000000 398.000000
88.980369 397.000000
88.859949 396.000000
88.619551 395.000000
88.380449 394.000000
88.140051 393.000000
88.019643 392.000000
88.000857 391.000000
87.999143 390.000000
87.980357 389.000000
87.859949 388.000000
87.619551 387.000000
87.380449 386.000000
87.140051 385.000000
87.019631 384.000000
87.000000 383.000000
86.980380 382.000000
86.860806 381.000000
86.638314 380.000000
86.500000 379.000000
86.361686 378.000000
86.139194 377.000000
86.019631 376.000000
86.000857 375.000000
85.999143 374.000000
85.980369 373.000000
85.860817 372.000000
85.639171 371.000000
85.518763 370.000000
85.481237 369.000000
85.360829 368.000000
85.139183 367.000000
85.019620 366.000000
85.000000 365.000000
84.980380 364.000000
84.860817 363.000000
84.639183 362.000000
84.519631 361.000000
84.500857 360.000000
84.499143 359.000000
84.480369 358.000000
84.360817 357.000000
84.139183 356.000000
84.019643 355.000000
84.001736 354.000000
84.019643 353.000000
84.139183 352.000000
84.360817 351.000000
84.480369 350.000000
84.499132 349.000000
84.499989 348.000000
84.500000 347.000000
84.500000 346.000000
84.500011 345.000000
84.500880 344.000000
84.520500 343.000000
84.658814 342.000000
85.000000 341.000000
85.341186 340.000000
85.479500 339.000000
85.499120 338.000000
85.499989 337.000000
85.500011 336.000000
85.500868 335.000000
85.519643 334.000000
85.640051 333.000000
85.880449 332.000000
86.119551 331.000000
86.359949 330.000000
86.480357 329.000000
86.499132 328.000000
86.500000 327.000000
86.500880 326.000000
86.520500 325.000000
86.658814 324.000000
87.000000 323.000000
87.341186 322.000000
87.479500 321.000000
87.499132 320.000000
87.500868 319.000000
87.520500 318.000000
87.658814 317.000000
88.000000 316.000000
88.341186 315.000000
88.479500 314.000000
88.499120 313.000000
88.500011 312.000000
88.501736 311.000000
88.539263 310.000000
88.778365 309.000000
89.221635 308.000000
89.460737 307.000000
89.498264 306.000000
89.499989 305.000000
89.500880 304.000000
89.520500 303.000000
89.658814 302.000000
90.000000 301.000000
90.341186 300.000000
90.479512 299.000000
90.500000 298.000000
90.520488 297.000000
90.658825 296.000000
91.000880 295.000000
91.361686 294.000000
91.638314 293.000000
91.999120 292.000000
92.341175 291.000000
92.479500 290.000000
92.499143 289.000000
92.501725 288.000000
92.539263 287.000000
92.778365 286.000000
93.221646 285.000000
93.461606 284.000000
93.517906 283.000000
93.640028 282.000000
93.880460 281.000000
94.120431 280.000000
94.380449 279.000000
94.639183 278.000000
95.000000 277.000000
95.360817 276.000000
95.619551 275.000000
95.879580 274.000000
96.120408 273.000000
96.379592 272.000000
96.620408 271.000000
96.879603 270.000000
97.121276 269.000000
97.399223 268.000000
97.759591 267.000000
98.240409 266.000000
98.600788 265.000000
98.879580 264.000000
99.139171 263.000000
99.500000 262.000000
99.860829 261.000000
100.120420 260.000000
100.399212 259.000000
100.759602 258.000000
101.241277 257.000000
101.620408 256.000000
102.017895 255.000000
102.480369 254.000000
102.842054 253.000000
103.018763 252.000000
103.278365 251.000000
103.742134 250.000000
104.120431 249.000000
104.518763 248.000000
105.000000 247.000000
105.481248 246.000000
105.880449 245.000000
106.278354 244.000000
106.879592 243.000000
107.462462 242.000000
107.878724 241.000000
108.258723 240.000000
108.741266 239.000000
109.120420 238.000000
109.518775 237.000000
110.000857 236.000000
110.500000 235.000000
110.999143 234.000000
111.481237 233.000000
111.880449 232.000000
112.278365 231.000000
112.880449 230.000000
113.481237 229.000000
113.999143 228.000000
114.499989 227.000000
115.000000 226.000000
115.500011 225.000000
116.000868 224.000000
116.519631 223.000000
117.139183 222.000000
117.860817 221.000000
118.480369 220.000000
118.999132 219.000000
119.500000 218.000000
120.000868 217.000000
120.519631 216.000000
121.139194 215.000000
121.861674 214.000000
122.499143 213.000000
123.119551 212.000000
123.741266 211.000000
124.259602 210.000000
124.899212 209.000000
125.620408 208.000000
126.359972 207.000000
126.981225 206.000000
127.518763 205.000000
128.139183 204.000000
128.861686 203.000000
129.500000 202.000000
130.138326 201.000000
130.861686 200.000000
131.500857 199.000000
132.157089 198.000000
132.981237 197.000000
133.722503 196.000000
134.277509 195.000000
135.019620 194.000000
135.861686 193.000000
136.619574 192.000000
137.380437 191.000000
138.139183 190.000000
139.000000 189.000000
139.860817 188.000000
140.619563 187.000000
141.380449 186.000000
142.140051 185.000000
143.019631 184.000000
144.000000 183.000000
144.980369 182.000000
145.859949 181.000000
146.619551 180.000000
147.380437 179.000000
148.139183 178.000000
149.000011 177.000000
149.861674 176.000000
150.638326 175.000000
151.500000 174.000000
152.361686 173.000000
153.139194 172.000000
154.019631 171.000000
155.000868 170.000000
156.000011 169.000000
157.000000 168.000000
158.000000 167.000000
158.999989 166.000000
159.999132 165.000000
160.980369 164.000011
161.860817 163.000868
162.639183 162.019631
163.519631 161.139183
164.500868 160.360817
165.500011 159.480369
166.500000 158.499132
167.500000 157.499989
168.500000 156.500000
169.500000 155.500011
170.500000 154.500868
171.500000 153.519631
172.500000 152.639183
173.500000 151.860829
174.500000 150.981237
175.500000 150.018775
176.500000 149.140040
177.500000 148.380449
178.500000 147.619551
179.500000 146.859960
180.500000 145.981225
181.500000 145.018775
182.500000 144.140040
183.500000 143.380460
184.500000 142.620420
185.500000 141.879592
186.500000 141.120408
187.500000 140.379580
188.500000 139.619551
189.500000 138.860817
190.500000 138.000000
191.500000 137.139183
192.500000 136.380437
193.500000 135.619574
194.500000 134.861686
195.500000 134.019620
196.500000 133.277497
197.500000 132.721646
198.500000 131.962474
199.500000 131.037538
200.500000 130.279222
201.500000 129.742146
202.500000 129.120431
203.500000 128.518763
204.500000 127.999989
205.500000 127.480380
206.500000 126.860806
207.500000 126.138315
208.500000 125.500000
209.500000 124.861674
210.500000 124.138337
211.500000 123.500857
212.500000 122.880449
213.500000 122.258745
214.500000 121.741255
215.500000 121.119563
216.500000 120.500000
217.500000 119.880437
218.500000 119.258745
219.500000 118.741266
220.500000 118.120420
221.500000 117.518763
222.500000 117.000000
223.500000 116.481237
224.500000 115.879592
225.500000 115.259602
226.500000 114.760897
227.500000 114.259602
228.500000 113.879580
229.500000 113.480357
230.500000 112.979523
231.500000 112.361663
232.500000 111.657957
233.500000 111.140040
234.500000 110.741277
235.500000 110.239982
236.500000 109.760029
237.500000 109.259591
238.500000 108.879592
239.500000 108.481226
240.500000 107.999155
241.500000 107.500857
242.500000 107.019620
243.500000 106.638315
244.500000 106.341197
245.500000 105.842054
246.500000 105.157946
247.500000 104.658814
248.500000 104.362542
249.500000 103.999155
250.500000 103.619551
251.500000 103.241255
252.500000 102.758746
253.500000 102.380449
254.500000 102.000857
255.500000 101.638326
256.500000 101.360806
257.500000 100.980380
258.500000 100.499989
259.500000 100.018763
260.500000 99.620431
261.500000 99.242146
262.500000 98.779222
263.500000 98.537538
264.500000 98.462474
265.500000 98.221635
266.500000 97.776629
267.500000 97.499989
268.500000 97.222492
269.500000 96.757889
270.500000 96.380449
271.500000 96.001725
272.500000 95.657958
273.500000 95.500000
274.500000 95.342066
275.500000 94.999989
276.500000 94.657078
277.500000 94.481237
278.500000 94.222492
279.500000 93.776641
280.500000 93.500001
281.500000 93.223360
282.500000 92.777521
283.500000 92.519621
284.500000 92.361686
285.500000 92.119575
286.500000 91.880427
287.500000 91.638316
288.500000 91.480381
289.500000 91.222504
290.500000 90.778367
291.500000 90.538396
292.500000 90.482095
293.500000 90.359973
294.500000 90.119553
295.500000 89.880450
296.500000 89.640041
297.500000 89.518777
298.500000 89.481228
299.500000 89.359963
300.500000 89.119554
301.500000 88.880440
302.500000 88.639174
303.500000 88.499146
304.500000 88.342057
305.500000 88.000015
306.500000 87.658806
307.500000 87.519635
308.500000 87.481252
309.500000 87.360822
310.500000 87.138319
311.500000 87.000005
312.500000 86.861691
313.500000 86.639188
314.500000 86.518769
315.500000 86.481243
316.500000 86.360836
317.500000 86.139179
318.500000 86.018771
319.500000 85.981245
320.500000 85.860826
321.500000 85.638324
322.500000 85.500010
323.500000 85.361696
324.500000 85.139206
325.500000 85.019644
326.500000 85.000870
327.500000 84.999157
328.500000 84.980383
329.500000 84.860822
330.500000 84.638331
331.500000 84.500018
332.500000 84.361704
333.500000 84.139214
334.500000 84.019653
335.500000 84.000880
336.500000 83.999167
337.500000 83.980394
338.500000 83.860833
339.500000 83.638343
340.500000 83.500031
341.500000 83.361718
342.500000 83.139229
343.500000 83.019668
344.500000 83.000907
345.500000 83.000053
346.500000 83.000044
347.500000 83.000035
348.500000 82.999181
349.500000 82.980410
350.499989 82.860005
351.499120 82.619610
352.479489 82.380511
353.340306 82.140116
354.520511 82.000081
355.500880 80.000074
356.500011 82.000078
357.500000 82.000083
358.500000 82.000088
359.500000 82.000093
360.500000 82.000099
361.500000 82.000104
362.500000 82.000110
363.500000 82.000117
364.500000 82.000124
365.500000 82.000142
366.500000 82.001006
367.500000 82.019789
368.500000 82.140205
369.500000 82.380612
370.500000 82.619724
371.500000 82.860132
372.500000 82.980550
373.500000 82.999335
374.500000 83.000204
375.500000 83.000227
376.500000 83.000251
377.500000 83.001121
378.500000 83.019910
379.500000 83.140333
380.500000 83.380746
381.500000 83.619865
382.500000 83.860280
383.500000 83.980707
384.500000 83.999500
385.500000 84.000377
386.500000 84.000421
387.500000 84.001311
388.500000 84.020955
389.500000 84.159294
390.500000 84.500505
391.500000 84.841718
392.500000 84.980061
393.500000 84.999711
394.500000 85.000621
395.500000 85.001522
396.500000 85.020331
397.500000 85.140776
398.500000 85.381211
399.500000 85.620354
400.500000 85.860793
401.500000 85.981245
402.500000 86.000077
403.500000 86.001838
404.500000 86.020663
405.500000 86.140279
406.500000 86.362825
407.500000 86.501198
408.500000 86.639573
409.500000 86.862139
410.500000 86.982625
411.500000 87.020221
412.500000 87.140713
413.500000 87.363304
414.500000 87.502555
415.500000 87.659716
416.500000 88.001857
417.500000 88.344003
418.500000 88.501176
419.500000 88.640458
420.500000 88.863922
421.500000 89.002369
422.500000 89.141665
423.500000 89.383895
424.500000 89.641897
425.500000 90.001987
426.500000 90.345022
427.500000 90.502253
428.500000 90.641583
429.500000 90.865097
430.500000 91.003584
431.500000 91.142089
432.500000 91.366469
433.500000 91.523741
434.500000 91.781809
435.500000 92.226990
436.500000 92.485086
437.500000 92.643236
438.500000 92.885573
439.500000 93.124955
440.500000 93.367311
441.500000 93.525511
442.500000 93.784510
443.500000 94.247686
444.500000 94.607496
445.500000 94.885730
446.500000 95.127726
447.500000 95.388090
448.500000 95.647172
449.500000 96.009196
450.500000 96.389141
451.500000 96.767817
452.500000 97.250720
453.500000 97.629414
454.500000 98.008586
455.500000 98.353642
456.500000 98.529976
457.500000 98.790044
458.500000 99.254297
459.500000 99.632252
460.500000 100.012366
461.500000 100.375452
462.500000 100.653548
463.500000 101.034571
464.500000 101.515571
465.500000 101.996594
466.500000 102.377687
467.500000 102.655899
468.500000 103.019147
469.500000 103.399482
470.500000 103.778549
471.500000 104.261857
472.500000 104.640993
473.500000 105.022287
474.500000 105.403623
475.500000 105.783697
476.500000 106.285087
477.500000 106.766859
478.500000 107.286224
479.500000 107.768067
480.500000 108.269609
481.500000 108.650738
482.500000 109.050273
483.500000 109.533564
484.500000 110.033968
485.500000 110.535249
486.500000 111.036585
487.500000 111.537953
488.500000 112.038534
489.500000 112.522101
490.500000 112.922835
491.500000 113.322323
492.500000 113.926029
493.500000 114.528504
494.500000 115.048985
495.500000 115.569532
496.500000 116.173018
497.500000 116.794919
498.500000 117.296440
499.500000 117.818519
500.500000 118.320152
501.500000 118.941456
502.500000 119.527408
503.500000 119.947665
504.500000 120.366695
505.500000 121.072857
506.500000 121.796985
507.500000 122.334940
508.500000 122.960122
509.500000 123.582419
510.500000 124.204784
511.500000 124.829360
512.500000 125.349818
513.500000 125.974574
514.500000 126.598122
515.500000 127.238820
516.500000 127.964620
517.500000 128.587606
518.500000 129.110745
519.500000 129.634815
520.500000 130.275999
521.500000 131.103094
522.500000 131.848255
523.500000 132.407262
524.500000 133.152647
525.500000 133.981035
526.500000 134.642452
527.500000 135.303983
528.500000 136.132710
529.500000 136.878674
530.500000 137.439331
531.500000 138.204277
532.500000 139.152183
533.500000 140.017333
534.500000 140.681432
535.500000 141.345672
536.500000 142.212072
537.500000 143.179383
538.500000 144.063950
539.500000 144.829523
540.500000 145.596533
541.500000 146.361536
542.500000 147.227922
543.500000 148.077395
544.500000 148.742065
545.500000 149.407733
546.500000 150.276416
547.500000 151.262260
548.500000 152.231202
549.500000 152.999585
550.500000 153.563976
551.500000 154.332699
552.500000 155.303154
553.500000 156.308735
554.500000 157.297426
555.500000 158.167618
556.500000 158.835103
557.500000 159.501920
558.500000 160.353881
559.500000 161.223929
560.500000 162.010828
561.500000 162.900841
562.500000 163.890994
563.500000 164.881335
564.500000 165.771922
565.500000 166.560629
566.500000 167.451611
567.500000 168.443576
568.500000 169.453643
569.500000 170.464752
570.500000 171.476071
571.500000 172.487589
572.500000 173.499308
573.500000 174.511229
574.500000 175.523352
575.500000 176.535679
576.500000 177.548211
577.500000 178.560949
578.500000 179.573892
579.500000 180.587043
580.500000 181.600401
581.500000 182.613967
582.500000 183.627742
583.499989 184.641725
584.499132 185.655905
585.480357 186.670034
586.359949 187.682871
587.119551 188.694087
587.880449 189.705443
588.640051 190.716900
589.519631 191.730317
590.500000 192.745462
591.480380 193.760807
592.360806 194.774757
593.138314 195.787209
594.000000 196.801156
594.861686 197.815254
595.639194 198.828106
596.519620 199.842808
597.500000 200.859363
598.480380 201.876113
599.360806 202.891318
600.138314 203.904874
601.000000 204.920038
601.861674 205.935346
602.638326 206.949268
603.500000 207.964850
604.361686 208.980575
605.139183 209.994884
606.018763 211.011208
606.981237 212.029235
607.860817 213.045859
608.638314 214.060669
609.500000 215.077210
610.361674 216.093881
611.138326 217.109018
612.000000 218.125933
612.861686 219.142974
613.639183 220.158456
614.518763 221.176090
615.481225 222.195527
616.359960 223.213400
617.119551 224.228946
617.880449 225.244605
618.640040 226.260324
619.518763 227.278611
620.480369 228.298747
621.341197 229.316881
622.000000 230.330826
622.658814 231.344827
623.520477 232.363223
624.499143 233.384227
625.460749 234.404975
626.221635 235.421467
626.778365 236.433575
627.539263 237.450176
628.501714 238.471259
629.498286 239.493185
630.460737 240.514447
631.221635 241.531314
631.778365 242.543685
632.539263 243.560633
633.501725 244.582132
634.499155 245.604480
635.480357 246.626525
636.359949 247.646335
637.119551 248.663474
637.880449 249.680669
638.640051 250.697860
639.519631 251.717791
640.499989 252.740035
641.479512 253.762283
642.341186 254.781868
643.000000 255.796848
643.658803 256.811832
644.519631 257.831411
645.481237 258.853279
646.359960 259.873253
647.119551 260.890510
647.880449 261.907782
648.640051 262.925009
649.519631 263.944933
650.500000 264.967102
651.480369 265.989225
652.359949 267.009029
653.119551 268.026093
653.880449 269.043147
654.640040 270.060128
655.518775 271.079716
656.481225 272.101092
657.359960 273.120533
658.119551 274.137275
658.880449 275.153983
659.640040 276.170598
660.518763 277.189731
661.480369 278.210558
662.341197 279.229096
663.000000 280.243213
663.658814 281.257267
664.520477 282.275547
665.499143 283.296167
666.460749 284.316271
667.221635 285.332065
667.778365 286.343555
668.539263 287.359166
669.501736 288.378753
670.500023 289.398873
671.500000 290.418821
672.500000 291.438554
673.500000 292.458053
674.500000 293.476475
675.500000 294.476740
676.500000 295.375102
677.500000 296.151518
678.500000 296.892298
679.500000 297.411173
680.500000 297.726031
681.500000 298.123925
682.500000 298.603562
683.500000 299.000007
684.500000 299.294897
685.500000 299.690721
686.500000 300.169107
687.500000 300.564283
688.500000 300.857875
689.500000 301.252376
690.500000 301.729410
691.500000 302.123198
692.500000 302.414541
693.500000 302.789707
694.500000 303.164500
695.500000 303.454737
696.500000 303.847508
697.500000 304.339844
698.500000 304.831784
699.500000 305.223370
700.500000 305.511633
701.500000 305.883663
702.500000 306.255267
703.500000 306.541429
704.500000 306.912190
705.500000 307.282522
706.500000 307.567400
707.500000 307.936865
708.500000 308.305902
709.500000 308.590319
710.500000 308.977208
711.500000 309.463602
712.500000 309.949544
713.500000 310.335077
714.500000 310.617237
715.500000 310.983114
716.500000 311.348531
717.500000 311.629297
718.500000 312.011682
719.500000 312.476495
720.500000 312.857948
721.500000 313.136827
722.500000 313.497714
723.500000 313.820616
724.500000 313.820616
725.500000 313.497714
726.500000 313.136827
727.500000 312.857948
728.500000 312.476495
729.500000 312.011682
730.500000 311.629297
731.500000 311.348531
732.500000 310.983114
733.500000 310.617237
734.500000 310.335077
735.500000 309.949544
736.500000 309.463602
737.500000 308.977208
738.500000 308.590319
739.500000 308.305902
740.500000 307.936865
741.500000 307.567400
742.500000 307.282522
743.500000 306.912190
744.500000 306.541429
745.500000 306.255267
746.500000 305.883663
747.500000 305.511633
748.500000 305.223370
749.500000 304.831784
750.500000 304.339844
751.500000 303.847508
752.500000 303.454737
753.500000 303.164500
754.500000 302.789707
755.500000 302.414541
756.500000 302.123198
757.500000 301.729410
758.500000 301.252376
759.500000 300.857875
760.500000 300.564283
761.500000 300.169107
762.500000 299.690721
763.500000 299.294897
764.500000 299.000007
765.500000 298.603562
766.500000 298.123925
767.500000 297.726031
768.500000 297.411173
769.500000 296.892298
770.500000 296.151518
771.500000 295.375102
772.500000 294.476740
773.500000 293.476475
774.500000 292.458053
775.500000 291.438554
776.500000 290.418821
777.499977 289.398873
778.498264 288.378753
779.460737 287.359166
780.221635 286.343555
780.778365 285.332065
781.539251 284.316271
782.500857 283.296167
783.479523 282.275547
784.341186 281.257267
785.000000 280.243213
785.658803 279.229096
786.519631 278.210558
787.481237 277.189731
788.359960 276.170598
789.119551 275.153983
789.880449 274.137275
790.640040 273.120533
791.518775 272.101092
792.481225 271.079716
793.359960 270.060128
794.119551 269.043147
794.880449 268.026093
795.640051 267.009029
796.519631 265.989225
797.500000 264.967102
798.480369 263.944933
799.359949 262.925009
800.119551 261.907782
800.880449 260.890510
801.640040 259.873253
802.518763 258.853279
803.480369 257.831411
804.341197 256.811832
805.000000 255.796848
805.658814 254.781868
806.520488 253.762283
807.500011 252.740035
808.480369 251.717791
809.359949 250.697860
810.119551 249.680669
810.880449 248.663474
811.640051 247.646335
812.519643 246.626525
813.500845 245.604480
814.498275 244.582132
815.460737 243.560633
816.221635 242.543685
816.778365 241.531314
817.539263 240.514447
818.501714 239.493185
819.498286 238.471259
820.460737 237.450176
821.221635 236.433575
821.778365 235.421467
822.539251 234.404975
823.500857 233.384227
824.479523 232.363223
825.341186 231.344827
826.000000 230.330826
826.658803 229.316881
827.519631 228.298747
828.481237 227.278611
829.359960 226.260324
830.119551 225.244605
830.880449 224.228946
831.640040 223.213400
832.518775 222.195527
833.481237 221.176090
834.360817 220.158456
835.138314 219.142974
836.000000 218.125933
836.861674 217.109018
837.638326 216.093881
838.500000 215.077210
839.361686 214.060669
840.139183 213.045859
841.018763 212.029235
841.981237 211.011208
842.860817 209.994884
843.638314 208.980575
844.500000 207.964850
845.361674 206.949268
846.138326 205.935346
847.000000 204.920038
847.861686 203.904874
848.639194 202.891318
849.519620 201.876113
850.500000 200.859363
851.480380 199.842808
852.360806 198.828106
853.138314 197.815254
854.000000 196.801156
854.861686 195.787209
855.639194 194.774757
856.519620 193.760807
857.500000 192.745462
858.480369 191.730317
859.359949 190.716900
860.119551 189.705443
860.880449 188.694087
861.640051 187.682871
862.519643 186.670034
863.500868 185.655905
864.500011 184.641725
865.500000 183.627742
866.500000 182.613967
867.500000 181.600401
868.500000 180.587043
869.500000 179.573892
870.500000 178.560949
871.500000 177.548211
872.500000 176.535679
873.500000 175.523352
874.500000 174.511229
875.500000 173.499308
876.500000 172.487589
877.500000 171.476071
878.500000 170.464752
879.500000 169.453643
880.500000 168.443576
881.500000 167.451611
882.500000 166.560629
883.500000 165.771922
884.500000 164.881335
885.500000 163.890994
886.500000 162.900841
887.500000 162.010828
888.500000 161.223929
889.500000 160.353881
890.500000 159.501920
891.500000 158.835103
892.500000 158.167618
893.500000 157.297426
894.500000 156.308735
895.500000 155.303154
896.500000 154.332699
897.500000 153.563976
898.500000 152.999585
899.500000 152.231202
900.500000 151.262260
901.500000 150.276416
902.500000 149.407733
903.500000 148.742065
904.500000 148.077395
905.500000 147.227922
906.500000 146.361536
907.500000 145.596533
908.500000 144.829523
909.500000 144.063950
910.500000 143.179383
911.500000 142.212072
912.500000 141.345672
913.500000 140.681432
914.500000 140.017333
915.500000 139.152183
916.500000 138.204277
917.500000 137.439331
918.500000 136.878674
919.500000 136.132710
920.500000 135.303983
921.500000 134.642452
922.500000 133.981035
923.500000 133.152647
924.500000 132.407262
925.500000 131.848255
926.500000 131.103094
927.500000 130.275999
928.500000 129.634815
929.500000 129.110745
930.500000 128.587606
931.500000 127.964620
932.500000 127.238820
933.500000 126.598122
934.500000 125.974574
935.500000 125.349818
936.500000 124.829360
937.500000 124.204784
938.500000 123.582419
939.500000 122.960122
940.500000 122.334940
941.500000 121.796985
942.500000 121.072857
943.500000 120.366695
944.500000 119.947665
945.500000 119.527408
946.500000 118.941456
947.500000 118.320152
948.500000 117.818519
949.500000 117.296440
950.500000 116.794919
951.500000 116.173018
952.500000 115.569532
953.500000 115.048985
954.500000 114.528504
955.500000 113.926029
956.500000 113.322323
957.500000 112.922835
958.500000 112.522101
959.500000 112.038534
960.500000 111.537953
961.500000 111.036585
962.500000 110.535249
963.500000 110.033968
964.500000 109.533564
965.500000 109.050273
966.500000 108.650738
967.500000 108.269609
968.500000 107.768067
969.500000 107.286224
970.500000 106.766859
971.500000 106.285087
972.500000 105.783697
973.500000 105.403623
974.500000 105.022287
975.500000 104.640993
976.500000 104.261857
977.500000 103.778549
978.500000 103.399482
979.500000 103.019147
980.500000 102.655899
981.500000 102.377687
982.500000 101.996594
983.500000 101.515571
984.500000 101.034571
985.500000 100.653548
986.500000 100.375452
987.500000 100.012366
988.500000 99.632252
989.500000 99.254297
990.500000 98.790044
991.500000 98.529976
992.500000 98.353642
993.500000 98.008586
994.500000 97.629414
995.500000 97.250720
996.500000 96.767817
997.500000 96.389141
998.500000 96.009196
999.500000 95.647172
1000.500000 95.388090
1001.500000 95.127726
1002.500000 94.885730
1003.500000 94.607496
1004.500000 94.247686
1005.500000 93.784510
1006.500000 93.525511
1007.500000 93.367311
1008.500000 93.124955
1009.500000 92.885573
1010.500000 92.643236
1011.500000 92.485086
1012.500000 92.226990
1013.500000 91.781809
1014.500000 91.523741
1015.500000 91.366469
1016.500000 91.142089
1017.500000 91.003584
1018.500000 90.865097
1019.500000 90.641583
1020.500000 90.502253
1021.500000 90.345022
1022.500000 90.001987
1023.500000 89.641897
1024.500000 89.383895
1025.500000 89.141665
1026.500000 89.002369
1027.500000 88.863922
1028.500000 88.640458
1029.500000 88.501176
1030.500000 88.344003
1031.500000 88.001857
1032.500000 87.659716
1033.500000 87.502555
1034.500000 87.363304
1035.500000 87.140713
1036.500000 87.020221
1037.500000 86.982625
1038.500000 86.862139
1039.500000 86.639573
1040.500000 86.501198
1041.500000 86.362825
1042.500000 86.140279
1043.500000 86.020663
1044.500000 86.001838
1045.500000 86.000077
1046.500000 85.981245
1047.500000 85.860793
1048.500000 85.620354
1049.500000 85.381211
1050.500000 85.140776
1051.500000 85.020331
1052.500000 85.001522
1053.500000 85.000621
1054.500000 84.999711
1055.500000 84.980061
1056.500000 84.841718
1057.500000 84.500505
1058.500000 84.159294
1059.500000 84.020955
1060.500000 84.001311
1061.500000 84.000421
1062.500000 84.000377
1063.500000 83.999500
1064.500000 83.980707
1065.500000 83.860280
1066.500000 83.619865
1067.500000 83.380746
1068.500000 83.140333
1069.500000 83.019910
1070.500000 83.001121
1071.500000 83.000251
1072.500000 83.000227
1073.500000 83.000204
1074.500000 82.999335
1075.500000 82.980550
1076.500000 82.860132
1077.500000 82.619724
1078.500000 82.380612
1079.500000 82.140205
1080.500000 82.019789
1081.500000 82.001006
1082.500000 82.000142
1083.500000 82.000124
1084.500000 82.000117
1085.500000 82.000110
1086.500000 82.000104
1087.500000 82.000099
1088.500000 82.000093
1089.500000 82.000088
1090.500000 82.000083
1091.499989 82.000078
1092.499120 82.000074
1093.479489 82.000081
1094.659694 82.140116
1095.520511 82.380511
1096.500880 82.619610
1097.500011 82.860005
1098.500000 82.980410
1099.500000 82.999181
1100.500000 83.000035
1101.500000 83.000044
1102.500000 83.000053
1103.500000 83.000907
1104.500000 83.019668
1105.500000 83.139229
1106.500000 83.361718
1107.500000 83.500031
1108.500000 83.638343
1109.500000 83.860833
1110.500000 83.980394
1111.500000 83.999167
1112.500000 84.000880
1113.500000 84.019653
1114.500000 84.139214
1115.500000 84.361704
1116.500000 84.500018
1117.500000 84.638331
1118.500000 84.860822
1119.500000 84.980383
1120.500000 84.999157
1121.500000 85.000870
1122.500000 85.019644
1123.500000 85.139206
1124.500000 85.361696
1125.500000 85.500010
1126.500000 85.638324
1127.500000 85.860826
1128.500000 85.981245
1129.500000 86.018771
1130.500000 86.139179
1131.500000 86.360836
1132.500000 86.481243
1133.500000 86.518769
1134.500000 86.639188
1135.500000 86.861691
1136.500000 87.000005
1137.500000 87.138319
1138.500000 87.360822
1139.500000 87.481252
1140.500000 87.519635
1141.500000 87.658806
1142.500000 88.000015
1143.500000 88.342057
1144.500000 88.499146
1145.500000 88.639174
1146.500000 88.880440
1147.500000 89.119554
1148.500000 89.359963
1149.500000 89.481228
1150.500000 89.518777
1151.500000 89.640041
1152.500000 89.880450
1153.500000 90.119553
1154.500000 90.359973
1155.500000 90.482095
1156.500000 90.538396
1157.500000 90.778367
1158.500000 91.222504
1159.500000 91.480381
1160.500000 91.638316
1161.500000 91.880427
1162.500000 92.119575
1163.500000 92.361686
1164.500000 92.519621
1165.500000 92.777521
1166.500000 93.223360
1167.500000 93.500001
1168.500000 93.776641
1169.500000 94.222492
1170.500000 94.481237
1171.500000 94.657078
1172.500000 94.999989
1173.500000 95.342066
1174.500000 95.500000
1175.500000 95.657958
1176.500000 96.001725
1177.500000 96.380449
1178.500000 96.757889
1179.500000 97.222492
1180.500000 97.499989
1181.500000 97.776629
1182.500000 98.221635
1183.500000 98.462474
1184.500000 98.537538
1185.500000 98.779222
1186.500000 99.242146
1187.500000 99.620431
1188.500000 100.018763
1189.500000 100.499989
1190.500000 100.980380
1191.500000 101.360806
1192.500000 101.638326
1193.500000 102.000857
1194.500000 102.380449
1195.500000 102.758746
1196.500000 103.241255
1197.500000 103.619551
1198.500000 103.999155
1199.500000 104.362542
1200.500000 104.658814
1201.500000 105.157946
1202.500000 105.842054
1203.500000 106.341197
1204.500000 106.638315
1205.500000 107.019620
1206.500000 107.500857
1207.500000 107.999155
1208.500000 108.481226
1209.500000 108.879592
1210.500000 109.259591
1211.500000 109.760029
1212.500000 110.239982
1213.500000 110.741277
1214.500000 111.140040
1215.500000 111.657957
1216.500000 112.361663
1217.500000 112.979523
1218.500000 113.480357
1219.500000 113.879580
1220.500000 114.259602
1221.500000 114.760897
1222.500000 115.259602
1223.500000 115.879592
1224.500000 116.481237
1225.500000 117.000000
1226.500000 117.518763
1227.500000 118.120420
1228.500000 118.741266
1229.500000 119.258745
1230.500000 119.880437
1231.500000 120.500000
1232.500000 121.119563
1233.500000 121.741255
1234.500000 122.258745
1235.500000 122.880449
1236.500000 123.500857
1237.500000 124.138337
1238.500000 124.861674
1239.500000 125.500000
1240.500000 126.138315
1241.500000 126.860806
1242.500000 127.480380
1243.500000 127.999989
1244.500000 128.518763
1245.500000 129.120431
1246.500000 129.742146
1247.500000 130.279222
1248.500000 131.037538
1249.500000 131.962474
1250.500000 132.721646
1251.500000 133.277497
1252.500000 134.019620
1253.500000 134.861686
1254.500000 135.619574
1255.500000 136.380437
1256.500000 137.139183
1257.500000 138.000000
1258.500000 138.860817
1259.500000 139.619551
1260.500000 140.379580
1261.500000 141.120408
1262.500000 141.879592
1263.500000 142.620420
1264.500000 143.380460
1265.500000 144.140040
1266.500000 145.018775
1267.500000 145.981225
1268.500000 146.859960
1269.500000 147.619551
1270.500000 148.380449
1271.500000 149.140040
1272.500000 150.018775
1273.500000 150.981237
1274.500000 151.860829
1275.500000 152.639183
1276.500000 153.519631
1277.500000 154.500868
1278.500000 155.500011
1279.500000 156.500000
1280.500000 157.499989
1281.500000 158.499132
1282.499989 159.480369
1283.499132 160.360817
1284.480369 161.139183
1285.360817 162.019631
1286.139183 163.000868
1287.019631 164.000011
1288.000868 165.000000
1289.000011 166.000000
1290.000000 167.000000
1291.000000 168.000000
1291.999989 169.000000
1292.999132 170.000000
1293.980369 171.000000
1294.860806 172.000000
1295.638314 173.000000
1296.500000 174.000000
1297.361674 175.000000
1298.138326 176.000000
1298.999989 177.000000
1299.860817 178.000000
1300.619563 179.000000
1301.380449 180.000000
1302.140051 181.000000
1303.019631 182.000000
1304.000000 183.000000
1304.980369 184.000000
1305.859949 185.000000
1306.619551 186.000000
1307.380437 187.000000
1308.139183 188.000000
1309.000000 189.000000
1309.860817 190.000000
1310.619563 191.000000
1311.380426 192.000000
1312.138314 193.000000
1312.980380 194.000000
1313.722491 195.000000
1314.277497 196.000000
1315.018763 197.000000
1315.842911 198.000000
1316.499143 199.000000
1317.138314 200.000000
1317.861674 201.000000
1318.500000 202.000000
1319.138314 203.000000
1319.860817 204.000000
1320.481237 205.000000
1321.018775 206.000000
1321.640028 207.000000
1322.379592 208.000000
1323.100788 209.000000
1323.740398 210.000000
1324.258734 211.000000
1324.880449 212.000000
1325.500857 213.000000
1326.138326 214.000000
1326.860806 215.000000
1327.480369 216.000000
1327.999132 217.000000
1328.500000 218.000000
1329.000868 219.000000
1329.519631 220.000000
1330.139183 221.000000
1330.860817 222.000000
1331.480369 223.000000
1331.999132 224.000000
1332.499989 225.000000
1333.000000 226.000000
1333.500011 227.000000
1334.000857 228.000000
1334.518763 229.000000
1335.119551 230.000000
1335.721635 231.000000
1336.119551 232.000000
1336.518763 233.000000
1337.000857 234.000000
1337.500000 235.000000
1337.999143 236.000000
1338.481225 237.000000
1338.879580 238.000000
1339.258734 239.000000
1339.741277 240.000000
1340.121276 241.000000
1340.537538 242.000000
1341.120408 243.000000
1341.721646 244.000000
1342.119551 245.000000
1342.518752 246.000000
1343.000000 247.000000
1343.481237 248.000000
1343.879569 249.000000
1344.257866 250.000000
1344.721635 251.000000
1344.981237 252.000000
1345.157946 253.000000
1345.519631 254.000000
1345.982105 255.000000
1346.379592 256.000000
1346.758723 257.000000
1347.240398 258.000000
1347.600788 259.000000
1347.879580 260.000000
1348.139171 261.000000
1348.500000 262.000000
1348.860829 263.000000
1349.120420 264.000000
1349.399212 265.000000
1349.759591 266.000000
1350.240409 267.000000
1350.600777 268.000000
1350.878724 269.000000
1351.120397 270.000000
1351.379592 271.000000
1351.620408 272.000000
1351.879592 273.000000
1352.120420 274.000000
1352.380449 275.000000
1352.639183 276.000000
1353.000000 277.000000
1353.360817 278.000000
1353.619551 279.000000
1353.879569 280.000000
1354.119540 281.000000
1354.359972 282.000000
1354.482094 283.000000
1354.538394 284.000000
1354.778354 285.000000
1355.221635 286.000000
1355.460737 287.000000
1355.498275 288.000000
1355.500857 289.000000
1355.520500 290.000000
1355.658825 291.000000
1356.000880 292.000000
1356.361686 293.000000
1356.638314 294.000000
1356.999120 295.000000
1357.341175 296.000000
1357.479512 297.000000
1357.500000 298.000000
1357.520488 299.000000
1357.658814 300.000000
1358.000000 301.000000
1358.341186 302.000000
1358.479500 303.000000
1358.499120 304.000000
1358.500011 305.000000
1358.501736 306.000000
1358.539263 307.000000
1358.778365 308.000000
1359.221635 309.000000
1359.460737 310.000000
1359.498264 311.000000
1359.499989 312.000000
1359.500880 313.000000
1359.520500 314.000000
1359.658814 315.000000
1360.000000 316.000000
1360.341186 317.000000
1360.479500 318.000000
1360.499132 319.000000
1360.500868 320.000000
1360.520500 321.000000
1360.658814 322.000000
1361.000000 323.000000
1361.341186 324.000000
1361.479500 325.000000
1361.499120 326.000000
1361.500000 327.000000
1361.500868 328.000000
1361.519643 329.000000
1361.640051 330.000000
1361.880449 331.000000
1362.119551 332.000000
1362.359949 333.000000
1362.480357 334.000000
1362.499132 335.000000
1362.499989 336.000000
1362.500011 337.000000
1362.500880 338.000000
1362.520500 339.000000
1362.658814 340.000000
1363.000000 341.000000
1363.341186 342.000000
1363.479500 343.000000
1363.499120 344.000000
1363.499989 345.000000
1363.500000 346.000000
1363.500000 347.000000
1363.500011 348.000000
1363.500868 349.000000
1363.519631 350.000000
1363.639183 351.000000
1363.860817 352.000000
1363.980357 353.000000
1363.998264 354.000000
1363.980357 355.000000
1363.860817 356.000000
1363.639183 357.000000
1363.519631 358.000000
1363.500857 359.000000
1363.499143 360.000000
1363.480369 361.000000
1363.360817 362.000000
1363.139183 363.000000
1363.019620 364.000000
1363.000000 365.000000
1362.980380 366.000000
1362.860817 367.000000
1362.639171 368.000000
1362.518763 369.000000
1362.481237 370.000000
1362.360829 371.000000
1362.139183 372.000000
1362.019631 373.000000
1362.000857 374.000000
1361.999143 375.000000
1361.980369 376.000000
1361.860806 377.000000
1361.638314 378.000000
1361.500000 379.000000
1361.361686 380.000000
1361.139194 381.000000
1361.019620 382.000000
1361.000000 383.000000
1360.980369 384.000000
1360.859949 385.000000
1360.619551 386.000000
1360.380449 387.000000
1360.140051 388.000000
1360.019643 389.000000
1360.000857 390.000000
1359.999143 391.000000
1359.980357 392.000000
1359.859949 393.000000
1359.619551 394.000000
1359.380449 395.000000
1359.140051 396.000000
1359.019631 397.000000
1359.000000 398.000000
1358.980369 399.000000
1358.859949 400.000000
1358.619551 401.000000
1358.380449 402.000000
1358.140040 403.000000
1358.018775 404.000000
1357.981225 405.000000
1357.859960 406.000000
1357.619551 407.000000
1357.380449 408.000000
1357.140028 409.000000
1357.017906 410.000000
1356.961606 411.000000
1356.721646 412.000000
1356.278354 413.000000
1356.038383 414.000000
1355.981237 415.000000
1355.841209 416.000000
1355.500000 417.000000
1355.158814 418.000000
1355.020488 419.000000
1355.000000 420.000000
1354.979512 421.000000
1354.841175 422.000000
1354.499120 423.000000
1354.138314 424.000000
1353.861686 425.000000
1353.500880 426.000000
1353.158814 427.000000
1353.019620 428.000000
1352.980380 429.000000
1352.841186 430.000000
1352.499120 431.000000
1352.138314 432.000000
1351.861686 433.000000
1351.500868 434.000000
1351.157946 435.000000
1351.000000 436.000000
1350.842066 437.000000
1350.499989 438.000000
1350.157078 439.000000
1349.981225 440.000000
1349.721635 441.000000
1349.257877 442.000000
1348.880437 443.000000
1348.500857 444.000000
1348.138337 445.000000
1347.861663 446.000000
1347.499143 447.000000
1347.119551 448.000000
1346.741255 449.000000
1346.258745 450.000000
1345.880437 451.000000
1345.500000 452.000000
1345.119563 453.000000
1344.741255 454.000000
1344.258745 455.000000
1343.880449 456.000000
1343.500857 457.000000
1343.138337 458.000000
1342.861663 459.000000
1342.499143 460.000000
1342.119540 461.000000
1341.740398 462.000000
1341.239960 463.000000
1340.759172 464.000000
1340.240828 465.000000
1339.760040 466.000000
1339.259591 467.000000
1338.879592 468.000000
1338.481237 469.000000
1338.000000 470.000000
1337.518763 471.000000
1337.120408 472.000000
1336.740409 473.000000
1336.239960 474.000000
1335.759172 475.000000
1335.240816 476.000000
1334.759172 477.000000
1334.239960 478.000000
1333.740409 479.000000
1333.120408 480.000000
1332.518775 481.000000
1332.000845 482.000000
1331.499155 483.000000
1330.981225 484.000000
1330.379580 485.000000
1329.758734 486.000000
1329.241266 487.000000
1328.620420 488.000000
1328.018775 489.000000
1327.500845 490.000000
1326.999143 491.000000
1326.480369 492.000000
1325.860806 493.000000
1325.138314 494.000000
1324.500000 495.000000
1323.861686 496.000000
1323.139194 497.000000
1322.519620 498.000000
1322.000000 499.000000
1321.480369 500.000000
1320.859949 501.000000
1320.119551 502.000000
1319.380437 503.000000
1318.639183 504.000000
1318.000011 505.000000
1317.361674 506.000000
1316.638314 507.000000
1315.999143 508.000000
1315.342911 509.000000
1314.518763 510.000000
1313.777486 511.000000
1313.221646 512.000000
1312.462474 513.000000
1311.537526 514.000000
1310.778354 515.000000
1310.222514 516.000000
1309.481237 517.000000
1308.657078 518.000000
1307.999989 519.000000
1307.342054 520.000000
1306.499143 521.000000
1305.639171 522.000000
1304.880437 523.000000
1304.119551 524.000000
1303.359960 525.000000
1302.481225 526.000000
1301.518763 527.000000
1300.639183 528.000000
1299.861686 529.000000
1299.000000 530.000000
1298.138314 531.000000
1297.360806 532.000000
1296.480369 533.000000
1295.499132 534.000000
1294.499989 535.000000
1293.500000 536.000000
1292.500011 537.000000
1291.500868 538.000000
1290.519631 539.000000
1289.639183 540.000000
1288.860817 540.999989
1287.980369 541.999132
1286.999132 542.980369
1285.999989 543.860817
1285.000000 544.639183
1284.000000 545.519620
1283.000000 546.500000
1282.000000 547.480380
1281.000000 548.360817
1280.000000 549.139183
1279.000000 550.019631
1278.000000 551.000868
1277.000000 552.000011
1276.000000 552.999989
1275.000000 553.999132
1274.000000 554.980369
1273.000000 555.860806
1272.000000 556.638314
1271.000000 557.500000
1270.000000 558.361674
1269.000000 559.138326
1268.000000 560.000000
1267.000000 560.861686
1266.000000 561.639183
1265.000000 562.518752
1264.000000 563.480369
1263.000000 564.341197
1262.000000 565.000000
1261.000000 565.658803
1260.000000 566.519620
1259.000000 567.480380
1258.000000 568.341186
1257.000000 568.999132
1256.000000 569.639183
1255.000000 570.381305
1254.000000 571.139183
1253.000000 571.999143
1252.000000 572.842043
1251.000000 573.499132
1250.000000 574.138315
1249.000000 574.861674
1248.000000 575.500000
1247.000000 576.138326
1246.000000 576.861674
1245.000000 577.500000
1244.000000 578.138315
1243.000000 578.860817
1242.000000 579.481237
1241.000000 580.018763
1240.000000 580.639183
1239.000000 581.361686
1238.000000 582.000000
1237.000000 582.638326
1236.000000 583.361663
1235.000000 583.999143
1234.000000 584.619551
1233.000000 585.241255
1232.000000 585.758734
1231.000000 586.379580
1230.000000 586.981237
1229.000000 587.500000
1228.000000 588.018763
1227.000000 588.620408
1226.000000 589.240409
1225.000000 589.739960
1224.000000 590.259172
1223.000000 590.740816
1222.000000 591.259172
1221.000000 591.739960
1220.000000 592.240421
1219.000000 592.621265
1218.000000 593.037549
1217.000000 593.621276
1216.000000 594.241266
1215.000000 594.757866
1214.000000 595.359960
1213.000000 595.842900
1212.000000 596.157100
1211.000000 596.640028
1210.000000 597.241266
1209.000000 597.739114
1208.000000 598.240398
1207.000000 598.620408
1206.000000 599.018775
1205.000000 599.500845
1204.000000 599.999143
1203.000000 600.480369
1202.000000 600.860817
1201.000000 601.139183
1200.000000 601.519631
1199.000000 602.000857
1198.000000 602.499143
1197.000000 602.980369
1196.000000 603.360817
1195.000000 603.639171
1194.000000 604.018763
1193.000000 604.481237
1192.000000 604.860817
1191.000000 605.138315
1190.000000 605.500000
1189.000000 605.861674
1188.000000 606.138326
1187.000000 606.500000
1186.000000 606.861686
1185.000000 607.139183
1184.000000 607.518763
1183.000000 607.981237
1182.000000 608.360818
1181.000000 608.638315
1180.000000 608.999989
1179.000000 609.360818
1178.000000 609.619552
1177.000000 609.879581
1176.000000 610.120420
1175.000000 610.380460
1174.000000 610.640040
1173.000000 611.018764
1172.000000 611.480369
1171.000000 611.841186
1170.000000 611.999132
1169.000000 612.139172
1168.000000 612.380449
1167.000000 612.620420
1166.000000 612.879593
1165.000000 613.120409
1164.000000 613.379593
1163.000000 613.620409
1162.000000 613.879593
1161.000000 614.120409
1160.000000 614.379581
1159.000000 614.619541
1158.000000 614.859962
1157.000000 614.981238
1156.000000 615.019633
1155.000000 615.158816
1154.000000 615.500870
1153.000000 615.860819
1152.000000 616.118696
1151.000000 616.360808
1150.000000 616.499991
1149.000000 616.638328
1148.000000 616.861688
1147.000000 617.000871
1146.000000 617.157949
1145.000000 617.499992
1144.000000 617.841189
1143.000000 617.979504
1142.000000 617.999135
1141.000000 618.000872
1140.000000 618.020504
1139.000000 618.158818
1138.000000 618.500005
1137.000000 618.841191
1136.000000 618.979506
1135.000000 618.999126
1134.000000 618.999995
1133.000000 619.000029
1132.000000 619.001743
1131.000000 619.039270
1130.000000 619.278373
1129.000000 619.721643
1128.000000 619.960746
1127.000000 619.998273
1126.000000 619.999998
1125.000000 620.000890
1124.000000 620.020511
1123.000000 620.158826
1122.000000 620.500013
1121.000000 620.841199
1120.000000 620.979515
1119.000000 620.999136
1118.000000 621.000005
1117.000000 621.000017
1116.000000 621.000041
1115.000000 621.001756
1114.000000 621.039283
1113.000000 621.278387
1112.000000 621.721658
1111.000000 621.960762
1110.000000 621.998290
1109.000000 622.000005
1108.000000 622.000030
1107.000000 622.000032
1106.000000 622.000045
1105.000000 622.000915
1104.000000 622.020537
1103.000000 622.158854
1102.000000 622.500043
1101.000000 622.841231
1100.000000 622.979548
1099.000000 622.999171
1098.000000 623.000042
1097.000000 623.000057
1096.000000 623.000061
1095.000000 623.000076
1094.000000 623.000936
1093.000000 623.019703
1092.000000 623.139248
1091.000000 623.360030
1090.000000 623.460823
1089.000000 623.360040
1088.000000 623.139267
1087.000000 623.019733
1086.000000 623.000976
1085.000000 623.000125
1084.000000 623.000120
1083.000000 623.000116
1082.000000 622.999266
1081.000000 622.980499
1080.000000 622.860099
1079.000000 622.619710
1078.000000 622.380617
1077.000000 622.140228
1076.000000 622.019830
1075.000000 622.001066
1074.000000 622.000221
1073.000000 622.000210
1072.000000 621.999365
1071.000000 621.980604
1070.000000 621.860209
1069.000000 621.619826
1068.000000 621.380738
1067.000000 621.140357
1066.000000 621.019965
1065.000000 621.001208
1064.000000 621.000359
1063.000000 620.999510
1062.000000 620.980768
1061.000000 620.861226
1060.000000 620.638758
1059.000000 620.500467
1058.000000 620.362178
1057.000000 620.139713
1056.000000 620.020166
1055.000000 620.000575
1054.000000 619.980986
1053.000000 619.861444
1052.000000 619.638986
1051.000000 619.500706
1050.000000 619.362429
1049.000000 619.139976
1048.000000 619.020443
1047.000000 619.000866
1046.000000 618.981279
1045.000000 618.860906
1044.000000 618.620558
1043.000000 618.381507
1042.000000 618.141163
1041.000000 618.020800
1040.000000 618.001228
1039.000000 617.981670
1038.000000 617.862161
1037.000000 617.639737
1036.000000 617.501494
1035.000000 617.363254
1034.000000 617.140829
1033.000000 617.020491
1032.000000 616.983039
1031.000000 616.861852
1030.000000 616.620679
1029.000000 616.362899
1028.000000 616.002195
1027.000000 615.641496
1026.000000 615.383730
1025.000000 615.142581
1024.000000 615.021426
1023.000000 614.984004
1022.000000 614.862872
1021.000000 614.622590
1020.000000 614.382763
1019.000000 614.122897
1018.000000 613.864331
1017.000000 613.504535
1016.000000 613.162653
1015.000000 613.023637
1014.000000 612.984584
1013.000000 612.845585
1012.000000 612.503722
1011.000000 612.143127
1010.000000 611.866707
1009.000000 611.505274
1008.000000 611.144685
1007.000000 610.886188
1006.000000 610.625574
1005.000000 610.367110
1004.000000 610.007408
1003.000000 609.663944
1002.000000 609.488386
1001.000000 609.229124
1000.000000 608.766542
999.000000 608.407352
998.000000 608.128928
997.000000 607.869709
996.000000 607.509266
995.000000 607.148839
994.000000 606.889665
993.000000 606.611318
992.000000 606.252224
991.000000 605.788935
990.000000 605.511924
989.000000 605.234920
988.000000 604.770842
987.000000 604.393924
986.000000 604.014063
985.000000 603.634201
984.000000 603.255656
983.000000 602.755849
982.000000 602.275717
981.000000 601.758063
980.000000 601.278825
979.000000 600.797024
978.000000 600.519427
977.000000 600.242691
976.000000 599.778878
975.000000 599.400567
974.000000 598.985201
973.000000 598.404079
972.000000 597.821695
971.000000 597.526392
970.000000 597.248183
969.000000 596.766678
968.000000 596.287810
967.000000 595.770576
966.000000 595.290093
965.000000 594.772914
964.000000 594.292511
963.000000 593.775414
962.000000 593.295095
961.000000 592.778085
960.000000 592.297844
959.000000 591.780081
958.000000 591.282039
957.000000 590.664430
956.000000 590.082300
955.000000 589.666819
954.000000 589.269759
953.000000 588.669410
952.000000 588.069577
951.000000 587.534778
950.000000 586.916310
949.000000 586.196654
948.000000 585.579155
947.000000 585.062495
946.000000 584.562962
945.000000 584.046435
944.000000 583.429188
943.000000 582.709083
942.000000 582.073226
941.000000 581.437432
940.000000 580.716690
939.000000 580.081048
938.000000 579.445496
937.000000 578.725836
936.000000 578.108330
935.000000 577.572968
934.000000 576.937739
933.000000 576.117620
932.000000 575.379651
931.000000 574.828868
930.000000 574.108968
929.000000 573.389164
928.000000 572.838669
927.000000 572.101168
926.000000 571.280864
925.000000 570.627734
924.000000 569.973876
923.000000 569.135984
922.000000 568.298202
921.000000 567.644653
920.000000 566.990383
919.000000 566.135039
918.000000 565.196931
917.000000 564.441780
916.000000 563.890918
915.000000 563.154756
914.000000 562.335840
913.000000 561.684111
912.000000 561.030824
911.000000 560.174788
910.000000 559.201050
909.000000 558.227451
908.000000 557.371830
907.000000 556.719212
906.000000 556.066739
905.000000 555.211553
904.000000 554.238667
903.000000 553.265087
902.000000 552.391593
901.000000 551.620337
900.000000 550.748002
899.000000 549.792944
898.000000 548.920931
897.000000 548.150320
896.000000 547.277780
895.000000 546.304632
894.000000 545.314594
893.000000 544.341788
892.000000 543.469934
891.000000 542.700340
890.000000 541.828840
889.000000 540.856732
888.000000 539.866899
887.000000 538.876405
886.000000 537.886095
885.000000 536.896819
884.000000 535.925637
883.000000 535.055434
882.000000 534.287506
881.000000 533.417688
880.000000 532.447277
879.000000 531.459156
878.000000 530.470387
877.000000 529.481805
876.000000 528.493423
875.000011 527.505243
874.000868 526.517254
873.019631 525.529248
872.139183 524.540177
871.360817 523.549972
870.480369 522.561201
869.499132 521.573904
868.499989 520.587043
867.500000 519.600401
866.500000 518.613967
865.500000 517.627742
864.500000 516.641725
863.500011 515.655918
862.500868 514.670307
861.519631 513.684641
860.639183 512.697675
859.860817 511.709332
858.980380 510.722670
858.000000 509.737713
857.019620 508.752956
856.139183 507.766815
855.360829 506.779201
854.481237 505.793348
853.518775 504.809010
852.640040 503.823476
851.880449 502.836108
851.119563 501.848878
850.360817 500.861729
849.499989 499.876450
848.638314 498.891333
847.860806 497.904890
846.980391 496.920384
846.000868 495.937802
845.039251 494.955082
844.278365 493.968881
843.721635 492.979048
842.960749 491.993038
841.999143 491.010874
841.020477 490.029203
840.158814 489.045486
839.500000 488.058026
838.841197 487.070644
837.980369 486.087248
837.018763 485.105948
836.140040 484.123176
835.380449 483.138173
834.619563 482.153293
833.860817 481.168464
833.000011 480.185812
832.140074 479.204974
831.401828 478.259288
830.799756 477.549990
