617.237722 477.970184
616.602539 478.708021
615.874449 479.672499
615.000000 480.656260
614.125331 481.640482
613.385845 482.627163
612.614155 483.613284
611.874449 484.600003
610.989045 485.584135
610.011176 486.566650
609.136506 487.551049
608.500000 488.539719
607.863494 489.528410
606.988604 490.512901
606.000220 491.495432
605.022351 492.478205
604.250662 493.464651
603.749338 494.455866
602.977649 495.442376
601.999780 496.425339
601.011176 497.408182
600.125331 498.392869
599.374889 499.379942
598.500000 500.364925
597.625331 501.349973
596.885845 502.337379
596.114155 503.324285
595.374449 504.311781
594.489045 505.296876
593.510955 506.280490
592.625331 507.265728
591.874669 508.253271
590.988824 509.238640
590.000000 510.222395
589.011176 511.206246
588.125331 512.191861
587.374669 513.179733
586.488824 514.165495
585.499780 515.149695
584.500000 516.133828
583.500000 517.118065
582.500000 518.102411
581.500000 519.086868
580.500000 520.071436
579.500000 521.056118
578.500220 522.040918
577.511176 523.025996
576.625331 524.012728
575.874669 525.001558
574.988824 525.988463
573.999780 526.973954
573.000000 527.959409
572.000000 528.944984
571.000000 529.930682
570.000000 530.916505
569.000000 531.902454
568.000000 532.888309
567.000000 533.863556
566.000000 534.735732
565.000000 535.472854
564.000000 536.345287
563.000000 537.321052
562.000000 538.307681
561.000000 539.294663
560.000000 540.281775
559.000000 541.268800
558.000000 542.245222
557.000000 543.118577
556.000000 543.856882
555.000000 544.730504
554.000000 545.707459
553.000000 546.695062
552.000000 547.672284
551.000000 548.546440
550.000000 549.285547
549.000000 550.159751
548.000000 551.126553
547.000000 552.001024
546.000000 552.740666
545.000000 553.615625
544.000000 554.593696
543.000000 555.571680
542.000000 556.436082
541.000000 557.062234
540.000000 557.688517
539.000000 558.553315
538.000000 559.531960
537.000000 560.510735
536.000000 561.375925
535.000000 562.002863
534.000000 562.629489
533.000000 563.473157
532.000000 564.224489
531.000000 564.716537
530.000000 565.479078
529.000000 566.437190
528.000000 567.302963
527.000000 567.930918
526.000000 568.558777
525.000000 569.414187
524.000000 570.269720
523.000000 570.897946
522.000000 571.526074
521.000000 572.371235
520.000000 573.124050
519.000000 573.617131
518.000000 574.359447
517.000000 575.101880
516.000000 575.595311
515.000000 576.348709
514.000000 577.194466
513.000000 577.812686
512.000000 578.328039
511.000000 578.935748
510.000000 579.678750
509.000000 580.297412
508.000000 580.916182
507.000000 581.659727
506.000000 582.278709
505.000000 582.897796
504.000000 583.641434
503.000000 584.249772
502.000000 584.755010
501.000000 585.249835
500.000000 585.755273
499.000000 586.364009
498.000000 587.108026
497.000000 587.717175
496.000000 588.233734
495.000000 588.832117
494.000000 589.462354
493.000000 589.822538
492.000000 590.225309
491.000000 590.813320
490.000000 591.454431
489.000000 591.918169
488.000000 592.456473
487.000000 592.909647
486.000000 593.447898
485.000000 593.901238
484.000000 594.439653
483.000000 594.893154
482.000000 595.431728
481.000000 595.885386
480.000000 596.424115
479.000000 596.877485
478.000000 597.394895
477.000000 597.642233
476.000000 597.900158
475.000000 598.520985
474.000000 599.109900
473.000000 599.513954
472.000000 599.864623
471.000000 600.371790
470.000000 600.619172
469.000000 600.866839
468.000000 601.384936
467.000000 601.839130
466.000000 602.378821
465.000000 602.833359
464.000000 603.362436
463.000000 603.713671
462.000000 604.096947
461.000000 604.480280
460.000000 604.831246
459.000000 605.339137
458.000000 605.587232
457.000000 605.835379
456.000000 606.343209
455.000000 606.683705
454.000000 606.963988
453.000000 607.201604
452.000000 607.574230
451.000000 607.946904
450.000000 608.184661
449.000000 608.465182
448.000000 608.806011
447.000000 609.314048
446.000000 609.551984
445.000000 609.697276
444.000000 610.059744
443.000000 610.432546
442.000000 610.670426
441.000000 610.940548
440.000000 611.178505
439.000000 611.551682
438.000000 611.925117
437.000000 612.173920
436.000000 612.547205
435.000000 612.909571
434.000000 613.033587
433.000000 613.054656
432.000000 613.178738
431.000000 613.541235
430.000000 613.914497
429.000000 614.152827
428.000000 614.423170
427.000000 614.650604
426.000000 614.909829
425.000000 615.023385
424.000000 615.044282
423.000000 615.157892
422.000000 615.417445
421.000000 615.655776
420.000000 616.029535
419.000000 616.403318
418.000000 616.641722
417.000000 616.901397
416.000000 617.015177
415.000000 617.036293
414.000000 617.149897
413.000000 617.398705
412.000000 617.523085
411.000000 617.647485
410.000000 617.896353
409.000000 618.009837
408.000000 618.020360
407.000000 618.030901
406.000000 618.144660
405.000000 618.404355
404.000000 618.632083
403.000000 618.891811
402.000000 619.005638
401.000000 619.016280
400.000000 619.026937
399.000000 619.140589
398.000000 619.389659
397.000000 619.514295
396.000000 619.638945
395.000000 619.888057
394.000000 620.001778
393.000000 620.012532
392.000000 620.023299
391.000000 620.137058
390.000000 620.386232
389.000000 620.510969
388.000000 620.635718
387.000000 620.884926
386.000000 620.998741
385.000000 621.009366
384.000000 621.009266
383.000000 621.009176
382.000000 621.019831
381.000000 621.133915
380.000000 621.393926
379.000000 621.621963
378.000000 621.881991
377.000000 621.996110
376.000000 622.006817
375.000000 622.006796
374.000000 622.006562
373.000000 622.006557
372.000000 622.017293
371.000000 622.131457
370.000000 622.391545
369.000000 622.619657
368.000000 622.879759
367.000000 622.993948
366.000000 623.004724
365.000000 623.004770
364.000000 623.004601
363.000000 623.004439
362.000000 623.004501
361.000000 623.015304
360.000000 623.129312
359.000000 623.378287
358.000000 623.481350
357.000000 623.378016
356.000000 623.128770
355.000000 623.014490
354.000000 623.003415
353.000000 623.003078
352.000000 623.002966
351.000000 623.002857
350.000000 623.002753
349.000000 623.002431
348.000000 622.991158
347.000000 622.865953
346.000000 622.502368
345.000000 622.138787
344.000000 622.013591
343.000000 622.002334
342.000000 622.002034
341.000000 622.001958
340.000000 622.001884
339.000000 622.001813
338.000000 622.001304
337.000000 621.979327
336.000000 621.750953
335.000000 621.252215
334.000000 621.023845
333.000000 621.001877
332.000000 621.001381
331.000000 621.001328
330.000000 621.001277
329.000000 621.001007
328.000000 620.989784
327.000000 620.864628
326.000000 620.501090
325.000000 620.137554
324.000000 620.012402
323.000000 620.001187
322.000000 620.000929
321.000000 620.000451
320.000000 619.978506
319.000000 619.750161
318.000000 619.251452
317.000000 619.023110
316.000000 619.001169
315.000000 619.000699
314.000000 619.000671
313.000000 619.000424
312.000000 618.989222
311.000000 618.864087
310.000000 618.500569
309.000000 618.137053
308.000000 618.011920
307.000000 618.000723
306.000000 618.000262
305.000000 617.989066
304.000000 617.863937
303.000000 617.500425
302.000000 617.136693
301.000000 617.000611
300.000000 616.875264
299.000000 616.625469
298.000000 616.500344
297.000000 616.374999
296.000000 616.114251
295.000000 615.874972
294.000000 615.500510
293.000000 615.136784
292.000000 615.011441
291.000000 614.989299
290.000000 614.874693
289.000000 614.614389
288.000000 614.385848
287.000000 614.114590
286.000000 613.885829
285.000000 613.614572
284.000000 613.385812
283.000000 613.114555
282.000000 612.885796
281.000000 612.614540
280.000000 612.386002
279.000000 612.125481
278.000000 611.999923
277.000000 611.863631
276.000000 611.488956
275.000000 611.011081
274.000000 610.625671
273.000000 610.385960
272.000000 610.114486
271.000000 609.885729
270.000000 609.614256
269.000000 609.374765
268.000000 609.000092
267.000000 608.625198
266.000000 608.374753
265.000000 607.989125
264.000000 607.511031
263.000000 607.125404
262.000000 606.874959
261.000000 606.500066
260.000000 606.125174
259.000000 605.874950
258.000000 605.500058
257.000000 605.125166
256.000000 604.874722
255.000000 604.489095
254.000000 604.011003
253.000000 603.625377
252.000000 603.374713
251.000000 602.988866
250.000000 602.499819
249.000000 602.000258
248.000000 601.511212
247.000000 601.125365
246.000000 600.874702
245.000000 600.488856
244.000000 599.999809
243.000000 599.500249
242.000000 599.010982
241.000000 598.614402
240.000000 598.260318
239.000000 597.728334
238.000000 597.260536
237.000000 596.625572
236.000000 596.136086
235.000000 595.863954
234.000000 595.374467
233.000000 594.739283
232.000000 594.260530
231.000000 593.614612
230.000000 593.021925
229.000000 592.614610
228.000000 592.260307
227.000000 591.728544
226.000000 591.271261
225.000000 590.728763
224.000000 590.271260
223.000000 589.728542
222.000000 589.260303
221.000000 588.614385
220.000000 588.010964
219.000000 587.500009
218.000000 586.989053
217.000000 586.385632
216.000000 585.739494
215.000000 585.260521
214.000000 584.614162
213.000000 583.999786
212.000000 583.374896
211.000000 582.625116
210.000000 582.000005
209.000000 581.374895
208.000000 580.625336
207.000000 580.010960
206.000000 579.489049
205.000000 578.874673
204.000000 578.125115
203.000000 577.500004
202.000000 576.874893
201.000000 576.125114
200.000000 575.500003
199.000000 574.874893
198.000000 574.125113
197.000000 573.499782
196.000000 572.863717
195.000000 571.999782
194.000000 571.125333
193.000000 570.386067
192.000000 569.625333
191.000000 568.999782
190.000000 568.363496
189.000000 567.488826
188.000000 566.511177
187.000000 565.636508
186.000000 565.000002
185.000000 564.363495
184.000000 563.488826
183.000000 562.510956
182.000000 561.625332
181.000000 560.874891
180.000000 560.000001
179.000000 559.125112
178.000000 558.374890
177.000000 557.500001
176.000000 556.625111
175.000000 555.874670
174.000000 554.988825
173.000000 553.999780
172.000000 553.000001
171.000000 552.000001
170.000000 551.000221
169.000000 550.011176
168.000000 549.125331
167.000000 548.374670
166.000000 547.488825
165.000000 546.500000
164.000000 545.511176
163.000000 544.625331
162.000000 543.874670
161.000220 542.988825
160.011176 541.999780
159.125331 541.000000
158.374669 540.000000
157.488824 539.000000
156.499780 538.000000
155.500000 537.000000
154.500000 536.000000
153.500000 535.000000
152.500220 534.000000
151.511176 533.000000
150.625331 532.000000
149.874889 531.000000
149.000000 530.000000
148.125111 529.000000
147.374669 528.000000
146.489045 527.000000
145.510955 526.000000
144.625551 525.000000
143.885845 524.000000
143.114155 523.000000
142.374669 522.000000
141.500220 521.000000
140.636286 520.000000
140.000000 519.000000
139.363934 518.000000
138.510955 517.000000
137.750441 516.000000
137.249338 515.000000
136.478090 514.000000
135.521910 513.000000
134.750662 512.000000
134.249559 511.000000
133.489045 510.000000
132.636066 509.000000
132.000220 508.000000
131.374889 507.000000
130.625111 506.000000
130.000000 505.000000
129.374669 504.000000
128.614155 503.000000
127.885845 502.000000
127.125551 501.000000
126.511176 500.000000
126.000000 499.000000
125.488824 498.000000
124.874669 497.000000
124.125111 496.000000
123.500000 495.000000
122.874889 494.000000
122.125331 493.000000
121.511176 492.000000
121.000220 491.000000
120.499780 490.000000
119.989045 489.000000
119.385624 488.000000
118.739486 487.000000
118.260514 486.000000
117.614376 485.000000
117.010955 484.000000
116.500220 483.000000
115.999780 482.000000
115.489045 481.000000
114.885624 480.000000
114.239707 479.000000
113.771469 478.000000
113.228751 477.000000
112.771249 476.000000
112.228751 475.000000
111.771469 474.000000
111.239707 473.000000
110.885624 472.000000
110.489045 471.000000
110.000000 470.000000
109.510955 469.000000
109.114376 468.000000
108.760293 467.000000
108.228531 466.000000
107.771249 465.000000
107.228751 464.000000
106.771469 463.000000
106.239707 462.000000
105.885845 461.000000
105.500220 460.000000
105.125111 459.000000
104.874889 458.000000
104.499780 457.000000
104.114155 456.000000
103.760514 455.000000
103.239486 454.000000
102.885845 453.000000
102.500000 452.000000
102.114155 451.000000
101.760514 450.000000
101.239486 449.000000
100.885845 448.000000
100.500220 447.000000
100.125111 446.000000
99.874889 445.000000
99.499780 444.000000
99.114155 443.000000
98.760734 442.000000
98.250662 441.000000
98.010955 440.000000
97.863934 439.000000
97.500000 438.000000
97.136286 437.000000
97.000000 436.000000
96.863714 435.000000
96.499780 434.000000
96.125111 433.000000
95.874889 432.000000
95.500220 431.000000
95.136506 430.000000
95.011176 429.000000
94.988824 428.000000
94.863494 427.000000
94.499780 426.000000
94.125111 425.000000
93.874889 424.000000
93.500220 423.000000
93.136506 422.000000
93.011396 421.000000
93.000000 420.000000
92.988604 419.000000
92.863494 418.000000
92.500000 417.000000
92.136506 416.000000
92.010955 415.000000
91.977869 414.000000
91.749338 413.000000
91.250662 412.000000
91.022131 411.000000
90.989265 410.000000
90.874449 409.000000
90.614155 408.000000
90.385845 407.000000
90.125551 406.000000
90.010955 405.000000
89.989045 404.000000
89.874449 403.000000
89.614155 402.000000
89.385845 401.000000
89.125551 400.000000
89.011176 399.000000
89.000000 398.000000
88.988824 397.000000
88.874449 396.000000
88.614155 395.000000
88.385845 394.000000
88.125551 393.000000
88.011176 392.000000
88.000220 391.000000
87.999780 390.000000
87.988824 389.000000
87.874449 388.000000
87.614155 387.000000
87.385845 386.000000
87.125551 385.000000
87.011176 384.000000
87.000000 383.000000
86.988824 382.000000
86.874669 381.000000
86.625111 380.000000
86.500000 379.000000
86.374889 378.000000
86.125331 377.000000
86.011176 376.000000
86.000220 375.000000
85.999780 374.000000
85.988824 373.000000
85.874669 372.000000
85.625331 371.000000
85.510955 370.000000
85.489045 369.000000
85.374669 368.000000
85.125331 367.000000
85.011176 366.000000
85.000000 365.000000
84.988824 364.000000
84.874669 363.000000
84.625331 362.000000
84.511176 361.000000
84.500220 360.000000
84.499780 359.000000
84.488824 358.000000
84.374669 357.000000
84.125331 356.000000
84.011176 355.000000
84.000441 354.000000
84.011176 353.000000
84.125331 352.000000
84.374669 351.000000
84.488824 350.000000
84.499780 349.000000
84.500000 348.000000
84.500000 347.000000
84.500000 346.000000
84.500000 345.000000
84.500220 344.000000
84.511396 343.000000
84.636506 342.000000
85.000000 341.000000
85.363494 340.000000
85.488604 339.000000
85.499780 338.000000
85.500000 337.000000
85.500000 336.000000
85.500220 335.000000
85.511176 334.000000
85.625551 333.000000
85.885845 332.000000
86.114155 331.000000
86.374449 330.000000
86.488824 329.000000
86.499780 328.000000
86.500000 327.000000
86.500220 326.000000
86.511396 325.000000
86.636506 324.000000
87.000000 323.000000
87.363494 322.000000
87.488604 321.000000
87.499780 320.000000
87.500220 319.000000
87.511396 318.000000
87.636506 317.000000
88.000000 316.000000
88.363494 315.000000
88.488604 314.000000
88.499780 313.000000
88.500000 312.000000
88.500441 311.000000
88.522351 310.000000
88.750662 309.000000
89.249338 308.000000
89.477649 307.000000
89.499559 306.000000
89.500000 305.000000
89.500220 304.000000
89.511396 303.000000
89.636506 302.000000
90.000000 301.000000
90.363494 300.000000
90.488604 299.000000
90.500000 298.000000
90.511396 297.000000
90.636506 296.000000
91.000220 295.000000
91.374889 294.000000
91.625111 293.000000
91.999780 292.000000
92.363494 291.000000
92.488604 290.000000
92.499780 289.000000
92.500441 288.000000
92.522351 287.000000
92.750662 286.000000
93.249338 285.000000
93.477869 284.000000
93.510735 283.000000
93.625551 282.000000
93.885845 281.000000
94.114376 280.000000
94.385845 279.000000
94.625331 278.000000
95.000000 277.000000
95.374669 276.000000
95.614155 275.000000
95.885624 274.000000
96.114376 273.000000
96.385624 272.000000
96.614376 271.000000
96.885624 270.000000
97.114596 269.000000
97.396800 268.000000
97.739707 267.000000
98.260293 266.000000
98.603200 265.000000
98.885624 264.000000
99.125331 263.000000
99.500000 262.000000
99.874669 261.000000
100.114376 260.000000
100.396800 259.000000
100.739707 258.000000
101.260514 257.000000
101.614376 256.000000
102.010735 255.000000
102.488824 254.000000
102.863714 253.000000
103.010955 252.000000
103.250662 251.000000
103.760734 250.000000
104.114376 249.000000
104.510955 248.000000
105.000000 247.000000
105.489045 246.000000
105.885845 245.000000
106.250662 244.000000
106.885624 243.000000
107.478090 242.000000
107.885404 241.000000
108.239486 240.000000
108.760514 239.000000
109.114376 238.000000
109.510955 237.000000
110.000220 236.000000
110.500000 235.000000
110.999780 234.000000
111.489045 233.000000
111.885845 232.000000
112.250662 231.000000
112.885845 230.000000
113.489045 229.000000
113.999780 228.000000
114.500000 227.000000
115.000000 226.000000
115.500000 225.000000
116.000220 224.000000
116.511176 223.000000
117.125331 222.000000
117.874669 221.000000
118.488824 220.000000
118.999780 219.000000
119.500000 218.000000
120.000220 217.000000
120.511176 216.000000
121.125331 215.000000
121.874889 214.000000
122.499780 213.000000
123.114155 212.000000
123.760514 211.000000
124.239707 210.000000
124.896800 209.000000
125.614376 208.000000
126.374449 207.000000
126.989045 206.000000
127.510955 205.000000
128.125331 204.000000
128.874889 203.000000
129.500000 202.000000
130.125111 201.000000
130.874889 200.000000
131.500220 199.000000
132.136066 198.000000
132.989045 197.000000
133.749559 196.000000
134.250441 195.000000
135.011176 194.000000
135.874889 193.000000
136.614155 192.000000
137.385845 191.000000
138.125331 190.000000
139.000000 189.000000
139.874669 188.000000
140.614155 187.000000
141.385845 186.000000
142.125551 185.000000
143.011176 184.000000
144.000000 183.000000
144.988824 182.000000
145.874449 181.000000
146.614155 180.000000
147.385845 179.000000
148.125331 178.000000
149.000000 177.000000
149.874889 176.000000
150.625111 175.000000
151.500000 174.000000
152.374889 173.000000
153.125331 172.000000
154.011176 171.000000
155.000220 170.000000
156.000000 169.000000
157.000000 168.000000
158.000000 167.000000
159.000000 166.000000
159.999780 165.000000
160.988824 164.000000
161.874669 163.000221
162.625331 162.011176
163.511176 161.125331
164.500220 160.374670
165.500000 159.488825
166.500000 158.499780
167.500000 157.500001
168.500000 156.500001
169.500000 155.500001
170.500000 154.500221
171.500000 153.511176
172.500000 152.625332
173.500000 151.874670
174.500000 150.989046
175.500000 150.010956
176.500000 149.125552
177.500000 148.385846
178.500000 147.614156
179.500000 146.874450
180.500000 145.989046
181.500000 145.010956
182.500000 144.125553
183.500000 143.385846
184.500000 142.614377
185.500000 141.885626
186.500000 141.114377
187.500000 140.385626
188.500000 139.614157
189.500000 138.874671
190.500000 138.000002
191.500000 137.125333
192.500000 136.385847
193.500000 135.614158
194.500000 134.874892
195.500000 134.011178
196.500000 133.250444
197.500000 132.749341
198.500000 131.978093
199.500000 131.021914
200.500000 130.250886
201.500000 129.760738
202.500000 129.114379
203.500000 128.510959
204.500000 128.000004
205.500000 127.488829
206.500000 126.874674
207.500000 126.125115
208.500000 125.500005
209.500000 124.874895
210.500000 124.125116
211.500000 123.500226
212.500000 122.885851
213.500000 122.239493
214.500000 121.760521
215.500000 121.114163
216.500000 120.500008
217.500000 119.885853
218.500000 119.239495
219.500000 118.760523
220.500000 118.114385
221.500000 117.510965
222.500000 117.000010
223.500000 116.489056
224.500000 115.885636
225.500000 115.239719
226.500000 114.771702
227.500000 114.239720
228.500000 113.885638
229.500000 113.488839
230.500000 112.988620
231.500000 112.374906
232.500000 111.636303
233.500000 111.125569
234.500000 110.760533
235.500000 110.228551
236.500000 109.771490
237.500000 109.239728
238.500000 108.885647
239.500000 108.489069
240.500000 107.999805
241.500000 107.500247
242.500000 107.011203
243.500000 106.625140
244.500000 106.363524
245.500000 105.863746
246.500000 105.136320
247.500000 104.636542
248.500000 104.375147
249.500000 103.999818
250.500000 103.614196
251.500000 103.260556
252.500000 102.739531
253.500000 102.385891
254.500000 102.000269
255.500000 101.625162
256.500000 101.374723
257.500000 100.988881
258.500000 100.500059
259.500000 100.011017
260.500000 99.614441
261.500000 99.260802
262.500000 98.750953
263.500000 98.521985
264.500000 98.478168
265.500000 98.249420
266.500000 97.750307
267.500000 97.500090
268.500000 97.249652
269.500000 96.739364
270.500000 96.385947
271.500000 96.000548
272.500000 95.636398
273.500000 95.500118
274.500000 95.363837
275.500000 95.000129
276.500000 94.636200
277.500000 94.489185
278.500000 94.249706
279.500000 93.750375
280.500000 93.500161
281.500000 93.249947
282.500000 92.750617
283.500000 92.511359
284.500000 92.375081
285.500000 92.114356
286.500000 91.886054
287.500000 91.625329
288.500000 91.489053
289.500000 91.249797
290.500000 90.750911
291.500000 90.522391
292.500000 90.489537
293.500000 90.374732
294.500000 90.114451
295.500000 89.886154
296.500000 89.625874
297.500000 89.511292
298.500000 89.489396
299.500000 89.374815
300.500000 89.114538
301.500000 88.886244
302.500000 88.625747
303.500000 88.500214
304.500000 88.364167
305.500000 88.000472
306.500000 87.636999
307.500000 87.511689
308.500000 87.489580
309.500000 87.375227
310.500000 87.125692
311.500000 87.000606
312.500000 86.875521
313.500000 86.625988
314.500000 86.511640
315.500000 86.489759
316.500000 86.375413
317.500000 86.126105
318.500000 86.011762
319.500000 85.989885
320.500000 85.875543
321.500000 85.626021
322.500000 85.500948
323.500000 85.375876
324.500000 85.126358
325.500000 85.012244
326.500000 85.001332
327.500000 85.000937
328.500000 84.990028
329.500000 84.875921
330.500000 84.626413
331.500000 84.501355
332.500000 84.376298
333.500000 84.126796
334.500000 84.012699
335.500000 84.001804
336.500000 84.001426
337.500000 83.990536
338.500000 83.876448
339.500000 83.626959
340.500000 83.501921
341.500000 83.376885
342.500000 83.127404
343.500000 83.013330
344.500000 83.002458
345.500000 83.002324
346.500000 83.002413
347.500000 83.002506
348.500000 83.002382
349.500000 82.991526
350.500000 82.877253
351.499780 82.617067
352.488604 82.388865
353.363273 82.128671
354.511396 78.003255
355.500220 82.003376
356.500000 82.003503
357.500000 82.003634
358.500000 82.003769
359.500000 82.003909
360.500000 82.004054
361.500000 82.004204
362.500000 82.004359
363.500000 82.004519
364.500000 82.004685
365.500000 82.004856
366.500000 82.005254
367.500000 82.016392
368.500000 82.130956
369.500000 82.391445
370.500000 82.619958
371.500000 82.880460
372.500000 82.995051
373.500000 83.006228
374.500000 83.006678
375.500000 83.006915
376.500000 83.007160
377.500000 83.007634
378.500000 83.018850
379.500000 83.133495
380.500000 83.394066
381.500000 83.622664
382.500000 83.883253
383.500000 83.997934
384.500000 84.009205
385.500000 84.009750
386.500000 84.010085
387.500000 84.010651
388.500000 84.022183
389.500000 84.147661
390.500000 84.511533
391.500000 84.875418
392.500000 85.000931
393.500000 85.012521
394.500000 85.013169
395.500000 85.013830
396.500000 85.025239
397.500000 85.140082
398.500000 85.400857
399.500000 85.629663
400.500000 85.890467
401.500000 86.005369
402.500000 86.016866
403.500000 86.017864
404.500000 86.029393
405.500000 86.144138
406.500000 86.394305
407.500000 86.520040
408.500000 86.645794
409.500000 86.896015
410.500000 87.011072
411.500000 87.033682
412.500000 87.148778
413.500000 87.399077
414.500000 87.525170
415.500000 87.662019
416.500000 88.026537
417.500000 88.391079
418.500000 88.527995
419.500000 88.654199
420.500000 88.904876
421.500000 89.030909
422.500000 89.157188
423.500000 89.418895
424.500000 89.659161
425.500000 90.034637
426.500000 90.399625
427.500000 90.536774
428.500000 90.663216
429.500000 90.914136
430.500000 91.040417
431.500000 91.166729
432.500000 91.417962
433.500000 91.555293
434.500000 91.795857
435.500000 92.296306
436.500000 92.536938
437.500000 92.674624
438.500000 92.936795
439.500000 93.166579
440.500000 93.428823
441.500000 93.566657
442.500000 93.807730
443.500000 94.319209
444.500000 94.663562
445.500000 94.947473
446.500000 95.178195
447.500000 95.451456
448.500000 95.692779
449.500000 96.069549
450.500000 96.457099
451.500000 96.812713
452.500000 97.335759
453.500000 97.691468
454.500000 98.078988
455.500000 98.445528
456.500000 98.594765
457.500000 98.836740
458.500000 99.349133
459.500000 99.704928
460.500000 100.092980
461.500000 100.470574
462.500000 100.723555
463.500000 101.111997
464.500000 101.603478
465.500000 102.095017
466.500000 102.483637
467.500000 102.736915
468.500000 103.114924
469.500000 103.503511
470.500000 103.860180
471.500000 104.384300
472.500000 104.741101
473.500000 105.130172
474.500000 105.519312
475.500000 105.876539
476.500000 106.411737
477.500000 106.872527
478.500000 107.418605
479.500000 107.879542
480.500000 108.415035
481.500000 108.772923
482.500000 109.173386
483.500000 109.666614
484.500000 110.170435
485.500000 110.674558
486.500000 111.178762
487.500000 111.683049
488.500000 112.187200
489.500000 112.680922
490.500000 113.082265
491.500000 113.451712
492.500000 114.091614
493.500000 114.699623
494.500000 115.215477
495.500000 115.731424
496.500000 116.339929
497.500000 116.991025
498.500000 117.464537
499.500000 118.012845
500.500000 118.486550
501.500000 119.137814
502.500000 119.736166
503.500000 120.149688
504.500000 120.531329
505.500000 121.275904
506.500000 122.031318
507.500000 122.527207
508.500000 123.180073
509.500000 123.800622
510.500000 124.421280
511.500000 125.074251
512.500000 125.559945
513.500000 126.213137
514.500000 126.834459
515.500000 127.466408
516.500000 128.223140
517.500000 128.844584
518.500000 129.363164
519.500000 129.882082
520.500000 130.514612
521.500000 131.375129
522.500000 132.143521
523.500000 132.652402
524.500000 133.421036
525.500000 134.282258
526.500000 134.926689
527.500000 135.571244
528.500000 136.432836
529.500000 137.202089
530.500000 137.712057
531.500000 138.492517
532.500000 139.468550
533.500000 140.352246
534.500000 140.998127
535.500000 141.644138
536.500000 142.528440
537.500000 143.516074
538.500000 144.411372
539.500000 145.161104
540.500000 145.942950
541.500000 146.692726
542.500000 147.577595
543.500000 148.452083
544.500000 149.099056
545.500000 149.746382
546.500000 150.632225
547.500000 151.631695
548.500000 152.620784
549.500000 153.403827
550.500000 153.916639
551.500000 154.699950
552.500000 155.689795
553.500000 156.701023
554.500000 157.701871
555.500000 158.588917
556.500000 159.237713
557.500000 159.886422
558.500000 160.762913
559.500000 161.650271
560.500000 162.413533
561.500000 163.312331
562.500000 164.314240
563.500000 165.316280
564.500000 166.215470
565.500000 166.979608
566.500000 167.879057
567.500000 168.881835
568.500000 169.895476
569.500000 170.909464
570.500000 171.923578
571.500000 172.937817
572.500000 173.952181
573.500000 174.966668
574.500000 175.981277
575.500000 176.996008
576.500000 178.010858
577.500000 179.025828
578.500000 180.040915
579.500000 181.056118
580.500000 182.071436
581.500000 183.086868
582.500000 184.102411
583.500000 185.118065
584.499780 186.133825
585.488824 187.149521
586.374449 188.163663
587.114155 189.175538
587.885845 190.187986
588.625551 191.199974
589.511176 192.214400
590.500000 193.230597
591.488824 194.246889
592.374669 195.261562
593.125111 196.274050
594.000000 197.288672
594.874889 198.303363
595.625331 199.316017
596.511176 200.331016
597.500000 201.347835
598.488824 202.364734
599.374669 203.379938
600.125111 204.392865
601.000000 205.407989
601.874889 206.423168
602.625111 207.436226
603.500000 208.451503
604.374889 209.466830
605.125331 210.480016
606.010955 211.495621
606.989045 212.512909
607.874669 213.528608
608.625111 214.541944
609.500000 215.557528
610.374889 216.573148
611.125111 217.586571
612.000000 218.602255
612.874889 219.617971
613.625331 220.631474
614.510955 221.647435
615.489045 222.665093
616.374449 223.681102
617.114155 224.694492
617.885845 225.708476
618.625551 226.721892
619.510955 227.737964
620.488824 228.755729
621.363494 229.771629
622.000000 230.783205
622.636506 231.794783
623.511396 232.810701
624.499780 233.828686
625.477649 234.846477
626.249338 235.860514
626.750662 236.869630
627.522351 237.883658
628.500441 238.901426
629.499559 239.919559
630.477649 240.937291
631.249338 241.951265
631.750662 242.960335
632.522351 243.974281
633.500441 244.991930
634.499780 246.009926
635.488824 247.027697
636.374449 248.043574
637.114155 249.056807
637.885845 250.070582
638.625551 251.083757
639.511176 252.099489
640.500000 253.117000
641.488604 254.134443
642.363494 255.149825
643.000000 256.160981
643.636506 257.172107
644.511176 258.187345
645.489045 259.204308
646.374449 260.219598
647.114155 261.232318
647.885845 262.245536
648.625551 263.258152
649.511176 264.273188
650.500000 265.289881
651.488824 266.306471
652.374449 267.321239
653.114155 268.333507
653.885845 269.346236
654.625551 270.358372
655.510955 271.372810
656.489045 272.388644
657.374449 273.402871
658.114155 274.414676
658.885845 275.426912
659.625551 276.438563
660.510955 277.452405
661.488824 278.467560
662.363494 279.480994
663.000000 280.490696
663.636506 281.500335
664.511396 282.513478
665.499780 283.528177
666.477649 284.542559
667.249338 285.553795
667.750662 286.561039
668.522351 287.572103
669.500441 288.585974
670.500000 289.599970
671.500000 290.613786
672.500000 291.627413
673.500000 292.640847
674.500000 293.653864
675.500000 294.655946
676.500000 295.554403
677.500000 296.306294
678.500000 297.068267
679.500000 297.580688
680.500000 297.854287
681.500000 298.251892
682.500000 298.741518
683.500000 299.138450
684.500000 299.400189
685.500000 299.796657
686.500000 300.285352
687.500000 300.681342
688.500000 300.942126
689.500000 301.337626
690.500000 301.825343
691.500000 302.220343
692.500000 302.479905
693.500000 302.863658
694.500000 303.247151
695.500000 303.505934
696.500000 303.899856
697.500000 304.396490
698.500000 304.892856
699.500000 305.285969
700.500000 305.543406
701.500000 305.925016
702.500000 306.306347
703.500000 306.562731
704.500000 306.943501
705.500000 307.323989
706.500000 307.579523
707.500000 307.959439
708.500000 308.339068
709.500000 308.593959
710.500000 308.983962
711.500000 309.476654
712.500000 309.969052
713.500000 310.358177
714.500000 310.611604
715.500000 310.989182
716.500000 311.366464
717.500000 311.619000
718.500000 312.006421
719.500000 312.486009
720.500000 312.872832
721.500000 313.124173
722.500000 313.499222
723.500000 313.852060
724.500000 313.852060
725.500000 313.499222
726.500000 313.124173
727.500000 312.872832
728.500000 312.486009
729.500000 312.006421
730.500000 311.619000
731.500000 311.366464
732.500000 310.989182
733.500000 310.611604
734.500000 310.358177
735.500000 309.969052
736.500000 309.476654
737.500000 308.983962
738.500000 308.593959
739.500000 308.339068
740.500000 307.959439
741.500000 307.579523
742.500000 307.323989
743.500000 306.943501
744.500000 306.562731
745.500000 306.306347
746.500000 305.925016
747.500000 305.543406
748.500000 305.285969
749.500000 304.892856
750.500000 304.396490
751.500000 303.899856
752.500000 303.505934
753.500000 303.247151
754.500000 302.863658
755.500000 302.479905
756.500000 302.220343
757.500000 301.825343
758.500000 301.337626
759.500000 300.942126
760.500000 300.681342
761.500000 300.285352
762.500000 299.796657
763.500000 299.400189
764.500000 299.138450
765.500000 298.741518
766.500000 298.251892
767.500000 297.854287
768.500000 297.580688
769.500000 297.068267
770.500000 296.306294
771.500000 295.554403
772.500000 294.655946
773.500000 293.653864
774.500000 292.640847
775.500000 291.627413
776.500000 290.613786
777.500000 289.599970
778.499559 288.585974
779.477649 287.572103
780.249338 286.561039
780.750662 285.553795
781.522351 284.542559
782.500220 283.528177
783.488604 282.513478
784.363494 281.500335
785.000000 280.490696
785.636506 279.480994
786.511176 278.467560
787.489045 277.452405
788.374449 276.438563
789.114155 275.426912
789.885845 274.414676
790.625551 273.402871
791.510955 272.388644
792.489045 271.372810
793.374449 270.358372
794.114155 269.346236
794.885845 268.333507
795.625551 267.321239
796.511176 266.306471
797.500000 265.289881
798.488824 264.273188
799.374449 263.258152
800.114155 262.245536
800.885845 261.232318
801.625551 260.219598
802.510955 259.204308
803.488824 258.187345
804.363494 257.172107
805.000000 256.160981
805.636506 255.149825
806.511396 254.134443
807.500000 253.117000
808.488824 252.099489
809.374449 251.083757
810.114155 250.070582
810.885845 249.056807
811.625551 248.043574
812.511176 247.027697
813.500220 246.009926
814.499559 244.991930
815.477649 243.974281
816.249338 242.960335
816.750662 241.951265
817.522351 240.937291
818.500441 239.919559
819.499559 238.901426
820.477649 237.883658
821.249338 236.869630
821.750662 235.860514
822.522351 234.846477
823.500220 233.828686
824.488604 232.810701
825.363494 231.794783
826.000000 230.783205
826.636506 229.771629
827.511176 228.755729
828.489045 227.737964
829.374449 226.721892
830.114155 225.708476
830.885845 224.694492
831.625551 223.681102
832.510955 222.665093
833.489045 221.647435
834.374669 220.631474
835.125111 219.617971
836.000000 218.602255
836.874889 217.586571
837.625111 216.573148
838.500000 215.557528
839.374889 214.541944
840.125331 213.528608
841.010955 212.512909
841.989045 211.495621
842.874669 210.480016
843.625111 209.466830
844.500000 208.451503
845.374889 207.436226
846.125111 206.423168
847.000000 205.407989
847.874889 204.392865
848.625331 203.379938
849.511176 202.364734
850.500000 201.347835
851.488824 200.331016
852.374669 199.316017
853.125111 198.303363
854.000000 197.288672
854.874889 196.274050
855.625331 195.261562
856.511176 194.246889
857.500000 193.230597
858.488824 192.214400
859.374449 191.199974
860.114155 190.187986
860.885845 189.175538
861.625551 188.163663
862.511176 187.149521
863.500220 186.133825
864.500000 185.118065
865.500000 184.102411
866.500000 183.086868
867.500000 182.071436
868.500000 181.056118
869.500000 180.040915
870.500000 179.025828
871.500000 178.010858
872.500000 176.996008
873.500000 175.981277
874.500000 174.966668
875.500000 173.952181
876.500000 172.937817
877.500000 171.923578
878.500000 170.909464
879.500000 169.895476
880.500000 168.881835
881.500000 167.879057
882.500000 166.979608
883.500000 166.215470
884.500000 165.316280
885.500000 164.314240
886.500000 163.312331
887.500000 162.413533
888.500000 161.650271
889.500000 160.762913
890.500000 159.886422
891.500000 159.237713
892.500000 158.588917
893.500000 157.701871
894.500000 156.701023
895.500000 155.689795
896.500000 154.699950
897.500000 153.916639
898.500000 153.403827
899.500000 152.620784
900.500000 151.631695
901.500000 150.632225
902.500000 149.746382
903.500000 149.099056
904.500000 148.452083
905.500000 147.577595
906.500000 146.692726
907.500000 145.942950
908.500000 145.161104
909.500000 144.411372
910.500000 143.516074
911.500000 142.528440
912.500000 141.644138
913.500000 140.998127
914.500000 140.352246
915.500000 139.468550
916.500000 138.492517
917.500000 137.712057
918.500000 137.202089
919.500000 136.432836
920.500000 135.571244
921.500000 134.926689
922.500000 134.282258
923.500000 133.421036
924.500000 132.652402
925.500000 132.143521
926.500000 131.375129
927.500000 130.514612
928.500000 129.882082
929.500000 129.363164
930.500000 128.844584
931.500000 128.223140
932.500000 127.466408
933.500000 126.834459
934.500000 126.213137
935.500000 125.559945
936.500000 125.074251
937.500000 124.421280
938.500000 123.800622
939.500000 123.180073
940.500000 122.527207
941.500000 122.031318
942.500000 121.275904
943.500000 120.531329
944.500000 120.149688
945.500000 119.736166
946.500000 119.137814
947.500000 118.486550
948.500000 118.012845
949.500000 117.464537
950.500000 116.991025
951.500000 116.339929
952.500000 115.731424
953.500000 115.215477
954.500000 114.699623
955.500000 114.091614
956.500000 113.451712
957.500000 113.082265
958.500000 112.680922
959.500000 112.187200
960.500000 111.683049
961.500000 111.178762
962.500000 110.674558
963.500000 110.170435
964.500000 109.666614
965.500000 109.173386
966.500000 108.772923
967.500000 108.415035
968.500000 107.879542
969.500000 107.418605
970.500000 106.872527
971.500000 106.411737
972.500000 105.876539
973.500000 105.519312
974.500000 105.130172
975.500000 104.741101
976.500000 104.384300
977.500000 103.860180
978.500000 103.503511
979.500000 103.114924
980.500000 102.736915
981.500000 102.483637
982.500000 102.095017
983.500000 101.603478
984.500000 101.111997
985.500000 100.723555
986.500000 100.470574
987.500000 100.092980
988.500000 99.704928
989.500000 99.349133
990.500000 98.836740
991.500000 98.594765
992.500000 98.445528
993.500000 98.078988
994.500000 97.691468
995.500000 97.335759
996.500000 96.812713
997.500000 96.457099
998.500000 96.069549
999.500000 95.692779
1000.500000 95.451456
1001.500000 95.178195
1002.500000 94.947473
1003.500000 94.663562
1004.500000 94.319209
1005.500000 93.807730
1006.500000 93.566657
1007.500000 93.428823
1008.500000 93.166579
1009.500000 92.936795
1010.500000 92.674624
1011.500000 92.536938
1012.500000 92.296306
1013.500000 91.795857
1014.500000 91.555293
1015.500000 91.417962
1016.500000 91.166729
1017.500000 91.040417
1018.500000 90.914136
1019.500000 90.663216
1020.500000 90.536774
1021.500000 90.399625
1022.500000 90.034637
1023.500000 89.659161
1024.500000 89.418895
1025.500000 89.157188
1026.500000 89.030909
1027.500000 88.904876
1028.500000 88.654199
1029.500000 88.527995
1030.500000 88.391079
1031.500000 88.026537
1032.500000 87.662019
1033.500000 87.525170
1034.500000 87.399077
1035.500000 87.148778
1036.500000 87.033682
1037.500000 87.011072
1038.500000 86.896015
1039.500000 86.645794
1040.500000 86.520040
1041.500000 86.394305
1042.500000 86.144138
1043.500000 86.029393
1044.500000 86.017864
1045.500000 86.016866
1046.500000 86.005369
1047.500000 85.890467
1048.500000 85.629663
1049.500000 85.400857
1050.500000 85.140082
1051.500000 85.025239
1052.500000 85.013830
1053.500000 85.013169
1054.500000 85.012521
1055.500000 85.000931
1056.500000 84.875418
1057.500000 84.511533
1058.500000 84.147661
1059.500000 84.022183
1060.500000 84.010651
1061.500000 84.010085
1062.500000 84.009750
1063.500000 84.009205
1064.500000 83.997934
1065.500000 83.883253
1066.500000 83.622664
1067.500000 83.394066
1068.500000 83.133495
1069.500000 83.018850
1070.500000 83.007634
1071.500000 83.007160
1072.500000 83.006915
1073.500000 83.006678
1074.500000 83.006228
1075.500000 82.995051
1076.500000 82.880460
1077.500000 82.619958
1078.500000 82.391445
1079.500000 82.130956
1080.500000 82.016392
1081.500000 82.005254
1082.500000 82.004856
1083.500000 82.004685
1084.500000 82.004519
1085.500000 82.004359
1086.500000 82.004204
1087.500000 82.004054
1088.500000 82.003909
1089.500000 82.003769
1090.500000 82.003634
1091.500000 82.003503
1092.499780 82.003376
1093.488604 82.003255
1094.636727 82.128671
1095.511396 82.388865
1096.500220 82.617067
1097.500000 82.877253
1098.500000 82.991526
1099.500000 83.002382
1100.500000 83.002506
1101.500000 83.002413
1102.500000 83.002324
1103.500000 83.002458
1104.500000 83.013330
1105.500000 83.127404
1106.500000 83.376885
1107.500000 83.501921
1108.500000 83.626959
1109.500000 83.876448
1110.500000 83.990536
1111.500000 84.001426
1112.500000 84.001804
1113.500000 84.012699
1114.500000 84.126796
1115.500000 84.376298
1116.500000 84.501355
1117.500000 84.626413
1118.500000 84.875921
1119.500000 84.990028
1120.500000 85.000937
1121.500000 85.001332
1122.500000 85.012244
1123.500000 85.126358
1124.500000 85.375876
1125.500000 85.500948
1126.500000 85.626021
1127.500000 85.875543
1128.500000 85.989885
1129.500000 86.011762
1130.500000 86.126105
1131.500000 86.375413
1132.500000 86.489759
1133.500000 86.511640
1134.500000 86.625988
1135.500000 86.875521
1136.500000 87.000606
1137.500000 87.125692
1138.500000 87.375227
1139.500000 87.489580
1140.500000 87.511689
1141.500000 87.636999
1142.500000 88.000472
1143.500000 88.364167
1144.500000 88.500214
1145.500000 88.625747
1146.500000 88.886244
1147.500000 89.114538
1148.500000 89.374815
1149.500000 89.489396
1150.500000 89.511292
1151.500000 89.625874
1152.500000 89.886154
1153.500000 90.114451
1154.500000 90.374732
1155.500000 90.489537
1156.500000 90.522391
1157.500000 90.750911
1158.500000 91.249797
1159.500000 91.489053
1160.500000 91.625329
1161.500000 91.886054
1162.500000 92.114356
1163.500000 92.375081
1164.500000 92.511359
1165.500000 92.750617
1166.500000 93.249947
1167.500000 93.500161
1168.500000 93.750375
1169.500000 94.249706
1170.500000 94.489185
1171.500000 94.636200
1172.500000 95.000129
1173.500000 95.363837
1174.500000 95.500118
1175.500000 95.636398
1176.500000 96.000548
1177.500000 96.385947
1178.500000 96.739364
1179.500000 97.249652
1180.500000 97.500090
1181.500000 97.750307
1182.500000 98.249420
1183.500000 98.478168
1184.500000 98.521985
1185.500000 98.750953
1186.500000 99.260802
1187.500000 99.614441
1188.500000 100.011017
1189.500000 100.500059
1190.500000 100.988881
1191.500000 101.374723
1192.500000 101.625162
1193.500000 102.000269
1194.500000 102.385891
1195.500000 102.739531
1196.500000 103.260556
1197.500000 103.614196
1198.500000 103.999818
1199.500000 104.375147
1200.500000 104.636542
1201.500000 105.136320
1202.500000 105.863746
1203.500000 106.363524
1204.500000 106.625140
1205.500000 107.011203
1206.500000 107.500247
1207.500000 107.999805
1208.500000 108.489069
1209.500000 108.885647
1210.500000 109.239728
1211.500000 109.771490
1212.500000 110.228551
1213.500000 110.760533
1214.500000 111.125569
1215.500000 111.636303
1216.500000 112.374906
1217.500000 112.988620
1218.500000 113.488839
1219.500000 113.885638
1220.500000 114.239720
1221.500000 114.771702
1222.500000 115.239719
1223.500000 115.885636
1224.500000 116.489056
1225.500000 117.000010
1226.500000 117.510965
1227.500000 118.114385
1228.500000 118.760523
1229.500000 119.239495
1230.500000 119.885853
1231.500000 120.500008
1232.500000 121.114163
1233.500000 121.760521
1234.500000 122.239493
1235.500000 122.885851
1236.500000 123.500226
1237.500000 124.125116
1238.500000 124.874895
1239.500000 125.500005
1240.500000 126.125115
1241.500000 126.874674
1242.500000 127.488829
1243.500000 128.000004
1244.500000 128.510959
1245.500000 129.114379
1246.500000 129.760738
1247.500000 130.250886
1248.500000 131.021914
1249.500000 131.978093
1250.500000 132.749341
1251.500000 133.250444
1252.500000 134.011178
1253.500000 134.874892
1254.500000 135.614158
1255.500000 136.385847
1256.500000 137.125333
1257.500000 138.000002
1258.500000 138.874671
1259.500000 139.614157
1260.500000 140.385626
1261.500000 141.114377
1262.500000 141.885626
1263.500000 142.614377
1264.500000 143.385846
1265.500000 144.125553
1266.500000 145.010956
1267.500000 145.989046
1268.500000 146.874450
1269.500000 147.614156
1270.500000 148.385846
1271.500000 149.125552
1272.500000 150.010956
1273.500000 150.989046
1274.500000 151.874670
1275.500000 152.625332
1276.500000 153.511176
1277.500000 154.500221
1278.500000 155.500001
1279.500000 156.500001
1280.500000 157.500001
1281.500000 158.499780
1282.500000 159.488825
1283.499780 160.374670
1284.488824 161.125331
1285.374669 162.011176
1286.125331 163.000221
1287.011176 164.000000
1288.000220 165.000000
1289.000000 166.000000
1290.000000 167.000000
1291.000000 168.000000
1292.000000 169.000000
1292.999780 170.000000
1293.988824 171.000000
1294.874669 172.000000
1295.625111 173.000000
1296.500000 174.000000
1297.374889 175.000000
1298.125111 176.000000
1299.000000 177.000000
1299.874669 178.000000
1300.614155 179.000000
1301.385845 180.000000
1302.125551 181.000000
1303.011176 182.000000
1304.000000 183.000000
1304.988824 184.000000
1305.874449 185.000000
1306.614155 186.000000
1307.385845 187.000000
1308.125331 188.000000
1309.000000 189.000000
1309.874669 190.000000
1310.614155 191.000000
1311.385845 192.000000
1312.125111 193.000000
1312.988824 194.000000
1313.749559 195.000000
1314.250441 196.000000
1315.010955 197.000000
1315.863934 198.000000
1316.499780 199.000000
1317.125111 200.000000
1317.874889 201.000000
1318.500000 202.000000
1319.125111 203.000000
1319.874669 204.000000
1320.489045 205.000000
1321.010955 206.000000
1321.625551 207.000000
1322.385624 208.000000
1323.103200 209.000000
1323.760293 210.000000
1324.239486 211.000000
1324.885845 212.000000
1325.500220 213.000000
1326.125111 214.000000
1326.874669 215.000000
1327.488824 216.000000
1327.999780 217.000000
1328.500000 218.000000
1329.000220 219.000000
1329.511176 220.000000
1330.125331 221.000000
1330.874669 222.000000
1331.488824 223.000000
1331.999780 224.000000
1332.500000 225.000000
1333.000000 226.000000
1333.500000 227.000000
1334.000220 228.000000
1334.510955 229.000000
1335.114155 230.000000
1335.749338 231.000000
1336.114155 232.000000
1336.510955 233.000000
1337.000220 234.000000
1337.500000 235.000000
1337.999780 236.000000
1338.489045 237.000000
1338.885624 238.000000
1339.239486 239.000000
1339.760514 240.000000
1340.114596 241.000000
1340.521910 242.000000
1341.114376 243.000000
1341.749338 244.000000
1342.114155 245.000000
1342.510955 246.000000
1343.000000 247.000000
1343.489045 248.000000
1343.885624 249.000000
1344.239266 250.000000
1344.749338 251.000000
1344.989045 252.000000
1345.136286 253.000000
1345.511176 254.000000
1345.989265 255.000000
1346.385624 256.000000
1346.739486 257.000000
1347.260293 258.000000
1347.603200 259.000000
1347.885624 260.000000
1348.125331 261.000000
1348.500000 262.000000
1348.874669 263.000000
1349.114376 264.000000
1349.396800 265.000000
1349.739707 266.000000
1350.260293 267.000000
1350.603200 268.000000
1350.885404 269.000000
1351.114376 270.000000
1351.385624 271.000000
1351.614376 272.000000
1351.885624 273.000000
1352.114376 274.000000
1352.385845 275.000000
1352.625331 276.000000
1353.000000 277.000000
1353.374669 278.000000
1353.614155 279.000000
1353.885624 280.000000
1354.114155 281.000000
1354.374449 282.000000
1354.489265 283.000000
1354.522131 284.000000
1354.750662 285.000000
1355.249338 286.000000
1355.477649 287.000000
1355.499559 288.000000
1355.500220 289.000000
1355.511396 290.000000
1355.636506 291.000000
1356.000220 292.000000
1356.374889 293.000000
1356.625111 294.000000
1356.999780 295.000000
1357.363494 296.000000
1357.488604 297.000000
1357.500000 298.000000
1357.511396 299.000000
1357.636506 300.000000
1358.000000 301.000000
1358.363494 302.000000
1358.488604 303.000000
1358.499780 304.000000
1358.500000 305.000000
1358.500441 306.000000
1358.522351 307.000000
1358.750662 308.000000
1359.249338 309.000000
1359.477649 310.000000
1359.499559 311.000000
1359.500000 312.000000
1359.500220 313.000000
1359.511396 314.000000
1359.636506 315.000000
1360.000000 316.000000
1360.363494 317.000000
1360.488604 318.000000
1360.499780 319.000000
1360.500220 320.000000
1360.511396 321.000000
1360.636506 322.000000
1361.000000 323.000000
1361.363494 324.000000
1361.488604 325.000000
1361.499780 326.000000
1361.500000 327.000000
1361.500220 328.000000
1361.511176 329.000000
1361.625551 330.000000
1361.885845 331.000000
1362.114155 332.000000
1362.374449 333.000000
1362.488824 334.000000
1362.499780 335.000000
1362.500000 336.000000
1362.500000 337.000000
1362.500220 338.000000
1362.511396 339.000000
1362.636506 340.000000
1363.000000 341.000000
1363.363494 342.000000
1363.488604 343.000000
1363.499780 344.000000
1363.500000 345.000000
1363.500000 346.000000
1363.500000 347.000000
1363.500000 348.000000
1363.500220 349.000000
1363.511176 350.000000
1363.625331 351.000000
1363.874669 352.000000
1363.988824 353.000000
1363.999559 354.000000
1363.988824 355.000000
1363.874669 356.000000
1363.625331 357.000000
1363.511176 358.000000
1363.500220 359.000000
1363.499780 360.000000
1363.488824 361.000000
1363.374669 362.000000
1363.125331 363.000000
1363.011176 364.000000
1363.000000 365.000000
1362.988824 366.000000
1362.874669 367.000000
1362.625331 368.000000
1362.510955 369.000000
1362.489045 370.000000
1362.374669 371.000000
1362.125331 372.000000
1362.011176 373.000000
1362.000220 374.000000
1361.999780 375.000000
1361.988824 376.000000
1361.874669 377.000000
1361.625111 378.000000
1361.500000 379.000000
1361.374889 380.000000
1361.125331 381.000000
1361.011176 382.000000
1361.000000 383.000000
1360.988824 384.000000
1360.874449 385.000000
1360.614155 386.000000
1360.385845 387.000000
1360.125551 388.000000
1360.011176 389.000000
1360.000220 390.000000
1359.999780 391.000000
1359.988824 392.000000
1359.874449 393.000000
1359.614155 394.000000
1359.385845 395.000000
1359.125551 396.000000
1359.011176 397.000000
1359.000000 398.000000
1358.988824 399.000000
1358.874449 400.000000
1358.614155 401.000000
1358.385845 402.000000
1358.125551 403.000000
1358.010955 404.000000
1357.989045 405.000000
1357.874449 406.000000
1357.614155 407.000000
1357.385845 408.000000
1357.125551 409.000000
1357.010735 410.000000
1356.977869 411.000000
1356.749338 412.000000
1356.250662 413.000000
1356.022131 414.000000
1355.989045 415.000000
1355.863494 416.000000
1355.500000 417.000000
1355.136506 418.000000
1355.011396 419.000000
1355.000000 420.000000
1354.988604 421.000000
1354.863494 422.000000
1354.499780 423.000000
1354.125111 424.000000
1353.874889 425.000000
1353.500220 426.000000
1353.136506 427.000000
1353.011176 428.000000
1352.988824 429.000000
1352.863494 430.000000
1352.499780 431.000000
1352.125111 432.000000
1351.874889 433.000000
1351.500220 434.000000
1351.136286 435.000000
1351.000000 436.000000
1350.863714 437.000000
1350.500000 438.000000
1350.136066 439.000000
1349.989045 440.000000
1349.749338 441.000000
1349.239266 442.000000
1348.885845 443.000000
1348.500220 444.000000
1348.125111 445.000000
1347.874889 446.000000
1347.499780 447.000000
1347.114155 448.000000
1346.760514 449.000000
1346.239486 450.000000
1345.885845 451.000000
1345.500000 452.000000
1345.114155 453.000000
1344.760514 454.000000
1344.239486 455.000000
1343.885845 456.000000
1343.500220 457.000000
1343.125111 458.000000
1342.874889 459.000000
1342.499780 460.000000
1342.114155 461.000000
1341.760293 462.000000
1341.228531 463.000000
1340.771249 464.000000
1340.228751 465.000000
1339.771469 466.000000
1339.239707 467.000000
1338.885624 468.000000
1338.489045 469.000000
1338.000000 470.000000
1337.510955 471.000000
1337.114376 472.000000
1336.760293 473.000000
1336.228531 474.000000
1335.771249 475.000000
1335.228751 476.000000
1334.771249 477.000000
1334.228531 478.000000
1333.760293 479.000000
1333.114376 480.000000
1332.510955 481.000000
1332.000220 482.000000
1331.499780 483.000000
1330.989045 484.000000
1330.385624 485.000000
1329.739486 486.000000
1329.260514 487.000000
1328.614376 488.000000
1328.010955 489.000000
1327.500220 490.000000
1326.999780 491.000000
1326.488824 492.000000
1325.874669 493.000000
1325.125111 494.000000
1324.500000 495.000000
1323.874889 496.000000
1323.125331 497.000000
1322.511176 498.000000
1322.000000 499.000000
1321.488824 500.000000
1320.874449 501.000000
1320.114155 502.000000
1319.385845 503.000000
1318.625331 504.000000
1318.000000 505.000000
1317.374889 506.000000
1316.625111 507.000000
1315.999780 508.000000
1315.363934 509.000000
1314.510955 510.000000
1313.750441 511.000000
1313.249338 512.000000
1312.478090 513.000000
1311.521910 514.000000
1310.750662 515.000000
1310.249559 516.000000
1309.489045 517.000000
1308.636066 518.000000
1308.000000 519.000000
1307.363714 520.000000
1306.499780 521.000000
1305.625331 522.000000
1304.885845 523.000000
1304.114155 524.000000
1303.374449 525.000000
1302.489045 526.000000
1301.510955 527.000000
1300.625331 528.000000
1299.874889 529.000000
1299.000000 530.000000
1298.125111 531.000000
1297.374669 532.000000
1296.488824 533.000000
1295.499780 534.000000
1294.500000 535.000000
1293.500000 536.000000
1292.500000 537.000000
1291.500220 538.000000
1290.511176 539.000000
1289.625331 540.000000
1288.874669 541.000000
1287.988824 541.999780
1286.999780 542.988825
1286.000000 543.874670
1285.000000 544.625331
1284.000000 545.511176
1283.000000 546.500000
1282.000000 547.488825
1281.000000 548.374670
1280.000000 549.125331
1279.000000 550.011176
1278.000000 551.000221
1277.000000 552.000001
1276.000000 553.000001
1275.000000 553.999780
1274.000000 554.988825
1273.000000 555.874670
1272.000000 556.625111
1271.000000 557.500001
1270.000000 558.374890
1269.000000 559.125112
1268.000000 560.000001
1267.000000 560.874891
1266.000000 561.625332
1265.000000 562.510956
1264.000000 563.488826
1263.000000 564.363495
1262.000000 565.000002
1261.000000 565.636508
1260.000000 566.511177
1259.000000 567.488826
1258.000000 568.363496
1257.000000 568.999782
1256.000000 569.625333
1255.000000 570.386067
1254.000000 571.125333
1253.000000 571.999782
1252.000000 572.863717
1251.000000 573.499782
1250.000000 574.125113
1249.000000 574.874893
1248.000000 575.500003
1247.000000 576.125114
1246.000000 576.874893
1245.000000 577.500004
1244.000000 578.125115
1243.000000 578.874673
1242.000000 579.489049
1241.000000 580.010960
1240.000000 580.625336
1239.000000 581.374895
1238.000000 582.000005
1237.000000 582.625116
1236.000000 583.374896
1235.000000 583.999786
1234.000000 584.614162
1233.000000 585.260521
1232.000000 585.739494
1231.000000 586.385632
1230.000000 586.989053
1229.000000 587.500009
1228.000000 588.010964
1227.000000 588.614385
1226.000000 589.260303
1225.000000 589.728542
1224.000000 590.271260
1223.000000 590.728763
1222.000000 591.271261
1221.000000 591.728544
1220.000000 592.260307
1219.000000 592.614610
1218.000000 593.021925
1217.000000 593.614612
1216.000000 594.260530
1215.000000 594.739283
1214.000000 595.374467
1213.000000 595.863954
1212.000000 596.136086
1211.000000 596.625572
1210.000000 597.260536
1209.000000 597.728334
1208.000000 598.260318
1207.000000 598.614402
1206.000000 599.010982
1205.000000 599.500249
1204.000000 599.999809
1203.000000 600.488856
1202.000000 600.874702
1201.000000 601.125365
1200.000000 601.511212
1199.000000 602.000258
1198.000000 602.499819
1197.000000 602.988866
1196.000000 603.374713
1195.000000 603.625377
1194.000000 604.011003
1193.000000 604.489095
1192.000000 604.874722
1191.000000 605.125166
1190.000000 605.500058
1189.000000 605.874950
1188.000000 606.125174
1187.000000 606.500066
1186.000000 606.874959
1185.000000 607.125404
1184.000000 607.511031
1183.000000 607.989125
1182.000000 608.374753
1181.000000 608.625198
1180.000000 609.000092
1179.000000 609.374765
1178.000000 609.614256
1177.000000 609.885729
1176.000000 610.114486
1175.000000 610.385960
1174.000000 610.625671
1173.000000 611.011081
1172.000000 611.488956
1171.000000 611.863631
1170.000000 611.999923
1169.000000 612.125481
1168.000000 612.386002
1167.000000 612.614540
1166.000000 612.885796
1165.000000 613.114555
1164.000000 613.385812
1163.000000 613.614572
1162.000000 613.885829
1161.000000 614.114590
1160.000000 614.385848
1159.000000 614.614389
1158.000000 614.874693
1157.000000 614.989299
1156.000000 615.011441
1155.000000 615.136784
1154.000000 615.500510
1153.000000 615.874972
1152.000000 616.114251
1151.000000 616.374999
1150.000000 616.500344
1149.000000 616.625469
1148.000000 616.875264
1147.000000 617.000611
1146.000000 617.136693
1145.000000 617.500425
1144.000000 617.863937
1143.000000 617.989066
1142.000000 618.000262
1141.000000 618.000723
1140.000000 618.011920
1139.000000 618.137053
1138.000000 618.500569
1137.000000 618.864087
1136.000000 618.989222
1135.000000 619.000424
1134.000000 619.000671
1133.000000 619.000699
1132.000000 619.001169
1131.000000 619.023110
1130.000000 619.251452
1129.000000 619.750161
1128.000000 619.978506
1127.000000 620.000451
1126.000000 620.000929
1125.000000 620.001187
1124.000000 620.012402
1123.000000 620.137554
1122.000000 620.501090
1121.000000 620.864628
1120.000000 620.989784
1119.000000 621.001007
1118.000000 621.001277
1117.000000 621.001328
1116.000000 621.001381
1115.000000 621.001877
1114.000000 621.023845
1113.000000 621.252215
1112.000000 621.750953
1111.000000 621.979327
1110.000000 622.001304
1109.000000 622.001813
1108.000000 622.001884
1107.000000 622.001958
1106.000000 622.002034
1105.000000 622.002334
1104.000000 622.013591
1103.000000 622.138787
1102.000000 622.502368
1101.000000 622.865953
1100.000000 622.991158
1099.000000 623.002431
1098.000000 623.002753
1097.000000 623.002857
1096.000000 623.002966
1095.000000 623.003078
1094.000000 623.003415
1093.000000 623.014490
1092.000000 623.128770
1091.000000 623.378016
1090.000000 623.481350
1089.000000 623.378287
1088.000000 623.129312
1087.000000 623.015304
1086.000000 623.004501
1085.000000 623.004439
1084.000000 623.004601
1083.000000 623.004770
1082.000000 623.004724
1081.000000 622.993948
1080.000000 622.879759
1079.000000 622.619657
1078.000000 622.391545
1077.000000 622.131457
1076.000000 622.017293
1075.000000 622.006557
1074.000000 622.006562
1073.000000 622.006796
1072.000000 622.006817
1071.000000 621.996110
1070.000000 621.881991
1069.000000 621.621963
1068.000000 621.393926
1067.000000 621.133915
1066.000000 621.019831
1065.000000 621.009176
1064.000000 621.009266
1063.000000 621.009366
1062.000000 620.998741
1061.000000 620.884926
1060.000000 620.635718
1059.000000 620.510969
1058.000000 620.386232
1057.000000 620.137058
1056.000000 620.023299
1055.000000 620.012532
1054.000000 620.001778
1053.000000 619.888057
1052.000000 619.638945
1051.000000 619.514295
1050.000000 619.389659
1049.000000 619.140589
1048.000000 619.026937
1047.000000 619.016280
1046.000000 619.005638
1045.000000 618.891811
1044.000000 618.632083
1043.000000 618.404355
1042.000000 618.144660
1041.000000 618.030901
1040.000000 618.020360
1039.000000 618.009837
1038.000000 617.896353
1037.000000 617.647485
1036.000000 617.523085
1035.000000 617.398705
1034.000000 617.149897
1033.000000 617.036293
1032.000000 617.015177
1031.000000 616.901397
1030.000000 616.641722
1029.000000 616.403318
1028.000000 616.029535
1027.000000 615.655776
1026.000000 615.417445
1025.000000 615.157892
1024.000000 615.044282
1023.000000 615.023385
1022.000000 614.909829
1021.000000 614.650604
1020.000000 614.423170
1019.000000 614.152827
1018.000000 613.914497
1017.000000 613.541235
1016.000000 613.178738
1015.000000 613.054656
1014.000000 613.033587
1013.000000 612.909571
1012.000000 612.547205
1011.000000 612.173920
1010.000000 611.925117
1009.000000 611.551682
1008.000000 611.178505
1007.000000 610.940548
1006.000000 610.670426
1005.000000 610.432546
1004.000000 610.059744
1003.000000 609.697276
1002.000000 609.551984
1001.000000 609.314048
1000.000000 608.806011
999.000000 608.465182
998.000000 608.184661
997.000000 607.946904
996.000000 607.574230
995.000000 607.201604
994.000000 606.963988
993.000000 606.683705
992.000000 606.343209
991.000000 605.835379
990.000000 605.587232
989.000000 605.339137
988.000000 604.831246
987.000000 604.480280
986.000000 604.096947
985.000000 603.713671
984.000000 603.362436
983.000000 602.833359
982.000000 602.378821
981.000000 601.839130
980.000000 601.384936
979.000000 600.866839
978.000000 600.619172
977.000000 600.371790
976.000000 599.864623
975.000000 599.513954
974.000000 599.109900
973.000000 598.520985
972.000000 597.900158
971.000000 597.642233
970.000000 597.394895
969.000000 596.877485
968.000000 596.424115
967.000000 595.885386
966.000000 595.431728
965.000000 594.893154
964.000000 594.439653
963.000000 593.901238
962.000000 593.447898
961.000000 592.909647
960.000000 592.456473
959.000000 591.918169
958.000000 591.454431
957.000000 590.813320
956.000000 590.225309
955.000000 589.822538
954.000000 589.462354
953.000000 588.832117
952.000000 588.233734
951.000000 587.717175
950.000000 587.108026
949.000000 586.364009
948.000000 585.755273
947.000000 585.249835
946.000000 584.755010
945.000000 584.249772
944.000000 583.641434
943.000000 582.897796
942.000000 582.278709
941.000000 581.659727
940.000000 580.916182
939.000000 580.297412
938.000000 579.678750
937.000000 578.935748
936.000000 578.328039
935.000000 577.812686
934.000000 577.194466
933.000000 576.348709
932.000000 575.595311
931.000000 575.101880
930.000000 574.359447
929.000000 573.617131
928.000000 573.124050
927.000000 572.371235
926.000000 571.526074
925.000000 570.897946
924.000000 570.269720
923.000000 569.414187
922.000000 568.558777
921.000000 567.930918
920.000000 567.302963
919.000000 566.437190
918.000000 565.479078
917.000000 564.716537
916.000000 564.224489
915.000000 563.473157
914.000000 562.629489
913.000000 562.002863
912.000000 561.375925
911.000000 560.510735
910.000000 559.531960
909.000000 558.553315
908.000000 557.688517
907.000000 557.062234
906.000000 556.436082
905.000000 555.571680
904.000000 554.593696
903.000000 553.615625
902.000000 552.740666
901.000000 552.001024
900.000000 551.126553
899.000000 550.159751
898.000000 549.285547
897.000000 548.546440
896.000000 547.672284
895.000000 546.695062
894.000000 545.707459
893.000000 544.730504
892.000000 543.856882
891.000000 543.118577
890.000000 542.245222
889.000000 541.268800
888.000000 540.281775
887.000000 539.294663
886.000000 538.307681
885.000000 537.321052
884.000000 536.345287
883.000000 535.472854
882.000000 534.735732
881.000000 533.863556
880.000000 532.888309
879.000000 531.902454
878.000000 530.916505
877.000000 529.930682
876.000000 528.944984
875.000000 527.959409
874.000220 526.973954
873.011176 525.988463
872.125331 525.001558
871.374669 524.012728
870.488824 523.025996
869.499780 522.040918
868.500000 521.056118
867.500000 520.071436
866.500000 519.086868
865.500000 518.102411
864.500000 517.118065
863.500000 516.133828
862.500220 515.149695
861.511176 514.165495
860.625331 513.179733
859.874669 512.191861
858.988824 511.206246
858.000000 510.222395
857.011176 509.238640
856.125331 508.253271
855.374669 507.265728
854.489045 506.280490
853.510955 505.296876
852.625551 504.311781
851.885845 503.324285
851.114155 502.337379
850.374669 501.349973
849.500000 500.364925
848.625111 499.379942
847.874669 498.392869
846.988824 497.408182
846.000220 496.425339
845.022351 495.442376
844.250662 494.455866
843.749338 493.464651
842.977649 492.478205
841.999780 491.495432
841.011396 490.512901
840.136506 489.528410
839.500000 488.539719
838.863494 487.551049
837.988824 486.566650
837.010955 485.584135
836.125551 484.600003
835.385845 483.613284
834.614155 482.627163
833.874669 481.640482
833.000000 480.656260
832.125551 479.672499
831.397461 478.708021
830.762278 477.970184
