617.237722 477.504826
616.602539 478.241147
615.874449 479.203951
615.000000 480.185790
614.125331 481.168187
613.385845 482.153400
612.614155 483.138066
611.874449 484.123461
610.989045 485.106100
610.011176 486.087084
609.136506 487.070216
608.500000 488.058026
607.863494 489.045909
606.988604 490.029374
606.000220 491.010862
605.022351 491.992726
604.250662 492.978541
603.749338 493.969386
602.977649 494.955387
601.999780 495.937813
601.011176 496.920235
600.125331 497.904647
599.374889 498.891562
598.500000 499.876450
597.625331 500.861494
596.885845 501.848969
596.114155 502.836018
595.374449 503.823716
594.489045 504.809139
593.510955 505.793222
592.625331 506.778979
591.874669 507.767034
590.988824 508.753088
590.000000 509.737713
589.011176 510.722542
588.125331 511.709123
587.374669 512.697881
586.488824 513.684766
585.499780 514.670316
584.500000 515.655918
583.500000 516.641725
582.500000 517.627742
581.500000 518.613967
580.500000 519.600401
579.500000 520.587043
578.500220 521.573895
577.511176 522.561092
576.625331 523.549796
575.874669 524.540351
574.988824 525.529352
573.999780 526.517262
573.000000 527.505243
572.000000 528.493423
571.000000 529.481805
570.000000 530.470387
569.000000 531.459167
568.000000 532.447925
567.000000 533.426144
566.000000 534.301358
565.000000 535.041582
564.000000 535.917181
563.000000 536.896171
562.000000 537.886084
561.000000 538.876405
560.000000 539.866910
559.000000 540.857379
558.000000 541.837295
557.000000 542.714191
556.000000 543.456082
555.000000 544.333333
554.000000 545.313957
553.000000 546.305269
552.000000 547.286236
551.000000 548.164172
550.000000 548.907091
549.000000 549.785136
548.000000 550.755810
547.000000 551.634178
546.000000 552.377741
545.000000 553.256643
544.000000 554.238679
543.000000 555.220645
542.000000 556.089047
541.000000 556.719212
540.000000 557.349522
539.000000 558.218359
538.000000 559.201050
537.000000 560.183880
536.000000 561.053132
535.000000 561.684134
534.000000 562.314828
533.000000 563.162564
532.000000 563.917963
531.000000 564.414076
530.000000 565.180678
529.000000 566.142847
528.000000 567.012668
527.000000 567.644664
526.000000 568.276554
525.000000 569.135984
524.000000 569.995525
523.000000 570.627745
522.000000 571.259852
521.000000 572.108976
520.000000 572.865736
519.000000 573.362745
518.000000 574.108968
517.000000 574.855287
516.000000 575.352584
515.000000 576.109824
514.000000 576.959398
513.000000 577.581413
512.000000 578.100534
511.000000 578.711984
510.000000 579.458700
509.000000 580.081048
508.000000 580.703475
507.000000 581.450647
506.000000 582.073226
505.000000 582.695879
504.000000 583.443052
503.000000 584.054891
502.000000 584.563599
501.000000 585.061859
500.000000 585.570699
499.000000 586.182802
498.000000 586.930151
497.000000 587.542597
496.000000 588.062417
495.000000 588.664025
494.000000 589.297451
493.000000 589.660787
492.000000 590.066673
491.000000 590.657762
490.000000 591.301912
489.000000 591.768653
488.000000 592.309921
487.000000 592.766021
486.000000 593.307160
485.000000 593.763349
484.000000 594.304576
483.000000 594.760849
482.000000 595.302158
481.000000 595.758511
480.000000 596.299898
479.000000 596.755886
478.000000 597.275876
477.000000 597.525755
476.000000 597.786183
475.000000 598.409475
474.000000 599.000817
473.000000 599.407259
472.000000 599.760278
471.000000 600.269758
470.000000 600.519415
469.000000 600.769320
468.000000 601.289617
467.000000 601.745975
466.000000 602.287793
465.000000 602.744421
464.000000 603.275552
463.000000 603.628805
462.000000 604.014063
461.000000 604.399343
460.000000 604.752219
459.000000 605.261988
458.000000 605.511924
457.000000 605.761879
456.000000 606.271483
455.000000 606.613719
454.000000 606.895709
453.000000 607.134999
452.000000 607.509266
451.000000 607.883549
450.000000 608.122884
449.000000 608.404951
448.000000 608.747294
447.000000 609.256816
446.000000 609.496205
445.000000 609.642921
444.000000 610.006783
443.000000 610.380950
442.000000 610.620166
441.000000 610.891596
440.000000 611.130833
439.000000 611.505263
438.000000 611.879923
437.000000 612.129923
436.000000 612.504381
435.000000 612.867892
434.000000 612.993029
433.000000 613.015193
432.000000 613.140345
431.000000 613.503888
430.000000 613.878172
429.000000 614.117501
428.000000 614.388819
427.000000 614.617205
426.000000 614.877360
425.000000 614.991823
424.000000 615.013607
423.000000 615.128081
422.000000 615.388478
421.000000 615.627633
420.000000 616.002195
419.000000 616.376763
418.000000 616.615931
417.000000 616.876351
416.000000 616.990858
415.000000 617.012683
414.000000 617.126977
413.000000 617.376458
412.000000 617.501494
411.000000 617.626533
410.000000 617.876024
409.000000 617.990114
408.000000 618.001228
407.000000 618.012344
406.000000 618.126663
405.000000 618.386903
404.000000 618.615162
403.000000 618.875406
402.000000 618.989735
401.000000 619.000866
400.000000 619.011998
399.000000 619.126113
398.000000 619.375633
397.000000 619.500706
396.000000 619.625782
395.000000 619.875307
394.000000 619.989430
393.000000 620.000575
392.000000 620.011722
391.000000 620.125849
390.000000 620.375382
389.000000 620.500467
388.000000 620.625554
387.000000 620.875090
386.000000 620.989223
385.000000 621.000158
384.000000 621.000359
383.000000 621.000561
382.000000 621.011498
381.000000 621.125857
380.000000 621.386134
379.000000 621.614430
378.000000 621.874709
377.000000 621.989071
376.000000 622.000013
375.000000 622.000221
374.000000 622.000209
373.000000 622.000419
372.000000 622.011363
371.000000 622.125729
370.000000 622.386013
369.000000 622.614314
368.000000 622.874599
367.000000 622.988967
366.000000 622.999914
365.000000 623.000127
364.000000 623.000120
363.000000 623.000114
362.000000 623.000328
361.000000 623.011277
360.000000 623.125427
359.000000 623.374539
358.000000 623.477734
357.000000 623.374530
356.000000 623.125407
355.000000 623.011248
354.000000 623.000288
353.000000 623.000064
352.000000 623.000061
351.000000 623.000057
350.000000 623.000054
349.000000 622.999830
348.000000 622.988652
347.000000 622.863539
346.000000 622.500043
345.000000 622.136547
344.000000 622.011434
343.000000 622.000256
342.000000 622.000034
341.000000 622.000032
340.000000 622.000030
339.000000 622.000028
338.000000 621.999586
337.000000 621.977674
336.000000 621.749362
335.000000 621.250684
334.000000 621.022372
333.000000 621.000460
332.000000 621.000018
331.000000 621.000017
330.000000 621.000016
329.000000 620.999795
328.000000 620.988618
327.000000 620.863507
326.000000 620.500013
325.000000 620.136518
324.000000 620.011407
323.000000 620.000231
322.000000 620.000010
321.000000 619.999569
320.000000 619.977658
319.000000 619.749346
318.000000 619.250669
317.000000 619.022358
316.000000 619.000447
315.000000 619.000006
314.000000 619.000006
313.000000 618.999785
312.000000 618.988609
311.000000 618.863498
310.000000 618.500005
309.000000 618.136511
308.000000 618.011400
307.000000 618.000224
306.000000 617.999783
305.000000 617.988607
304.000000 617.863497
303.000000 617.500003
302.000000 617.136289
301.000000 617.000223
300.000000 616.874892
299.000000 616.625113
298.000000 616.500002
297.000000 616.374671
296.000000 616.113937
295.000000 615.874671
294.000000 615.500222
293.000000 615.136508
292.000000 615.011177
291.000000 614.989046
290.000000 614.874450
289.000000 614.614156
288.000000 614.385625
287.000000 614.114377
286.000000 613.885625
285.000000 613.614377
284.000000 613.385625
283.000000 613.114376
282.000000 612.885625
281.000000 612.614376
280.000000 612.385845
279.000000 612.125331
278.000000 611.999780
277.000000 611.863494
276.000000 611.488825
275.000000 611.010956
274.000000 610.625552
273.000000 610.385845
272.000000 610.114376
271.000000 609.885625
270.000000 609.614156
269.000000 609.374669
268.000000 609.000000
267.000000 608.625111
266.000000 608.374669
265.000000 607.989045
264.000000 607.510955
263.000000 607.125331
262.000000 606.874890
261.000000 606.500000
260.000000 606.125111
259.000000 605.874890
258.000000 605.500000
257.000000 605.125111
256.000000 604.874669
255.000000 604.489045
254.000000 604.010955
253.000000 603.625331
252.000000 603.374669
251.000000 602.988825
250.000000 602.499780
249.000000 602.000220
248.000000 601.511176
247.000000 601.125331
246.000000 600.874669
245.000000 600.488825
244.000000 599.999780
243.000000 599.500220
242.000000 599.010955
241.000000 598.614376
240.000000 598.260293
239.000000 597.728311
238.000000 597.260514
237.000000 596.625551
236.000000 596.136066
235.000000 595.863934
234.000000 595.374449
233.000000 594.739266
232.000000 594.260514
231.000000 593.614596
230.000000 593.021910
229.000000 592.614596
228.000000 592.260293
227.000000 591.728531
226.000000 591.271249
225.000000 590.728751
224.000000 590.271249
223.000000 589.728531
222.000000 589.260293
221.000000 588.614376
220.000000 588.010955
219.000000 587.500000
218.000000 586.989045
217.000000 586.385624
216.000000 585.739486
215.000000 585.260514
214.000000 584.614155
213.000000 583.999780
212.000000 583.374889
211.000000 582.625111
210.000000 582.000000
209.000000 581.374889
208.000000 580.625331
207.000000 580.010955
206.000000 579.489045
205.000000 578.874669
204.000000 578.125111
203.000000 577.500000
202.000000 576.874889
201.000000 576.125111
200.000000 575.500000
199.000000 574.874889
198.000000 574.125111
197.000000 573.499780
196.000000 572.863714
195.000000 571.999780
194.000000 571.125331
193.000000 570.386065
192.000000 569.625331
191.000000 568.999780
190.000000 568.363494
189.000000 567.488824
188.000000 566.511176
187.000000 565.636506
186.000000 565.000000
185.000000 564.363494
184.000000 563.488824
183.000000 562.510955
182.000000 561.625331
181.000000 560.874889
180.000000 560.000000
179.000000 559.125111
178.000000 558.374889
177.000000 557.500000
176.000000 556.625111
175.000000 555.874669
174.000000 554.988824
173.000000 553.999780
172.000000 553.000000
171.000000 552.000000
170.000000 551.000220
169.000000 550.011176
168.000000 549.125331
167.000000 548.374669
166.000000 547.488824
165.000000 546.500000
164.000000 545.511176
163.000000 544.625331
162.000000 543.874669
161.000220 542.988824
160.011176 541.999780
159.125331 541.000000
158.374669 540.000000
157.488824 539.000000
156.499780 538.000000
155.500000 537.000000
154.500000 536.000000
153.500000 535.000000
152.500220 534.000000
151.511176 533.000000
150.625331 532.000000
149.874889 531.000000
149.000000 530.000000
148.125111 529.000000
147.374669 528.000000
146.489045 527.000000
145.510955 526.000000
144.625551 525.000000
143.885845 524.000000
143.114155 523.000000
142.374669 522.000000
141.500220 521.000000
140.636286 520.000000
140.000000 519.000000
139.363934 518.000000
138.510955 517.000000
137.750441 516.000000
137.249338 515.000000
136.478090 514.000000
135.521910 513.000000
134.750662 512.000000
134.249559 511.000000
133.489045 510.000000
132.636066 509.000000
132.000220 508.000000
131.374889 507.000000
130.625111 506.000000
130.000000 505.000000
129.374669 504.000000
128.614155 503.000000
127.885845 502.000000
127.125551 501.000000
126.511176 500.000000
126.000000 499.000000
125.488824 498.000000
124.874669 497.000000
124.125111 496.000000
123.500000 495.000000
122.874889 494.000000
122.125331 493.000000
121.511176 492.000000
121.000220 491.000000
120.499780 490.000000
119.989045 489.000000
119.385624 488.000000
118.739486 487.000000
118.260514 486.000000
117.614376 485.000000
117.010955 484.000000
116.500220 483.000000
115.999780 482.000000
115.489045 481.000000
114.885624 480.000000
114.239707 479.000000
113.771469 478.000000
113.228751 477.000000
112.771249 476.000000
112.228751 475.000000
111.771469 474.000000
111.239707 473.000000
110.885624 472.000000
110.489045 471.000000
110.000000 470.000000
109.510955 469.000000
109.114376 468.000000
108.760293 467.000000
108.228531 466.000000
107.771249 465.000000
107.228751 464.000000
106.771469 463.000000
106.239707 462.000000
105.885845 461.000000
105.500220 460.000000
105.125111 459.000000
104.874889 458.000000
104.499780 457.000000
104.114155 456.000000
103.760514 455.000000
103.239486 454.000000
102.885845 453.000000
102.500000 452.000000
102.114155 451.000000
101.760514 450.000000
101.239486 449.000000
100.885845 448.000000
100.500220 447.000000
100.125111 446.000000
99.874889 445.000000
99.499780 444.000000
99.114155 443.000000
98.760734 442.000000
98.250662 441.000000
98.010955 440.000000
97.863934 439.000000
97.500000 438.000000
97.136286 437.000000
97.000000 436.000000
96.863714 435.000000
96.499780 434.000000
96.125111 433.000000
95.874889 432.000000
95.500220 431.000000
95.136506 430.000000
95.011176 429.000000
94.988824 428.000000
94.863494 427.000000
94.499780 426.000000
94.125111 425.000000
93.874889 424.000000
93.500220 423.000000
93.136506 422.000000
93.011396 421.000000
93.000000 420.000000
92.988604 419.000000
92.863494 418.000000
92.500000 417.000000
92.136506 416.000000
92.010955 415.000000
91.977869 414.000000
91.749338 413.000000
91.250662 412.000000
91.022131 411.000000
90.989265 410.000000
90.874449 409.000000
90.614155 408.000000
90.385845 407.000000
90.125551 406.000000
90.010955 405.000000
89.989045 404.000000
89.874449 403.000000
89.614155 402.000000
89.385845 401.000000
89.125551 400.000000
89.011176 399.000000
89.000000 398.000000
88.988824 397.000000
88.874449 396.000000
88.614155 395.000000
88.385845 394.000000
88.125551 393.000000
88.011176 392.000000
88.000220 391.000000
87.999780 390.000000
87.988824 389.000000
87.874449 388.000000
87.614155 387.000000
87.385845 386.000000
87.125551 385.000000
87.011176 384.000000
87.000000 383.000000
86.988824 382.000000
86.874669 381.000000
86.625111 380.000000
86.500000 379.000000
86.374889 378.000000
86.125331 377.000000
86.011176 376.000000
86.000220 375.000000
85.999780 374.000000
85.988824 373.000000
85.874669 372.000000
85.625331 371.000000
85.510955 370.000000
85.489045 369.000000
85.374669 368.000000
85.125331 367.000000
85.011176 366.000000
85.000000 365.000000
84.988824 364.000000
84.874669 363.000000
84.625331 362.000000
84.511176 361.000000
84.500220 360.000000
84.499780 359.000000
84.488824 358.000000
84.374669 357.000000
84.125331 356.000000
84.011176 355.000000
84.000441 354.000000
84.011176 353.000000
84.125331 352.000000
84.374669 351.000000
84.488824 350.000000
84.499780 349.000000
84.500000 348.000000
84.500000 347.000000
84.500000 346.000000
84.500000 345.000000
84.500220 344.000000
84.511396 343.000000
84.636506 342.000000
85.000000 341.000000
85.363494 340.000000
85.488604 339.000000
85.499780 338.000000
85.500000 337.000000
85.500000 336.000000
85.500220 335.000000
85.511176 334.000000
85.625551 333.000000
85.885845 332.000000
86.114155 331.000000
86.374449 330.000000
86.488824 329.000000
86.499780 328.000000
86.500000 327.000000
86.500220 326.000000
86.511396 325.000000
86.636506 324.000000
87.000000 323.000000
87.363494 322.000000
87.488604 321.000000
87.499780 320.000000
87.500220 319.000000
87.511396 318.000000
87.636506 317.000000
88.000000 316.000000
88.363494 315.000000
88.488604 314.000000
88.499780 313.000000
88.500000 312.000000
88.500441 311.000000
88.522351 310.000000
88.750662 309.000000
89.249338 308.000000
89.477649 307.000000
89.499559 306.000000
89.500000 305.000000
89.500220 304.000000
89.511396 303.000000
89.636506 302.000000
90.000000 301.000000
90.363494 300.000000
90.488604 299.000000
90.500000 298.000000
90.511396 297.000000
90.636506 296.000000
91.000220 295.000000
91.374889 294.000000
91.625111 293.000000
91.999780 292.000000
92.363494 291.000000
92.488604 290.000000
92.499780 289.000000
92.500441 288.000000
92.522351 287.000000
92.750662 286.000000
93.249338 285.000000
93.477869 284.000000
93.510735 283.000000
93.625551 282.000000
93.885845 281.000000
94.114376 280.000000
94.385845 279.000000
94.625331 278.000000
95.000000 277.000000
95.374669 276.000000
95.614155 275.000000
95.885624 274.000000
96.114376 273.000000
96.385624 272.000000
96.614376 271.000000
96.885624 270.000000
97.114596 269.000000
97.396800 268.000000
97.739707 267.000000
98.260293 266.000000
98.603200 265.000000
98.885624 264.000000
99.125331 263.000000
99.500000 262.000000
99.874669 261.000000
100.114376 260.000000
100.396800 259.000000
100.739707 258.000000
101.260514 257.000000
101.614376 256.000000
102.010735 255.000000
102.488824 254.000000
102.863714 253.000000
103.010955 252.000000
103.250662 251.000000
103.760734 250.000000
104.114376 249.000000
104.510955 248.000000
105.000000 247.000000
105.489045 246.000000
105.885845 245.000000
106.250662 244.000000
106.885624 243.000000
107.478090 242.000000
107.885404 241.000000
108.239486 240.000000
108.760514 239.000000
109.114376 238.000000
109.510955 237.000000
110.000220 236.000000
110.500000 235.000000
110.999780 234.000000
111.489045 233.000000
111.885845 232.000000
112.250662 231.000000
112.885845 230.000000
113.489045 229.000000
113.999780 228.000000
114.500000 227.000000
115.000000 226.000000
115.500000 225.000000
116.000220 224.000000
116.511176 223.000000
117.125331 222.000000
117.874669 221.000000
118.488824 220.000000
118.999780 219.000000
119.500000 218.000000
120.000220 217.000000
120.511176 216.000000
121.125331 215.000000
121.874889 214.000000
122.499780 213.000000
123.114155 212.000000
123.760514 211.000000
124.239707 210.000000
124.896800 209.000000
125.614376 208.000000
126.374449 207.000000
126.989045 206.000000
127.510955 205.000000
128.125331 204.000000
128.874889 203.000000
129.500000 202.000000
130.125111 201.000000
130.874889 200.000000
131.500220 199.000000
132.136066 198.000000
132.989045 197.000000
133.749559 196.000000
134.250441 195.000000
135.011176 194.000000
135.874889 193.000000
136.614155 192.000000
137.385845 191.000000
138.125331 190.000000
139.000000 189.000000
139.874669 188.000000
140.614155 187.000000
141.385845 186.000000
142.125551 185.000000
143.011176 184.000000
144.000000 183.000000
144.988824 182.000000
145.874449 181.000000
146.614155 180.000000
147.385845 179.000000
148.125331 178.000000
149.000000 177.000000
149.874889 176.000000
150.625111 175.000000
151.500000 174.000000
152.374889 173.000000
153.125331 172.000000
154.011176 171.000000
155.000220 170.000000
156.000000 169.000000
157.000000 168.000000
158.000000 167.000000
159.000000 166.000000
159.999780 165.000000
160.988824 164.000000
161.874669 163.000220
162.625331 162.011176
163.511176 161.125331
164.500220 160.374669
165.500000 159.488824
166.500000 158.499780
167.500000 157.500000
168.500000 156.500000
169.500000 155.500000
170.500000 154.500220
171.500000 153.511176
172.500000 152.625331
173.500000 151.874669
174.500000 150.989045
175.500000 150.010955
176.500000 149.125551
177.500000 148.385845
178.500000 147.614155
179.500000 146.874449
180.500000 145.989045
181.500000 145.010955
182.500000 144.125551
183.500000 143.385845
184.500000 142.614376
185.500000 141.885624
186.500000 141.114376
187.500000 140.385624
188.500000 139.614155
189.500000 138.874669
190.500000 138.000000
191.500000 137.125331
192.500000 136.385845
193.500000 135.614155
194.500000 134.874889
195.500000 134.011176
196.500000 133.250441
197.500000 132.749338
198.500000 131.978090
199.500000 131.021910
200.500000 130.250882
201.500000 129.760734
202.500000 129.114376
203.500000 128.510955
204.500000 128.000000
205.500000 127.488824
206.500000 126.874669
207.500000 126.125111
208.500000 125.500000
209.500000 124.874889
210.500000 124.125111
211.500000 123.500220
212.500000 122.885845
213.500000 122.239486
214.500000 121.760514
215.500000 121.114155
216.500000 120.500000
217.500000 119.885845
218.500000 119.239486
219.500000 118.760514
220.500000 118.114376
221.500000 117.510955
222.500000 117.000000
223.500000 116.489045
224.500000 115.885624
225.500000 115.239707
226.500000 114.771689
227.500000 114.239707
228.500000 113.885624
229.500000 113.488824
230.500000 112.988604
231.500000 112.374890
232.500000 111.636286
233.500000 111.125551
234.500000 110.760514
235.500000 110.228531
236.500000 109.771469
237.500000 109.239707
238.500000 108.885624
239.500000 108.489045
240.500000 107.999780
241.500000 107.500220
242.500000 107.011176
243.500000 106.625111
244.500000 106.363494
245.500000 105.863714
246.500000 105.136286
247.500000 104.636506
248.500000 104.375110
249.500000 103.999780
250.500000 103.614155
251.500000 103.260514
252.500000 102.739486
253.500000 102.385845
254.500000 102.000220
255.500000 101.625111
256.500000 101.374669
257.500000 100.988825
258.500000 100.500000
259.500000 100.010955
260.500000 99.614376
261.500000 99.260734
262.500000 98.750882
263.500000 98.521911
264.500000 98.478090
265.500000 98.249338
266.500000 97.750221
267.500000 97.500000
268.500000 97.249559
269.500000 96.739266
270.500000 96.385845
271.500000 96.000441
272.500000 95.636286
273.500000 95.500000
274.500000 95.363714
275.500000 95.000000
276.500000 94.636066
277.500000 94.489045
278.500000 94.249559
279.500000 93.750222
280.500000 93.500001
281.500000 93.249780
282.500000 92.750442
283.500000 92.511176
284.500000 92.374890
285.500000 92.114156
286.500000 91.885846
287.500000 91.625112
288.500000 91.488826
289.500000 91.249560
290.500000 90.750663
291.500000 90.522132
292.500000 90.489267
293.500000 90.374450
294.500000 90.114157
295.500000 89.885846
296.500000 89.625553
297.500000 89.510957
298.500000 89.489047
299.500000 89.374451
300.500000 89.114158
301.500000 88.885847
302.500000 88.625334
303.500000 88.499783
304.500000 88.363717
305.500000 88.000003
306.500000 87.636510
307.500000 87.511179
308.500000 87.489049
309.500000 87.374674
310.500000 87.125115
311.500000 87.000005
312.500000 86.874895
313.500000 86.625337
314.500000 86.510961
315.500000 86.489051
316.500000 86.374676
317.500000 86.125338
318.500000 86.010963
319.500000 85.989053
320.500000 85.874678
321.500000 85.625120
322.500000 85.500010
323.500000 85.374900
324.500000 85.125342
325.500000 85.011188
326.500000 85.000233
327.500000 84.999794
328.500000 84.988839
329.500000 84.874685
330.500000 84.625127
331.500000 84.500018
332.500000 84.374908
333.500000 84.125351
334.500000 84.011197
335.500000 84.000243
336.500000 83.999804
337.500000 83.988850
338.500000 83.874696
339.500000 83.625139
340.500000 83.500031
341.500000 83.374922
342.500000 83.125365
343.500000 83.011212
344.500000 83.000259
345.500000 83.000041
346.500000 83.000044
347.500000 83.000047
348.500000 82.999829
349.500000 82.988877
350.500000 82.874504
351.499780 82.614214
352.488604 82.385907
353.363273 82.125617
354.511396 76.000070
355.500220 82.000074
356.500000 82.000078
357.500000 82.000083
358.500000 82.000088
359.500000 82.000093
360.500000 82.000099
361.500000 82.000104
362.500000 82.000110
363.500000 82.000117
364.500000 82.000124
365.500000 82.000131
366.500000 82.000359
367.500000 82.011322
368.500000 82.125706
369.500000 82.386008
370.500000 82.614328
371.500000 82.874631
372.500000 82.989017
373.500000 82.999983
374.500000 83.000215
375.500000 83.000227
376.500000 83.000240
377.500000 83.000474
378.500000 83.011443
379.500000 83.125833
380.500000 83.386142
381.500000 83.614469
382.500000 83.874780
383.500000 83.989174
384.500000 84.000148
385.500000 84.000389
386.500000 84.000410
387.500000 84.000652
388.500000 84.011851
389.500000 84.136986
390.500000 84.500505
391.500000 84.864026
392.500000 84.989165
393.500000 85.000370
394.500000 85.000621
395.500000 85.000875
396.500000 85.011864
397.500000 85.126276
398.500000 85.386607
399.500000 85.614958
400.500000 85.875293
401.500000 85.989712
402.500000 86.000713
403.500000 86.001202
404.500000 86.012207
405.500000 86.126415
406.500000 86.376029
407.500000 86.501198
408.500000 86.626369
409.500000 86.875991
410.500000 86.990433
411.500000 87.012413
412.500000 87.126862
413.500000 87.376496
414.500000 87.501907
415.500000 87.638056
416.500000 88.001857
417.500000 88.365663
418.500000 88.501824
419.500000 88.627254
420.500000 88.877138
421.500000 89.002357
422.500000 89.127802
423.500000 89.388655
424.500000 89.628045
425.500000 90.002624
426.500000 90.366694
427.500000 90.502901
428.500000 90.628379
429.500000 90.878313
430.500000 91.003584
431.500000 91.128863
432.500000 91.379037
433.500000 91.515285
434.500000 91.754742
435.500000 92.254058
436.500000 92.493531
437.500000 92.630032
438.500000 92.890991
439.500000 93.119537
440.500000 93.380515
441.500000 93.517055
442.500000 93.756806
443.500000 94.266934
444.500000 94.609908
445.500000 94.892410
446.500000 95.121693
447.500000 95.393486
448.500000 95.633309
449.500000 96.008548
450.500000 96.394537
451.500000 96.748557
452.500000 97.269979
453.500000 97.624030
454.500000 98.009859
455.500000 98.374676
456.500000 98.522157
457.500000 98.762340
458.500000 99.272908
459.500000 99.626844
460.500000 100.013003
461.500000 100.388667
462.500000 100.639685
463.500000 101.026127
464.500000 101.515571
465.500000 102.005039
466.500000 102.391550
467.500000 102.642683
468.500000 103.018510
469.500000 103.404878
470.500000 103.759290
471.500000 104.281116
472.500000 104.635585
473.500000 105.022287
474.500000 105.409019
475.500000 105.763801
476.500000 106.296515
477.500000 106.754783
478.500000 107.298300
479.500000 107.756639
480.500000 108.289493
481.500000 108.644705
482.500000 109.042454
483.500000 109.532928
484.500000 110.033957
485.500000 110.535249
486.500000 111.036585
487.500000 111.537965
488.500000 112.039171
489.500000 112.529909
490.500000 112.928231
491.500000 113.294619
492.500000 113.931425
493.500000 114.536300
494.500000 115.048985
495.500000 115.561724
496.500000 116.166986
497.500000 116.814803
498.500000 117.285000
499.500000 117.829958
500.500000 118.300280
501.500000 118.948125
502.500000 119.543024
503.500000 119.953061
504.500000 120.331184
505.500000 121.072209
506.500000 121.824041
507.500000 122.316317
508.500000 122.965541
509.500000 123.582419
510.500000 124.199377
511.500000 124.848619
512.500000 125.330559
513.500000 125.979970
514.500000 126.597486
515.500000 127.225605
516.500000 127.978483
517.500000 128.596051
518.500000 129.110734
519.500000 129.625734
520.500000 130.254327
521.500000 131.110890
522.500000 131.875311
523.500000 132.380206
524.500000 133.144839
525.500000 134.002047
526.500000 134.642452
527.500000 135.282971
528.500000 136.140518
529.500000 136.905718
530.500000 137.411628
531.500000 138.188025
532.500000 139.159991
533.500000 140.039618
534.500000 140.681432
535.500000 141.323376
536.500000 142.203616
537.500000 143.187191
538.500000 144.078438
539.500000 144.824127
540.500000 145.601941
541.500000 146.347695
542.500000 147.228558
543.500000 148.099055
544.500000 148.742054
545.500000 149.385426
546.500000 150.267336
547.500000 151.262896
548.500000 152.248102
549.500000 153.027288
550.500000 153.536272
551.500000 154.315787
552.500000 155.301870
553.500000 156.309371
554.500000 157.306530
555.500000 158.189926
556.500000 158.835115
557.500000 159.480260
558.500000 160.353233
559.500000 161.237122
560.500000 161.996965
561.500000 162.892397
562.500000 163.890994
563.500000 164.889779
564.500000 165.785774
565.500000 166.546777
566.500000 167.443156
567.500000 168.442928
568.500000 169.453632
569.500000 170.464752
570.500000 171.476071
571.500000 172.487589
572.500000 173.499308
573.500000 174.511229
574.500000 175.523352
575.500000 176.535679
576.500000 177.548211
577.500000 178.560949
578.500000 179.573892
579.500000 180.587043
580.500000 181.600401
581.500000 182.613967
582.500000 183.627742
583.500000 184.641725
584.499780 185.655915
585.488824 186.670157
586.374449 187.683084
587.114155 188.694007
587.885845 189.705524
588.625551 190.716680
589.511176 191.730188
590.500000 192.745462
591.488824 193.760940
592.374669 194.774978
593.125111 195.786997
594.000000 196.801156
594.874889 197.815471
595.625331 198.827876
596.511176 199.842666
597.500000 200.859363
598.488824 201.876258
599.374669 202.891559
600.125111 203.904643
601.000000 204.920038
601.874889 205.935582
602.625111 206.949030
603.500000 207.964850
604.374889 208.980817
605.125331 209.994628
606.010955 211.011063
606.989045 212.029382
607.874669 213.046121
608.625111 214.060417
609.500000 215.077210
610.374889 216.094138
611.125111 217.108760
612.000000 218.125933
612.874889 219.143236
613.625331 220.158179
614.510955 221.175932
615.489045 222.195685
616.374449 223.213696
617.114155 224.228835
617.885845 225.244717
618.625551 226.260023
619.510955 227.278448
620.488824 228.298925
621.363494 229.317352
622.000000 230.330826
622.636506 231.344352
623.511396 232.363029
624.499780 233.384241
625.477649 234.405341
626.249338 235.422069
626.750662 236.432972
627.522351 237.449806
628.500441 238.471231
629.499559 239.493213
630.477649 240.514821
631.249338 241.531929
631.750662 242.543069
632.522351 243.560256
633.500441 244.582103
634.499780 245.604494
635.488824 246.626716
636.374449 247.646662
637.114155 248.663352
637.885845 249.680791
638.625551 250.697531
639.511176 251.717600
640.500000 252.740035
641.488604 253.762489
642.363494 254.782375
643.000000 255.796848
643.636506 256.811324
644.511176 257.831218
645.489045 258.853456
646.374449 259.873583
647.114155 260.890387
647.885845 261.907905
648.625551 262.924681
649.511176 263.944742
650.500000 264.967102
651.488824 265.989416
652.374449 267.009355
653.114155 268.025972
653.885845 269.043267
654.625551 270.059805
655.510955 271.079542
656.489045 272.101265
657.374449 273.120853
658.114155 274.137156
658.885845 275.154102
659.625551 276.170281
660.510955 277.189562
661.488824 278.210740
662.363494 279.229575
663.000000 280.243213
663.636506 281.256792
664.511396 282.275355
665.499780 283.296180
666.477649 284.316623
667.249338 285.332638
667.750662 286.342985
668.522351 287.358820
669.500441 288.378727
670.500000 289.398873
671.500000 290.418821
672.500000 291.438554
673.500000 292.458064
674.500000 293.477122
675.500000 294.485207
676.500000 295.389625
677.500000 296.147429
678.500000 296.915265
679.500000 297.433492
680.500000 297.712838
681.500000 298.116128
682.500000 298.611370
683.500000 299.013848
684.500000 299.281056
685.500000 299.682913
686.500000 300.176915
687.500000 300.578123
688.500000 300.844035
689.500000 301.244568
690.500000 301.737218
691.500000 302.137049
692.500000 302.401337
693.500000 302.789707
694.500000 303.177704
695.500000 303.440874
696.500000 303.839064
697.500000 304.339844
698.500000 304.840228
699.500000 305.237233
700.500000 305.498429
701.500000 305.883663
702.500000 306.268483
703.500000 306.528214
704.500000 306.912190
705.500000 307.295738
706.500000 307.554185
707.500000 307.936865
708.500000 308.319106
709.500000 308.576456
710.500000 308.968763
711.500000 309.463602
712.500000 309.957988
713.500000 310.348940
714.500000 310.604033
715.500000 310.983114
716.500000 311.361735
717.500000 311.615445
718.500000 312.003874
719.500000 312.484303
720.500000 312.871799
721.500000 313.123646
722.500000 313.499032
723.500000 313.852039
724.500000 313.852039
725.500000 313.499032
726.500000 313.123646
727.500000 312.871799
728.500000 312.484303
729.500000 312.003874
730.500000 311.615445
731.500000 311.361735
732.500000 310.983114
733.500000 310.604033
734.500000 310.348940
735.500000 309.957988
736.500000 309.463602
737.500000 308.968763
738.500000 308.576456
739.500000 308.319106
740.500000 307.936865
741.500000 307.554185
742.500000 307.295738
743.500000 306.912190
744.500000 306.528214
745.500000 306.268483
746.500000 305.883663
747.500000 305.498429
748.500000 305.237233
749.500000 304.840228
750.500000 304.339844
751.500000 303.839064
752.500000 303.440874
753.500000 303.177704
754.500000 302.789707
755.500000 302.401337
756.500000 302.137049
757.500000 301.737218
758.500000 301.244568
759.500000 300.844035
760.500000 300.578123
761.500000 300.176915
762.500000 299.682913
763.500000 299.281056
764.500000 299.013848
765.500000 298.611370
766.500000 298.116128
767.500000 297.712838
768.500000 297.433492
769.500000 296.915265
770.500000 296.147429
771.500000 295.389625
772.500000 294.485207
773.500000 293.477122
774.500000 292.458064
775.500000 291.438554
776.500000 290.418821
777.500000 289.398873
778.499559 288.378727
779.477649 287.358820
780.249338 286.342985
780.750662 285.332638
781.522351 284.316623
782.500220 283.296180
783.488604 282.275355
784.363494 281.256792
785.000000 280.243213
785.636506 279.229575
786.511176 278.210740
787.489045 277.189562
788.374449 276.170281
789.114155 275.154102
789.885845 274.137156
790.625551 273.120853
791.510955 272.101265
792.489045 271.079542
793.374449 270.059805
794.114155 269.043267
794.885845 268.025972
795.625551 267.009355
796.511176 265.989416
797.500000 264.967102
798.488824 263.944742
799.374449 262.924681
800.114155 261.907905
800.885845 260.890387
801.625551 259.873583
802.510955 258.853456
803.488824 257.831218
804.363494 256.811324
805.000000 255.796848
805.636506 254.782375
806.511396 253.762489
807.500000 252.740035
808.488824 251.717600
809.374449 250.697531
810.114155 249.680791
810.885845 248.663352
811.625551 247.646662
812.511176 246.626716
813.500220 245.604494
814.499559 244.582103
815.477649 243.560256
816.249338 242.543069
816.750662 241.531929
817.522351 240.514821
818.500441 239.493213
819.499559 238.471231
820.477649 237.449806
821.249338 236.432972
821.750662 235.422069
822.522351 234.405341
823.500220 233.384241
824.488604 232.363029
825.363494 231.344352
826.000000 230.330826
826.636506 229.317352
827.511176 228.298925
828.489045 227.278448
829.374449 226.260023
830.114155 225.244717
830.885845 224.228835
831.625551 223.213696
832.510955 222.195685
833.489045 221.175932
834.374669 220.158179
835.125111 219.143236
836.000000 218.125933
836.874889 217.108760
837.625111 216.094138
838.500000 215.077210
839.374889 214.060417
840.125331 213.046121
841.010955 212.029382
841.989045 211.011063
842.874669 209.994628
843.625111 208.980817
844.500000 207.964850
845.374889 206.949030
846.125111 205.935582
847.000000 204.920038
847.874889 203.904643
848.625331 202.891559
849.511176 201.876258
850.500000 200.859363
851.488824 199.842666
852.374669 198.827876
853.125111 197.815471
854.000000 196.801156
854.874889 195.786997
855.625331 194.774978
856.511176 193.760940
857.500000 192.745462
858.488824 191.730188
859.374449 190.716680
860.114155 189.705524
860.885845 188.694007
861.625551 187.683084
862.511176 186.670157
863.500220 185.655915
864.500000 184.641725
865.500000 183.627742
866.500000 182.613967
867.500000 181.600401
868.500000 180.587043
869.500000 179.573892
870.500000 178.560949
871.500000 177.548211
872.500000 176.535679
873.500000 175.523352
874.500000 174.511229
875.500000 173.499308
876.500000 172.487589
877.500000 171.476071
878.500000 170.464752
879.500000 169.453632
880.500000 168.442928
881.500000 167.443156
882.500000 166.546777
883.500000 165.785774
884.500000 164.889779
885.500000 163.890994
886.500000 162.892397
887.500000 161.996965
888.500000 161.237122
889.500000 160.353233
890.500000 159.480260
891.500000 158.835115
892.500000 158.189926
893.500000 157.306530
894.500000 156.309371
895.500000 155.301870
896.500000 154.315787
897.500000 153.536272
898.500000 153.027288
899.500000 152.248102
900.500000 151.262896
901.500000 150.267336
902.500000 149.385426
903.500000 148.742054
904.500000 148.099055
905.500000 147.228558
906.500000 146.347695
907.500000 145.601941
908.500000 144.824127
909.500000 144.078438
910.500000 143.187191
911.500000 142.203616
912.500000 141.323376
913.500000 140.681432
914.500000 140.039618
915.500000 139.159991
916.500000 138.188025
917.500000 137.411628
918.500000 136.905718
919.500000 136.140518
920.500000 135.282971
921.500000 134.642452
922.500000 134.002047
923.500000 133.144839
924.500000 132.380206
925.500000 131.875311
926.500000 131.110890
927.500000 130.254327
928.500000 129.625734
929.500000 129.110734
930.500000 128.596051
931.500000 127.978483
932.500000 127.225605
933.500000 126.597486
934.500000 125.979970
935.500000 125.330559
936.500000 124.848619
937.500000 124.199377
938.500000 123.582419
939.500000 122.965541
940.500000 122.316317
941.500000 121.824041
942.500000 121.072209
943.500000 120.331184
944.500000 119.953061
945.500000 119.543024
946.500000 118.948125
947.500000 118.300280
948.500000 117.829958
949.500000 117.285000
950.500000 116.814803
951.500000 116.166986
952.500000 115.561724
953.500000 115.048985
954.500000 114.536300
955.500000 113.931425
956.500000 113.294619
957.500000 112.928231
958.500000 112.529909
959.500000 112.039171
960.500000 111.537965
961.500000 111.036585
962.500000 110.535249
963.500000 110.033957
964.500000 109.532928
965.500000 109.042454
966.500000 108.644705
967.500000 108.289493
968.500000 107.756639
969.500000 107.298300
970.500000 106.754783
971.500000 106.296515
972.500000 105.763801
973.500000 105.409019
974.500000 105.022287
975.500000 104.635585
976.500000 104.281116
977.500000 103.759290
978.500000 103.404878
979.500000 103.018510
980.500000 102.642683
981.500000 102.391550
982.500000 102.005039
983.500000 101.515571
984.500000 101.026127
985.500000 100.639685
986.500000 100.388667
987.500000 100.013003
988.500000 99.626844
989.500000 99.272908
990.500000 98.762340
991.500000 98.522157
992.500000 98.374676
993.500000 98.009859
994.500000 97.624030
995.500000 97.269979
996.500000 96.748557
997.500000 96.394537
998.500000 96.008548
999.500000 95.633309
1000.500000 95.393486
1001.500000 95.121693
1002.500000 94.892410
1003.500000 94.609908
1004.500000 94.266934
1005.500000 93.756806
1006.500000 93.517055
1007.500000 93.380515
1008.500000 93.119537
1009.500000 92.890991
1010.500000 92.630032
1011.500000 92.493531
1012.500000 92.254058
1013.500000 91.754742
1014.500000 91.515285
1015.500000 91.379037
1016.500000 91.128863
1017.500000 91.003584
1018.500000 90.878313
1019.500000 90.628379
1020.500000 90.502901
1021.500000 90.366694
1022.500000 90.002624
1023.500000 89.628045
1024.500000 89.388655
1025.500000 89.127802
1026.500000 89.002357
1027.500000 88.877138
1028.500000 88.627254
1029.500000 88.501824
1030.500000 88.365663
1031.500000 88.001857
1032.500000 87.638056
1033.500000 87.501907
1034.500000 87.376496
1035.500000 87.126862
1036.500000 87.012413
1037.500000 86.990433
1038.500000 86.875991
1039.500000 86.626369
1040.500000 86.501198
1041.500000 86.376029
1042.500000 86.126415
1043.500000 86.012207
1044.500000 86.001202
1045.500000 86.000713
1046.500000 85.989712
1047.500000 85.875293
1048.500000 85.614958
1049.500000 85.386607
1050.500000 85.126276
1051.500000 85.011864
1052.500000 85.000875
1053.500000 85.000621
1054.500000 85.000370
1055.500000 84.989165
1056.500000 84.864026
1057.500000 84.500505
1058.500000 84.136986
1059.500000 84.011851
1060.500000 84.000652
1061.500000 84.000410
1062.500000 84.000389
1063.500000 84.000148
1064.500000 83.989174
1065.500000 83.874780
1066.500000 83.614469
1067.500000 83.386142
1068.500000 83.125833
1069.500000 83.011443
1070.500000 83.000474
1071.500000 83.000240
1072.500000 83.000227
1073.500000 83.000215
1074.500000 82.999983
1075.500000 82.989017
1076.500000 82.874631
1077.500000 82.614328
1078.500000 82.386008
1079.500000 82.125706
1080.500000 82.011322
1081.500000 82.000359
1082.500000 82.000131
1083.500000 82.000124
1084.500000 82.000117
1085.500000 82.000110
1086.500000 82.000104
1087.500000 82.000099
1088.500000 82.000093
1089.500000 82.000088
1090.500000 82.000083
1091.500000 82.000078
1092.499780 82.000074
1093.488604 82.000070
1094.636727 82.125617
1095.511396 82.385907
1096.500220 82.614214
1097.500000 82.874504
1098.500000 82.988877
1099.500000 82.999829
1100.500000 83.000047
1101.500000 83.000044
1102.500000 83.000041
1103.500000 83.000259
1104.500000 83.011212
1105.500000 83.125365
1106.500000 83.374922
1107.500000 83.500031
1108.500000 83.625139
1109.500000 83.874696
1110.500000 83.988850
1111.500000 83.999804
1112.500000 84.000243
1113.500000 84.011197
1114.500000 84.125351
1115.500000 84.374908
1116.500000 84.500018
1117.500000 84.625127
1118.500000 84.874685
1119.500000 84.988839
1120.500000 84.999794
1121.500000 85.000233
1122.500000 85.011188
1123.500000 85.125342
1124.500000 85.374900
1125.500000 85.500010
1126.500000 85.625120
1127.500000 85.874678
1128.500000 85.989053
1129.500000 86.010963
1130.500000 86.125338
1131.500000 86.374676
1132.500000 86.489051
1133.500000 86.510961
1134.500000 86.625337
1135.500000 86.874895
1136.500000 87.000005
1137.500000 87.125115
1138.500000 87.374674
1139.500000 87.489049
1140.500000 87.511179
1141.500000 87.636510
1142.500000 88.000003
1143.500000 88.363717
1144.500000 88.499783
1145.500000 88.625334
1146.500000 88.885847
1147.500000 89.114158
1148.500000 89.374451
1149.500000 89.489047
1150.500000 89.510957
1151.500000 89.625553
1152.500000 89.885846
1153.500000 90.114157
1154.500000 90.374450
1155.500000 90.489267
1156.500000 90.522132
1157.500000 90.750663
1158.500000 91.249560
1159.500000 91.488826
1160.500000 91.625112
1161.500000 91.885846
1162.500000 92.114156
1163.500000 92.374890
1164.500000 92.511176
1165.500000 92.750442
1166.500000 93.249780
1167.500000 93.500001
1168.500000 93.750222
1169.500000 94.249559
1170.500000 94.489045
1171.500000 94.636066
1172.500000 95.000000
1173.500000 95.363714
1174.500000 95.500000
1175.500000 95.636286
1176.500000 96.000441
1177.500000 96.385845
1178.500000 96.739266
1179.500000 97.249559
1180.500000 97.500000
1181.500000 97.750221
1182.500000 98.249338
1183.500000 98.478090
1184.500000 98.521911
1185.500000 98.750882
1186.500000 99.260734
1187.500000 99.614376
1188.500000 100.010955
1189.500000 100.500000
1190.500000 100.988825
1191.500000 101.374669
1192.500000 101.625111
1193.500000 102.000220
1194.500000 102.385845
1195.500000 102.739486
1196.500000 103.260514
1197.500000 103.614155
1198.500000 103.999780
1199.500000 104.375110
1200.500000 104.636506
1201.500000 105.136286
1202.500000 105.863714
1203.500000 106.363494
1204.500000 106.625111
1205.500000 107.011176
1206.500000 107.500220
1207.500000 107.999780
1208.500000 108.489045
1209.500000 108.885624
1210.500000 109.239707
1211.500000 109.771469
1212.500000 110.228531
1213.500000 110.760514
1214.500000 111.125551
1215.500000 111.636286
1216.500000 112.374890
1217.500000 112.988604
1218.500000 113.488824
1219.500000 113.885624
1220.500000 114.239707
1221.500000 114.771689
1222.500000 115.239707
1223.500000 115.885624
1224.500000 116.489045
1225.500000 117.000000
1226.500000 117.510955
1227.500000 118.114376
1228.500000 118.760514
1229.500000 119.239486
1230.500000 119.885845
1231.500000 120.500000
1232.500000 121.114155
1233.500000 121.760514
1234.500000 122.239486
1235.500000 122.885845
1236.500000 123.500220
1237.500000 124.125111
1238.500000 124.874889
1239.500000 125.500000
1240.500000 126.125111
1241.500000 126.874669
1242.500000 127.488824
1243.500000 128.000000
1244.500000 128.510955
1245.500000 129.114376
1246.500000 129.760734
1247.500000 130.250882
1248.500000 131.021910
1249.500000 131.978090
1250.500000 132.749338
1251.500000 133.250441
1252.500000 134.011176
1253.500000 134.874889
1254.500000 135.614155
1255.500000 136.385845
1256.500000 137.125331
1257.500000 138.000000
1258.500000 138.874669
1259.500000 139.614155
1260.500000 140.385624
1261.500000 141.114376
1262.500000 141.885624
1263.500000 142.614376
1264.500000 143.385845
1265.500000 144.125551
1266.500000 145.010955
1267.500000 145.989045
1268.500000 146.874449
1269.500000 147.614155
1270.500000 148.385845
1271.500000 149.125551
1272.500000 150.010955
1273.500000 150.989045
1274.500000 151.874669
1275.500000 152.625331
1276.500000 153.511176
1277.500000 154.500220
1278.500000 155.500000
1279.500000 156.500000
1280.500000 157.500000
1281.500000 158.499780
1282.500000 159.488824
1283.499780 160.374669
1284.488824 161.125331
1285.374669 162.011176
1286.125331 163.000220
1287.011176 164.000000
1288.000220 165.000000
1289.000000 166.000000
1290.000000 167.000000
1291.000000 168.000000
1292.000000 169.000000
1292.999780 170.000000
1293.988824 171.000000
1294.874669 172.000000
1295.625111 173.000000
1296.500000 174.000000
1297.374889 175.000000
1298.125111 176.000000
1299.000000 177.000000
1299.874669 178.000000
1300.614155 179.000000
1301.385845 180.000000
1302.125551 181.000000
1303.011176 182.000000
1304.000000 183.000000
1304.988824 184.000000
1305.874449 185.000000
1306.614155 186.000000
1307.385845 187.000000
1308.125331 188.000000
1309.000000 189.000000
1309.874669 190.000000
1310.614155 191.000000
1311.385845 192.000000
1312.125111 193.000000
1312.988824 194.000000
1313.749559 195.000000
1314.250441 196.000000
1315.010955 197.000000
1315.863934 198.000000
1316.499780 199.000000
1317.125111 200.000000
1317.874889 201.000000
1318.500000 202.000000
1319.125111 203.000000
1319.874669 204.000000
1320.489045 205.000000
1321.010955 206.000000
1321.625551 207.000000
1322.385624 208.000000
1323.103200 209.000000
1323.760293 210.000000
1324.239486 211.000000
1324.885845 212.000000
1325.500220 213.000000
1326.125111 214.000000
1326.874669 215.000000
1327.488824 216.000000
1327.999780 217.000000
1328.500000 218.000000
1329.000220 219.000000
1329.511176 220.000000
1330.125331 221.000000
1330.874669 222.000000
1331.488824 223.000000
1331.999780 224.000000
1332.500000 225.000000
1333.000000 226.000000
1333.500000 227.000000
1334.000220 228.000000
1334.510955 229.000000
1335.114155 230.000000
1335.749338 231.000000
1336.114155 232.000000
1336.510955 233.000000
1337.000220 234.000000
1337.500000 235.000000
1337.999780 236.000000
1338.489045 237.000000
1338.885624 238.000000
1339.239486 239.000000
1339.760514 240.000000
1340.114596 241.000000
1340.521910 242.000000
1341.114376 243.000000
1341.749338 244.000000
1342.114155 245.000000
1342.510955 246.000000
1343.000000 247.000000
1343.489045 248.000000
1343.885624 249.000000
1344.239266 250.000000
1344.749338 251.000000
1344.989045 252.000000
1345.136286 253.000000
1345.511176 254.000000
1345.989265 255.000000
1346.385624 256.000000
1346.739486 257.000000
1347.260293 258.000000
1347.603200 259.000000
1347.885624 260.000000
1348.125331 261.000000
1348.500000 262.000000
1348.874669 263.000000
1349.114376 264.000000
1349.396800 265.000000
1349.739707 266.000000
1350.260293 267.000000
1350.603200 268.000000
1350.885404 269.000000
1351.114376 270.000000
1351.385624 271.000000
1351.614376 272.000000
1351.885624 273.000000
1352.114376 274.000000
1352.385845 275.000000
1352.625331 276.000000
1353.000000 277.000000
1353.374669 278.000000
1353.614155 279.000000
1353.885624 280.000000
1354.114155 281.000000
1354.374449 282.000000
1354.489265 283.000000
1354.522131 284.000000
1354.750662 285.000000
1355.249338 286.000000
1355.477649 287.000000
1355.499559 288.000000
1355.500220 289.000000
1355.511396 290.000000
1355.636506 291.000000
1356.000220 292.000000
1356.374889 293.000000
1356.625111 294.000000
1356.999780 295.000000
1357.363494 296.000000
1357.488604 297.000000
1357.500000 298.000000
1357.511396 299.000000
1357.636506 300.000000
1358.000000 301.000000
1358.363494 302.000000
1358.488604 303.000000
1358.499780 304.000000
1358.500000 305.000000
1358.500441 306.000000
1358.522351 307.000000
1358.750662 308.000000
1359.249338 309.000000
1359.477649 310.000000
1359.499559 311.000000
1359.500000 312.000000
1359.500220 313.000000
1359.511396 314.000000
1359.636506 315.000000
1360.000000 316.000000
1360.363494 317.000000
1360.488604 318.000000
1360.499780 319.000000
1360.500220 320.000000
1360.511396 321.000000
1360.636506 322.000000
1361.000000 323.000000
1361.363494 324.000000
1361.488604 325.000000
1361.499780 326.000000
1361.500000 327.000000
1361.500220 328.000000
1361.511176 329.000000
1361.625551 330.000000
1361.885845 331.000000
1362.114155 332.000000
1362.374449 333.000000
1362.488824 334.000000
1362.499780 335.000000
1362.500000 336.000000
1362.500000 337.000000
1362.500220 338.000000
1362.511396 339.000000
1362.636506 340.000000
1363.000000 341.000000
1363.363494 342.000000
1363.488604 343.000000
1363.499780 344.000000
1363.500000 345.000000
1363.500000 346.000000
1363.500000 347.000000
1363.500000 348.000000
1363.500220 349.000000
1363.511176 350.000000
1363.625331 351.000000
1363.874669 352.000000
1363.988824 353.000000
1363.999559 354.000000
1363.988824 355.000000
1363.874669 356.000000
1363.625331 357.000000
1363.511176 358.000000
1363.500220 359.000000
1363.499780 360.000000
1363.488824 361.000000
1363.374669 362.000000
1363.125331 363.000000
1363.011176 364.000000
1363.000000 365.000000
1362.988824 366.000000
1362.874669 367.000000
1362.625331 368.000000
1362.510955 369.000000
1362.489045 370.000000
1362.374669 371.000000
1362.125331 372.000000
1362.011176 373.000000
1362.000220 374.000000
1361.999780 375.000000
1361.988824 376.000000
1361.874669 377.000000
1361.625111 378.000000
1361.500000 379.000000
1361.374889 380.000000
1361.125331 381.000000
1361.011176 382.000000
1361.000000 383.000000
1360.988824 384.000000
1360.874449 385.000000
1360.614155 386.000000
1360.385845 387.000000
1360.125551 388.000000
1360.011176 389.000000
1360.000220 390.000000
1359.999780 391.000000
1359.988824 392.000000
1359.874449 393.000000
1359.614155 394.000000
1359.385845 395.000000
1359.125551 396.000000
1359.011176 397.000000
1359.000000 398.000000
1358.988824 399.000000
1358.874449 400.000000
1358.614155 401.000000
1358.385845 402.000000
1358.125551 403.000000
1358.010955 404.000000
1357.989045 405.000000
1357.874449 406.000000
1357.614155 407.000000
1357.385845 408.000000
1357.125551 409.000000
1357.010735 410.000000
1356.977869 411.000000
1356.749338 412.000000
1356.250662 413.000000
1356.022131 414.000000
1355.989045 415.000000
1355.863494 416.000000
1355.500000 417.000000
1355.136506 418.000000
1355.011396 419.000000
1355.000000 420.000000
1354.988604 421.000000
1354.863494 422.000000
1354.499780 423.000000
1354.125111 424.000000
1353.874889 425.000000
1353.500220 426.000000
1353.136506 427.000000
1353.011176 428.000000
1352.988824 429.000000
1352.863494 430.000000
1352.499780 431.000000
1352.125111 432.000000
1351.874889 433.000000
1351.500220 434.000000
1351.136286 435.000000
1351.000000 436.000000
1350.863714 437.000000
1350.500000 438.000000
1350.136066 439.000000
1349.989045 440.000000
1349.749338 441.000000
1349.239266 442.000000
1348.885845 443.000000
1348.500220 444.000000
1348.125111 445.000000
1347.874889 446.000000
1347.499780 447.000000
1347.114155 448.000000
1346.760514 449.000000
1346.239486 450.000000
1345.885845 451.000000
1345.500000 452.000000
1345.114155 453.000000
1344.760514 454.000000
1344.239486 455.000000
1343.885845 456.000000
1343.500220 457.000000
1343.125111 458.000000
1342.874889 459.000000
1342.499780 460.000000
1342.114155 461.000000
1341.760293 462.000000
1341.228531 463.000000
1340.771249 464.000000
1340.228751 465.000000
1339.771469 466.000000
1339.239707 467.000000
1338.885624 468.000000
1338.489045 469.000000
1338.000000 470.000000
1337.510955 471.000000
1337.114376 472.000000
1336.760293 473.000000
1336.228531 474.000000
1335.771249 475.000000
1335.228751 476.000000
1334.771249 477.000000
1334.228531 478.000000
1333.760293 479.000000
1333.114376 480.000000
1332.510955 481.000000
1332.000220 482.000000
1331.499780 483.000000
1330.989045 484.000000
1330.385624 485.000000
1329.739486 486.000000
1329.260514 487.000000
1328.614376 488.000000
1328.010955 489.000000
1327.500220 490.000000
1326.999780 491.000000
1326.488824 492.000000
1325.874669 493.000000
1325.125111 494.000000
1324.500000 495.000000
1323.874889 496.000000
1323.125331 497.000000
1322.511176 498.000000
1322.000000 499.000000
1321.488824 500.000000
1320.874449 501.000000
1320.114155 502.000000
1319.385845 503.000000
1318.625331 504.000000
1318.000000 505.000000
1317.374889 506.000000
1316.625111 507.000000
1315.999780 508.000000
1315.363934 509.000000
1314.510955 510.000000
1313.750441 511.000000
1313.249338 512.000000
1312.478090 513.000000
1311.521910 514.000000
1310.750662 515.000000
1310.249559 516.000000
1309.489045 517.000000
1308.636066 518.000000
1308.000000 519.000000
1307.363714 520.000000
1306.499780 521.000000
1305.625331 522.000000
1304.885845 523.000000
1304.114155 524.000000
1303.374449 525.000000
1302.489045 526.000000
1301.510955 527.000000
1300.625331 528.000000
1299.874889 529.000000
1299.000000 530.000000
1298.125111 531.000000
1297.374669 532.000000
1296.488824 533.000000
1295.499780 534.000000
1294.500000 535.000000
1293.500000 536.000000
1292.500000 537.000000
1291.500220 538.000000
1290.511176 539.000000
1289.625331 540.000000
1288.874669 541.000000
1287.988824 541.999780
1286.999780 542.988824
1286.000000 543.874669
1285.000000 544.625331
1284.000000 545.511176
1283.000000 546.500000
1282.000000 547.488824
1281.000000 548.374669
1280.000000 549.125331
1279.000000 550.011176
1278.000000 551.000220
1277.000000 552.000000
1276.000000 553.000000
1275.000000 553.999780
1274.000000 554.988824
1273.000000 555.874669
1272.000000 556.625111
1271.000000 557.500000
1270.000000 558.374889
1269.000000 559.125111
1268.000000 560.000000
1267.000000 560.874889
1266.000000 561.625331
1265.000000 562.510955
1264.000000 563.488824
1263.000000 564.363494
1262.000000 565.000000
1261.000000 565.636506
1260.000000 566.511176
1259.000000 567.488824
1258.000000 568.363494
1257.000000 568.999780
1256.000000 569.625331
1255.000000 570.386065
1254.000000 571.125331
1253.000000 571.999780
1252.000000 572.863714
1251.000000 573.499780
1250.000000 574.125111
1249.000000 574.874889
1248.000000 575.500000
1247.000000 576.125111
1246.000000 576.874889
1245.000000 577.500000
1244.000000 578.125111
1243.000000 578.874669
1242.000000 579.489045
1241.000000 580.010955
1240.000000 580.625331
1239.000000 581.374889
1238.000000 582.000000
1237.000000 582.625111
1236.000000 583.374889
1235.000000 583.999780
1234.000000 584.614155
1233.000000 585.260514
1232.000000 585.739486
1231.000000 586.385624
1230.000000 586.989045
1229.000000 587.500000
1228.000000 588.010955
1227.000000 588.614376
1226.000000 589.260293
1225.000000 589.728531
1224.000000 590.271249
1223.000000 590.728751
1222.000000 591.271249
1221.000000 591.728531
1220.000000 592.260293
1219.000000 592.614596
1218.000000 593.021910
1217.000000 593.614596
1216.000000 594.260514
1215.000000 594.739266
1214.000000 595.374449
1213.000000 595.863934
1212.000000 596.136066
1211.000000 596.625551
1210.000000 597.260514
1209.000000 597.728311
1208.000000 598.260293
1207.000000 598.614376
1206.000000 599.010955
1205.000000 599.500220
1204.000000 599.999780
1203.000000 600.488825
1202.000000 600.874669
1201.000000 601.125331
1200.000000 601.511176
1199.000000 602.000220
1198.000000 602.499780
1197.000000 602.988825
1196.000000 603.374669
1195.000000 603.625331
1194.000000 604.010955
1193.000000 604.489045
1192.000000 604.874669
1191.000000 605.125111
1190.000000 605.500000
1189.000000 605.874890
1188.000000 606.125111
1187.000000 606.500000
1186.000000 606.874890
1185.000000 607.125331
1184.000000 607.510955
1183.000000 607.989045
1182.000000 608.374669
1181.000000 608.625111
1180.000000 609.000000
1179.000000 609.374669
1178.000000 609.614156
1177.000000 609.885625
1176.000000 610.114376
1175.000000 610.385845
1174.000000 610.625552
1173.000000 611.010956
1172.000000 611.488825
1171.000000 611.863494
1170.000000 611.999780
1169.000000 612.125331
1168.000000 612.385845
1167.000000 612.614376
1166.000000 612.885625
1165.000000 613.114376
1164.000000 613.385625
1163.000000 613.614377
1162.000000 613.885625
1161.000000 614.114377
1160.000000 614.385625
1159.000000 614.614156
1158.000000 614.874450
1157.000000 614.989046
1156.000000 615.011177
1155.000000 615.136508
1154.000000 615.500222
1153.000000 615.874671
1152.000000 616.113937
1151.000000 616.374671
1150.000000 616.500002
1149.000000 616.625113
1148.000000 616.874892
1147.000000 617.000223
1146.000000 617.136289
1145.000000 617.500003
1144.000000 617.863497
1143.000000 617.988607
1142.000000 617.999783
1141.000000 618.000224
1140.000000 618.011400
1139.000000 618.136511
1138.000000 618.500005
1137.000000 618.863498
1136.000000 618.988609
1135.000000 618.999785
1134.000000 619.000006
1133.000000 619.000006
1132.000000 619.000447
1131.000000 619.022358
1130.000000 619.250669
1129.000000 619.749346
1128.000000 619.977658
1127.000000 619.999569
1126.000000 620.000010
1125.000000 620.000231
1124.000000 620.011407
1123.000000 620.136518
1122.000000 620.500013
1121.000000 620.863507
1120.000000 620.988618
1119.000000 620.999795
1118.000000 621.000016
1117.000000 621.000017
1116.000000 621.000018
1115.000000 621.000460
1114.000000 621.022372
1113.000000 621.250684
1112.000000 621.749362
1111.000000 621.977674
1110.000000 621.999586
1109.000000 622.000028
1108.000000 622.000030
1107.000000 622.000032
1106.000000 622.000034
1105.000000 622.000256
1104.000000 622.011434
1103.000000 622.136547
1102.000000 622.500043
1101.000000 622.863539
1100.000000 622.988652
1099.000000 622.999830
1098.000000 623.000054
1097.000000 623.000057
1096.000000 623.000061
1095.000000 623.000064
1094.000000 623.000288
1093.000000 623.011248
1092.000000 623.125407
1091.000000 623.374530
1090.000000 623.477734
1089.000000 623.374539
1088.000000 623.125427
1087.000000 623.011277
1086.000000 623.000328
1085.000000 623.000114
1084.000000 623.000120
1083.000000 623.000127
1082.000000 622.999914
1081.000000 622.988967
1080.000000 622.874599
1079.000000 622.614314
1078.000000 622.386013
1077.000000 622.125729
1076.000000 622.011363
1075.000000 622.000419
1074.000000 622.000209
1073.000000 622.000221
1072.000000 622.000013
1071.000000 621.989071
1070.000000 621.874709
1069.000000 621.614430
1068.000000 621.386134
1067.000000 621.125857
1066.000000 621.011498
1065.000000 621.000561
1064.000000 621.000359
1063.000000 621.000158
1062.000000 620.989223
1061.000000 620.875090
1060.000000 620.625554
1059.000000 620.500467
1058.000000 620.375382
1057.000000 620.125849
1056.000000 620.011722
1055.000000 620.000575
1054.000000 619.989430
1053.000000 619.875307
1052.000000 619.625782
1051.000000 619.500706
1050.000000 619.375633
1049.000000 619.126113
1048.000000 619.011998
1047.000000 619.000866
1046.000000 618.989735
1045.000000 618.875406
1044.000000 618.615162
1043.000000 618.386903
1042.000000 618.126663
1041.000000 618.012344
1040.000000 618.001228
1039.000000 617.990114
1038.000000 617.876024
1037.000000 617.626533
1036.000000 617.501494
1035.000000 617.376458
1034.000000 617.126977
1033.000000 617.012683
1032.000000 616.990858
1031.000000 616.876351
1030.000000 616.615931
1029.000000 616.376763
1028.000000 616.002195
1027.000000 615.627633
1026.000000 615.388478
1025.000000 615.128081
1024.000000 615.013607
1023.000000 614.991823
1022.000000 614.877360
1021.000000 614.617205
1020.000000 614.388819
1019.000000 614.117501
1018.000000 613.878172
1017.000000 613.503888
1016.000000 613.140345
1015.000000 613.015193
1014.000000 612.993029
1013.000000 612.867892
1012.000000 612.504381
1011.000000 612.129923
1010.000000 611.879923
1009.000000 611.505263
1008.000000 611.130833
1007.000000 610.891596
1006.000000 610.620166
1005.000000 610.380950
1004.000000 610.006783
1003.000000 609.642921
1002.000000 609.496205
1001.000000 609.256816
1000.000000 608.747294
999.000000 608.404951
998.000000 608.122884
997.000000 607.883549
996.000000 607.509266
995.000000 607.134999
994.000000 606.895709
993.000000 606.613719
992.000000 606.271483
991.000000 605.761879
990.000000 605.511924
989.000000 605.261988
988.000000 604.752219
987.000000 604.399343
986.000000 604.014063
985.000000 603.628805
984.000000 603.275552
983.000000 602.744421
982.000000 602.287793
981.000000 601.745975
980.000000 601.289617
979.000000 600.769320
978.000000 600.519415
977.000000 600.269758
976.000000 599.760278
975.000000 599.407259
974.000000 599.000817
973.000000 598.409475
972.000000 597.786183
971.000000 597.525755
970.000000 597.275876
969.000000 596.755886
968.000000 596.299898
967.000000 595.758511
966.000000 595.302158
965.000000 594.760849
964.000000 594.304576
963.000000 593.763349
962.000000 593.307160
961.000000 592.766021
960.000000 592.309921
959.000000 591.768653
958.000000 591.301912
957.000000 590.657762
956.000000 590.066673
955.000000 589.660787
954.000000 589.297451
953.000000 588.664025
952.000000 588.062417
951.000000 587.542597
950.000000 586.930151
949.000000 586.182802
948.000000 585.570699
947.000000 585.061859
946.000000 584.563599
945.000000 584.054891
944.000000 583.443052
943.000000 582.695879
942.000000 582.073226
941.000000 581.450647
940.000000 580.703475
939.000000 580.081048
938.000000 579.458700
937.000000 578.711984
936.000000 578.100534
935.000000 577.581413
934.000000 576.959398
933.000000 576.109824
932.000000 575.352584
931.000000 574.855287
930.000000 574.108968
929.000000 573.362745
928.000000 572.865736
927.000000 572.108976
926.000000 571.259852
925.000000 570.627745
924.000000 569.995525
923.000000 569.135984
922.000000 568.276554
921.000000 567.644664
920.000000 567.012668
919.000000 566.142847
918.000000 565.180678
917.000000 564.414076
916.000000 563.917963
915.000000 563.162564
914.000000 562.314828
913.000000 561.684134
912.000000 561.053132
911.000000 560.183880
910.000000 559.201050
909.000000 558.218359
908.000000 557.349522
907.000000 556.719212
906.000000 556.089047
905.000000 555.220645
904.000000 554.238679
903.000000 553.256643
902.000000 552.377741
901.000000 551.634178
900.000000 550.755810
899.000000 549.785136
898.000000 548.907091
897.000000 548.164172
896.000000 547.286236
895.000000 546.305269
894.000000 545.313957
893.000000 544.333333
892.000000 543.456082
891.000000 542.714191
890.000000 541.837295
889.000000 540.857379
888.000000 539.866910
887.000000 538.876405
886.000000 537.886084
885.000000 536.896171
884.000000 535.917181
883.000000 535.041582
882.000000 534.301358
881.000000 533.426144
880.000000 532.447925
879.000000 531.459167
878.000000 530.470387
877.000000 529.481805
876.000000 528.493423
875.000000 527.505243
874.000220 526.517262
873.011176 525.529352
872.125331 524.540351
871.374669 523.549796
870.488824 522.561092
869.499780 521.573895
868.500000 520.587043
867.500000 519.600401
866.500000 518.613967
865.500000 517.627742
864.500000 516.641725
863.500000 515.655918
862.500220 514.670316
861.511176 513.684766
860.625331 512.697881
859.874669 511.709123
858.988824 510.722542
858.000000 509.737713
857.011176 508.753088
856.125331 507.767034
855.374669 506.778979
854.489045 505.793222
853.510955 504.809139
852.625551 503.823716
851.885845 502.836018
851.114155 501.848969
850.374669 500.861494
849.500000 499.876450
848.625111 498.891562
847.874669 497.904647
846.988824 496.920235
846.000220 495.937813
845.022351 494.955387
844.250662 493.969386
843.749338 492.978541
842.977649 491.992726
841.999780 491.010862
841.011396 490.029374
840.136506 489.045909
839.500000 488.058026
838.863494 487.070216
837.988824 486.087084
837.010955 485.106100
836.125551 484.123461
835.385845 483.138066
834.614155 482.153400
833.874669 481.168187
833.000000 480.185790
832.125551 479.203951
831.397461 478.241147
830.762278 477.504826
