617.165494 477.593674
616.587075 478.281295
615.847319 479.207658
614.999933 480.185922
614.150264 481.168687
613.378947 482.153263
612.620986 483.138202
611.847520 484.122931
610.973004 485.105787
610.029278 486.087434
609.179476 487.071042
608.500000 488.058026
607.820457 489.045093
606.968573 490.028997
606.002216 491.010900
605.058490 491.993393
604.300528 492.979454
603.699472 493.968478
602.941510 494.954735
601.997717 495.937776
601.029145 496.920553
600.150331 497.905085
599.352019 498.891165
598.500067 499.876451
597.650264 500.861918
596.878947 501.848853
596.120986 502.836132
595.347520 503.823270
594.472938 504.808875
593.526996 505.793481
592.650197 506.779377
591.849736 507.766639
590.970789 508.752806
590.000000 509.737713
589.029211 510.722817
588.150264 511.709499
587.349736 512.697510
586.470722 513.684499
585.497717 514.670286
584.499933 515.655917
583.500000 516.641725
582.500000 517.627742
581.500000 518.613967
580.500000 519.600401
579.500067 520.587044
578.502283 521.573922
577.529278 522.561325
576.650264 523.550112
575.849736 524.540039
574.970722 525.529129
573.997717 526.517237
572.999933 527.505242
572.000000 528.493423
571.000000 529.481805
570.000000 530.470387
569.000000 531.459100
568.000000 532.445862
567.000000 533.408041
566.000000 534.276425
565.000000 535.066516
564.000000 535.935284
563.000000 536.898233
562.000000 537.886151
561.000000 538.876405
560.000000 539.866843
559.000000 540.855317
558.000000 541.819193
557.000000 542.689258
556.000000 543.481016
555.000000 544.351436
554.000000 545.315953
553.000000 546.303273
552.000000 547.268133
551.000000 548.139239
550.000000 548.931957
549.000000 549.801177
548.000000 550.739769
547.000000 551.609311
546.000000 552.402674
545.000000 553.274679
544.000000 554.238612
543.000000 555.200547
542.000000 556.046010
541.000000 556.719212
540.000000 557.392559
539.000000 558.238457
538.000000 559.201050
537.000000 560.163782
536.000000 561.010096
535.000000 561.684000
534.000000 562.353739
533.000000 563.146524
532.000000 563.870226
531.000000 564.463943
530.000000 565.214755
529.000000 566.126806
528.000000 566.969766
527.000000 567.644597
526.000000 568.317461
525.000000 569.135984
524.000000 569.954618
523.000000 570.627679
522.000000 571.298763
521.000000 572.092935
520.000000 572.817865
519.000000 573.408553
518.000000 574.108968
517.000000 574.809479
516.000000 575.400455
515.000000 576.125797
514.000000 576.918425
513.000000 577.563377
512.000000 578.116507
511.000000 578.736917
510.000000 579.435829
509.000000 580.081048
508.000000 580.726412
507.000000 581.427709
506.000000 582.073226
505.000000 582.718750
504.000000 583.418051
503.000000 584.036788
502.000000 584.561603
501.000000 585.063855
500.000000 585.588802
499.000000 586.207736
498.000000 586.905285
497.000000 587.526490
496.000000 588.076395
495.000000 588.670789
494.000000 589.247652
493.000000 589.669613
492.000000 590.098820
491.000000 590.668583
490.000000 591.268220
489.000000 591.784309
488.000000 592.292202
487.000000 592.783672
486.000000 593.289508
485.000000 593.781001
484.000000 594.286924
483.000000 594.778501
482.000000 595.284506
481.000000 595.776163
480.000000 596.282112
479.000000 596.769547
478.000000 597.226076
477.000000 597.527751
476.000000 597.852090
475.000000 598.402645
474.000000 598.968736
473.000000 599.396303
472.000000 599.789980
471.000000 600.221887
470.000000 600.519482
469.000000 600.819187
468.000000 601.275957
467.000000 601.763761
466.000000 602.270074
465.000000 602.760077
464.000000 603.241726
463.000000 603.635635
462.000000 604.014063
461.000000 604.392378
460.000000 604.782054
459.000000 605.214117
458.000000 605.511924
457.000000 605.809683
456.000000 606.239653
455.000000 606.604576
454.000000 606.886816
453.000000 607.159865
452.000000 607.509266
451.000000 607.858683
450.000000 608.131777
449.000000 608.414094
448.000000 608.779058
447.000000 609.207016
446.000000 609.480098
445.000000 609.681899
444.000000 610.008711
443.000000 610.356084
442.000000 610.627063
441.000000 610.884699
440.000000 611.155766
439.000000 611.505330
438.000000 611.856985
437.000000 612.152794
436.000000 612.502252
435.000000 612.824856
434.000000 612.974993
433.000000 613.033229
432.000000 613.183381
431.000000 613.505950
430.000000 613.853306
429.000000 614.124331
428.000000 614.379859
427.000000 614.623968
426.000000 614.850431
425.000000 614.975716
424.000000 615.029714
423.000000 615.155077
422.000000 615.383711
421.000000 615.652633
420.000000 616.002195
419.000000 616.351762
418.000000 616.620699
417.000000 616.849356
416.000000 616.974751
415.000000 617.028723
414.000000 617.151910
413.000000 617.353587
412.000000 617.501494
411.000000 617.649404
410.000000 617.851024
409.000000 617.972078
408.000000 618.001228
407.000000 618.030447
406.000000 618.153659
405.000000 618.380072
404.000000 618.621992
403.000000 618.848410
402.000000 618.971632
401.000000 619.000866
400.000000 619.030034
399.000000 619.151113
398.000000 619.352762
397.000000 619.500706
396.000000 619.648653
395.000000 619.850307
394.000000 619.971394
393.000000 620.000575
392.000000 620.029758
391.000000 620.150850
390.000000 620.352511
389.000000 620.500467
388.000000 620.648425
387.000000 620.850089
386.000000 620.971121
385.000000 620.998096
384.000000 621.000359
383.000000 621.002623
382.000000 621.029668
381.000000 621.152853
380.000000 621.379304
379.000000 621.621260
378.000000 621.847713
377.000000 621.970901
376.000000 621.997951
375.000000 622.000154
374.000000 622.000276
373.000000 622.002481
372.000000 622.029533
371.000000 622.152724
370.000000 622.379182
369.000000 622.621145
368.000000 622.847603
367.000000 622.970797
366.000000 622.997852
365.000000 623.000060
364.000000 623.000120
363.000000 623.000181
362.000000 623.002390
361.000000 623.029380
360.000000 623.150293
359.000000 623.347544
358.000000 623.441529
357.000000 623.347534
356.000000 623.150273
355.000000 623.029350
354.000000 623.002351
353.000000 623.000131
352.000000 623.000061
351.000000 623.000057
350.000000 622.999987
349.000000 622.997701
348.000000 622.968487
347.000000 622.820503
346.000000 622.500043
345.000000 622.179583
344.000000 622.031599
343.000000 622.002385
342.000000 622.000100
341.000000 622.000032
340.000000 622.000030
339.000000 621.999894
338.000000 621.995461
337.000000 621.941468
336.000000 621.699495
335.000000 621.300550
334.000000 621.058578
333.000000 621.004585
332.000000 621.000152
331.000000 621.000017
330.000000 620.999949
329.000000 620.997665
328.000000 620.968453
327.000000 620.820471
326.000000 620.500013
325.000000 620.179554
324.000000 620.031572
323.000000 620.002360
322.000000 619.999943
321.000000 619.995444
320.000000 619.941452
319.000000 619.699480
318.000000 619.300536
317.000000 619.058564
316.000000 619.004572
315.000000 619.000140
314.000000 618.999939
313.000000 618.997656
312.000000 618.968444
311.000000 618.820462
310.000000 618.500005
309.000000 618.179547
308.000000 618.031565
307.000000 618.002287
306.000000 617.997721
305.000000 617.968442
304.000000 617.820461
303.000000 617.499936
302.000000 617.177262
301.000000 617.002285
300.000000 616.852021
299.000000 616.648050
298.000000 616.499935
297.000000 616.349671
296.000000 616.118772
295.000000 615.849738
294.000000 615.502284
293.000000 615.179544
292.000000 615.029280
291.000000 614.973006
290.000000 614.847521
289.000000 614.620920
288.000000 614.376732
287.000000 614.123203
286.000000 613.876799
285.000000 613.623203
284.000000 613.376799
283.000000 613.123202
282.000000 612.876799
281.000000 612.623269
280.000000 612.379015
279.000000 612.150198
278.000000 611.997718
277.000000 611.820458
276.000000 611.470722
275.000000 611.026996
274.000000 610.652480
273.000000 610.379082
272.000000 610.123269
271.000000 609.876732
270.000000 609.620986
269.000000 609.349736
268.000000 608.999933
267.000000 608.647982
266.000000 608.349736
265.000000 607.973005
264.000000 607.526996
263.000000 607.150264
262.000000 606.852019
261.000000 606.500000
260.000000 606.148048
259.000000 605.851952
258.000000 605.500000
257.000000 605.147981
256.000000 604.849736
255.000000 604.473005
254.000000 604.026996
253.000000 603.650197
252.000000 603.349736
251.000000 602.970722
250.000000 602.497784
249.000000 602.002216
248.000000 601.529278
247.000000 601.150264
246.000000 600.849736
245.000000 600.470722
244.000000 599.997784
243.000000 599.502149
242.000000 599.027063
241.000000 598.623202
240.000000 598.226467
239.000000 597.742038
238.000000 597.228750
237.000000 596.652413
236.000000 596.175111
235.000000 595.824889
234.000000 595.347520
233.000000 594.768967
232.000000 594.228750
231.000000 593.625485
230.000000 593.054125
229.000000 592.625418
228.000000 592.226601
227.000000 591.744187
226.000000 591.253530
225.000000 590.746403
224.000000 590.253530
223.000000 589.744187
222.000000 589.226534
221.000000 588.623202
220.000000 588.026996
219.000000 587.500000
218.000000 586.973004
217.000000 586.376731
216.000000 585.771250
215.000000 585.228683
214.000000 584.620986
213.000000 583.997784
212.000000 583.351885
211.000000 582.648048
210.000000 582.000000
209.000000 581.352019
208.000000 580.650264
207.000000 580.026996
206.000000 579.473004
205.000000 578.849736
204.000000 578.147981
203.000000 577.500000
202.000000 576.851952
201.000000 576.148048
200.000000 575.500000
199.000000 574.851952
198.000000 574.147981
197.000000 573.497717
196.000000 572.822673
195.000000 571.997784
194.000000 571.150264
193.000000 570.381230
192.000000 569.650264
191.000000 568.997717
190.000000 568.320457
189.000000 567.470789
188.000000 566.529211
187.000000 565.679476
186.000000 565.000000
185.000000 564.320524
184.000000 563.470722
183.000000 562.526929
182.000000 561.650264
181.000000 560.852019
180.000000 560.000000
179.000000 559.148048
178.000000 558.351952
177.000000 557.500000
176.000000 556.647981
175.000000 555.849669
174.000000 554.970722
173.000000 553.997717
172.000000 552.999933
171.000000 552.000067
170.000000 551.002283
169.000000 550.029278
168.000000 549.150264
167.000000 548.349736
166.000000 547.470789
165.000000 546.500000
164.000000 545.529211
163.000000 544.650264
162.000067 543.849736
161.002283 542.970722
160.029278 541.997717
159.150264 540.999933
158.349736 540.000000
157.470722 539.000000
156.497717 538.000000
155.499933 537.000000
154.500000 536.000000
153.500067 535.000000
152.502283 534.000000
151.529278 533.000000
150.650331 532.000000
149.852019 531.000000
149.000000 530.000000
148.147981 529.000000
147.349736 528.000000
146.473004 527.000000
145.527062 526.000000
144.652480 525.000000
143.879014 524.000000
143.121053 523.000000
142.349803 522.000000
141.502216 521.000000
140.677260 520.000000
140.000067 519.000000
139.325023 518.000000
138.526996 517.000000
137.798179 516.000000
137.199539 515.000000
136.446009 514.000000
135.553991 513.000000
134.800461 512.000000
134.201821 511.000000
133.473004 510.000000
132.675044 509.000000
132.002216 508.000000
131.352019 507.000000
130.648048 506.000000
129.999933 505.000000
129.349736 504.000000
128.621053 503.000000
127.879014 502.000000
127.152547 501.000000
126.529278 500.000000
126.000000 499.000000
125.470789 498.000000
124.849669 497.000000
124.147981 496.000000
123.500000 495.000000
122.852019 494.000000
122.150331 493.000000
121.529278 492.000000
121.002216 491.000000
120.497851 490.000000
119.972938 489.000000
119.376731 488.000000
118.771250 487.000000
118.228750 486.000000
117.623269 485.000000
117.027062 484.000000
116.502149 483.000000
115.997851 482.000000
115.472938 481.000000
114.876798 480.000000
114.273466 479.000000
113.755813 478.000000
113.246470 477.000000
112.753597 476.000000
112.246470 475.000000
111.755813 474.000000
111.273466 473.000000
110.876798 472.000000
110.473004 471.000000
110.000000 470.000000
109.526996 469.000000
109.123202 468.000000
108.726534 467.000000
108.244187 466.000000
107.753530 465.000000
107.246470 464.000000
106.755813 463.000000
106.273533 462.000000
105.879081 461.000000
105.502216 460.000000
105.148115 459.000000
104.851885 458.000000
104.497784 457.000000
104.120986 456.000000
103.728683 455.000000
103.271317 454.000000
102.878947 453.000000
102.500000 452.000000
102.121053 451.000000
101.728683 450.000000
101.271317 449.000000
100.879014 448.000000
100.502216 447.000000
100.148115 446.000000
99.851885 445.000000
99.497784 444.000000
99.121053 443.000000
98.730966 442.000000
98.300528 441.000000
98.027062 440.000000
97.825023 439.000000
97.500067 438.000000
97.177193 437.000000
97.000000 436.000000
96.822740 435.000000
96.497717 434.000000
96.147981 433.000000
95.852019 432.000000
95.502350 431.000000
95.179543 430.000000
95.029211 429.000000
94.970789 428.000000
94.820457 427.000000
94.497650 426.000000
94.147981 425.000000
93.852019 424.000000
93.502350 423.000000
93.179609 422.000000
93.031494 421.000000
93.000000 420.000000
92.968506 419.000000
92.820457 418.000000
92.500000 417.000000
92.179409 416.000000
92.026996 415.000000
91.943793 414.000000
91.699539 413.000000
91.300461 412.000000
91.056274 411.000000
90.975220 410.000000
90.847587 409.000000
90.620986 408.000000
90.379014 407.000000
90.152480 406.000000
90.027062 405.000000
89.972938 404.000000
89.847520 403.000000
89.620986 402.000000
89.379014 401.000000
89.152547 400.000000
89.029278 399.000000
89.000000 398.000000
88.970722 397.000000
88.847453 396.000000
88.620986 395.000000
88.379014 394.000000
88.152547 393.000000
88.029345 392.000000
88.002216 391.000000
87.997784 390.000000
87.970655 389.000000
87.847453 388.000000
87.620986 387.000000
87.379014 386.000000
87.152547 385.000000
87.029278 384.000000
87.000000 383.000000
86.970789 382.000000
86.849669 381.000000
86.647981 380.000000
86.500000 379.000000
86.352019 378.000000
86.150331 377.000000
86.029278 376.000000
86.002216 375.000000
85.997784 374.000000
85.970722 373.000000
85.849736 372.000000
85.650197 371.000000
85.526996 370.000000
85.473004 369.000000
85.349803 368.000000
85.150264 367.000000
85.029211 366.000000
85.000000 365.000000
84.970789 364.000000
84.849736 363.000000
84.650264 362.000000
84.529278 361.000000
84.502216 360.000000
84.497784 359.000000
84.470722 358.000000
84.349736 357.000000
84.150264 356.000000
84.029345 355.000000
84.004566 354.000000
84.029345 353.000000
84.150264 352.000000
84.349736 351.000000
84.470722 350.000000
84.497717 349.000000
84.499933 348.000000
84.500000 347.000000
84.500000 346.000000
84.500067 345.000000
84.502350 344.000000
84.531561 343.000000
84.679543 342.000000
85.000000 341.000000
85.320457 340.000000
85.468439 339.000000
85.497650 338.000000
85.499933 337.000000
85.500067 336.000000
85.502283 335.000000
85.529345 334.000000
85.652547 333.000000
85.879014 332.000000
86.120986 331.000000
86.347453 330.000000
86.470655 329.000000
86.497717 328.000000
86.500000 327.000000
86.502350 326.000000
86.531561 325.000000
86.679543 324.000000
87.000000 323.000000
87.320457 322.000000
87.468439 321.000000
87.497717 320.000000
87.502283 319.000000
87.531561 318.000000
87.679543 317.000000
88.000000 316.000000
88.320457 315.000000
88.468439 314.000000
88.497650 313.000000
88.500067 312.000000
88.504566 311.000000
88.558557 310.000000
88.800528 309.000000
89.199472 308.000000
89.441443 307.000000
89.495434 306.000000
89.499933 305.000000
89.502350 304.000000
89.531561 303.000000
89.679543 302.000000
90.000000 301.000000
90.320457 300.000000
90.468506 299.000000
90.500000 298.000000
90.531494 297.000000
90.679609 296.000000
91.002350 295.000000
91.352019 294.000000
91.647981 293.000000
91.997650 292.000000
92.320391 291.000000
92.468439 290.000000
92.497784 289.000000
92.504499 288.000000
92.558557 287.000000
92.800528 286.000000
93.199539 285.000000
93.443726 284.000000
93.524780 283.000000
93.652413 282.000000
93.879081 281.000000
94.123335 280.000000
94.379014 279.000000
94.650264 278.000000
95.000000 277.000000
95.349736 276.000000
95.620986 275.000000
95.876731 274.000000
96.123202 273.000000
96.376798 272.000000
96.623202 271.000000
96.876865 270.000000
97.125484 269.000000
97.406077 268.000000
97.773466 267.000000
98.226534 266.000000
98.593990 265.000000
98.876731 264.000000
99.150197 263.000000
99.500000 262.000000
99.849803 261.000000
100.123269 260.000000
100.406010 259.000000
100.773533 258.000000
101.228817 257.000000
101.623202 256.000000
102.024713 255.000000
102.470722 254.000000
102.822740 253.000000
103.026996 252.000000
103.300528 251.000000
103.731033 250.000000
104.123335 249.000000
104.526996 248.000000
105.000000 247.000000
105.473071 246.000000
105.879014 245.000000
106.300461 244.000000
106.876798 243.000000
107.445942 242.000000
107.874516 241.000000
108.271183 240.000000
108.728750 239.000000
109.123269 238.000000
109.527062 237.000000
110.002216 236.000000
110.500000 235.000000
110.997784 234.000000
111.473004 233.000000
111.879014 232.000000
112.300528 231.000000
112.879014 230.000000
113.473004 229.000000
113.997784 228.000000
114.499933 227.000000
115.000000 226.000000
115.500067 225.000000
116.002283 224.000000
116.529278 223.000000
117.150264 222.000000
117.849736 221.000000
118.470722 220.000000
118.997717 219.000000
119.500000 218.000000
120.002283 217.000000
120.529278 216.000000
121.150331 215.000000
121.851952 214.000000
122.497784 213.000000
123.120986 212.000000
123.728750 211.000000
124.273533 210.000000
124.906010 209.000000
125.623202 208.000000
126.347587 207.000000
126.972938 206.000000
127.526996 205.000000
128.150264 204.000000
128.852019 203.000000
129.500000 202.000000
130.148048 201.000000
130.852019 200.000000
131.502216 199.000000
132.175044 198.000000
132.973004 197.000000
133.701755 196.000000
134.298312 195.000000
135.029211 194.000000
135.852019 193.000000
136.621120 192.000000
137.378947 191.000000
138.150264 190.000000
139.000000 189.000000
139.849736 188.000000
140.621053 187.000000
141.379014 186.000000
142.152547 185.000000
143.029278 184.000000
144.000000 183.000000
144.970722 182.000000
145.847453 181.000000
146.620986 180.000000
147.378947 179.000000
148.150264 178.000000
149.000067 177.000000
149.851952 176.000000
150.648048 175.000000
151.500000 174.000000
152.352019 173.000000
153.150331 172.000000
154.029278 171.000000
155.002283 170.000000
156.000067 169.000000
157.000000 168.000000
158.000000 167.000000
158.999933 166.000000
159.997717 165.000000
160.970722 164.000067
161.849736 163.002283
162.650264 162.029278
163.529278 161.150264
164.502283 160.349736
165.500067 159.470722
166.500000 158.497717
167.500000 157.499933
168.500000 156.500000
169.500000 155.500067
170.500000 154.502283
171.500000 153.529278
172.500000 152.650264
173.500000 151.849803
174.500000 150.973004
175.500000 150.027062
176.500000 149.152480
177.500000 148.379014
178.500000 147.620986
179.500000 146.847520
180.500000 145.972938
181.500000 145.027062
182.500000 144.152480
183.500000 143.379081
184.500000 142.623269
185.500000 141.876798
186.500000 141.123202
187.500000 140.376731
188.500000 139.620986
189.500000 138.849736
190.500000 138.000000
191.500000 137.150264
192.500000 136.378947
193.500000 135.621120
194.500000 134.852019
195.500000 134.029211
196.500000 133.298245
197.500000 132.699539
198.500000 131.946009
199.500000 131.054058
200.500000 130.302744
201.500000 129.731100
202.500000 129.123335
203.500000 128.526996
204.500000 127.999933
205.500000 127.470789
206.500000 126.849669
207.500000 126.147981
208.500000 125.500000
209.500000 124.851952
210.500000 124.148115
211.500000 123.502216
212.500000 122.879014
213.500000 122.271317
214.500000 121.728683
215.500000 121.121053
216.500000 120.500000
217.500000 119.878947
218.500000 119.271317
219.500000 118.728750
220.500000 118.123269
221.500000 117.526996
222.500000 117.000000
223.500000 116.473004
224.500000 115.876798
225.500000 115.273533
226.500000 114.758029
227.500000 114.273533
228.500000 113.876731
229.500000 113.470655
230.500000 112.968573
231.500000 112.351885
232.500000 111.677327
233.500000 111.152480
234.500000 110.728817
235.500000 110.244321
236.500000 109.755746
237.500000 109.273466
238.500000 108.876798
239.500000 108.472938
240.500000 107.997851
241.500000 107.502216
242.500000 107.029212
243.500000 106.647981
244.500000 106.320524
245.500000 105.822740
246.500000 105.177260
247.500000 104.679543
248.500000 104.354235
249.500000 103.997851
250.500000 103.620986
251.500000 103.228683
252.500000 102.771317
253.500000 102.379014
254.500000 102.002216
255.500000 101.648048
256.500000 101.349669
257.500000 100.970789
258.500000 100.499933
259.500000 100.026996
260.500000 99.623336
261.500000 99.231100
262.500000 98.802744
263.500000 98.554058
264.500000 98.446009
265.500000 98.199472
266.500000 97.795963
267.500000 97.499933
268.500000 97.201688
269.500000 96.769101
270.500000 96.379015
271.500000 96.004499
272.500000 95.677327
273.500000 95.500000
274.500000 95.322808
275.500000 94.999934
276.500000 94.674977
277.500000 94.473005
278.500000 94.201688
279.500000 93.796030
280.500000 93.500001
281.500000 93.203971
282.500000 92.798380
283.500000 92.529212
284.500000 92.352020
285.500000 92.121120
286.500000 91.878881
287.500000 91.647982
288.500000 91.470790
289.500000 91.201756
290.500000 90.800530
291.500000 90.556275
292.500000 90.475222
293.500000 90.347588
294.500000 90.120987
295.500000 89.879016
296.500000 89.652482
297.500000 89.527064
298.500000 89.472940
299.500000 89.347522
300.500000 89.120988
301.500000 88.878950
302.500000 88.650200
303.500000 88.497787
304.500000 88.322744
305.500000 88.000070
306.500000 87.679479
307.500000 87.529282
308.500000 87.473076
309.500000 87.349740
310.500000 87.147986
311.500000 87.000005
312.500000 86.852024
313.500000 86.650270
314.500000 86.527002
315.500000 86.473011
316.500000 86.349810
317.500000 86.150205
318.500000 86.027003
319.500000 85.973013
320.500000 85.849745
321.500000 85.647991
322.500000 85.500010
323.500000 85.352030
324.500000 85.150343
325.500000 85.029291
326.500000 85.002229
327.500000 84.997798
328.500000 84.970736
329.500000 84.849685
330.500000 84.647998
331.500000 84.500018
332.500000 84.352038
333.500000 84.150351
334.500000 84.029300
335.500000 84.002239
336.500000 83.997808
337.500000 83.970747
338.500000 83.849696
339.500000 83.648010
340.500000 83.500031
341.500000 83.352051
342.500000 83.150366
343.500000 83.029315
344.500000 83.002322
345.500000 83.000108
346.500000 83.000044
347.500000 82.999980
348.500000 82.997766
349.500000 82.970707
350.499933 82.847508
351.497650 82.621044
352.468372 82.379076
353.318108 82.152612
354.531628 82.000137
355.502350 80.000074
356.500067 82.000078
357.500000 82.000083
358.500000 82.000088
359.500000 82.000093
360.500000 82.000099
361.500000 82.000104
362.500000 82.000110
363.500000 82.000117
364.500000 82.000124
365.500000 82.000198
366.500000 82.002421
367.500000 82.029492
368.500000 82.152702
369.500000 82.379178
370.500000 82.621158
371.500000 82.847635
372.500000 82.970847
373.500000 82.997921
374.500000 83.000148
375.500000 83.000227
376.500000 83.000307
377.500000 83.002536
378.500000 83.029613
379.500000 83.152829
380.500000 83.379312
381.500000 83.621300
382.500000 83.847784
383.500000 83.971004
384.500000 83.998086
385.500000 84.000322
386.500000 84.000477
387.500000 84.002782
388.500000 84.032016
389.500000 84.180022
390.500000 84.500505
391.500000 84.820990
392.500000 84.968999
393.500000 84.998240
394.500000 85.000621
395.500000 85.002937
396.500000 85.030034
397.500000 85.153272
398.500000 85.379777
399.500000 85.621788
400.500000 85.848297
401.500000 85.971542
402.500000 85.998718
403.500000 86.003197
404.500000 86.030310
405.500000 86.151416
406.500000 86.353159
407.500000 86.501198
408.500000 86.649240
409.500000 86.851058
410.500000 86.974393
411.500000 87.028453
412.500000 87.151795
413.500000 87.353693
414.500000 87.503970
415.500000 87.679030
416.500000 88.001857
417.500000 88.324689
418.500000 88.499761
419.500000 88.650125
420.500000 88.854200
421.500000 89.002424
422.500000 89.152802
423.500000 89.383820
424.500000 89.652978
425.500000 90.000628
426.500000 90.325653
427.500000 90.500838
428.500000 90.651250
429.500000 90.855375
430.500000 91.003584
431.500000 91.151867
432.500000 91.358162
433.500000 91.533388
434.500000 91.802613
435.500000 92.206187
436.500000 92.475495
437.500000 92.652903
438.500000 92.884027
439.500000 93.126501
440.500000 93.357644
441.500000 93.535158
442.500000 93.806673
443.500000 94.235170
444.500000 94.600698
445.500000 94.881522
446.500000 95.130519
447.500000 95.386655
448.500000 95.658309
449.500000 96.010611
450.500000 96.387707
451.500000 96.780388
452.500000 97.238148
453.500000 97.630793
454.500000 98.005868
455.500000 98.335631
456.500000 98.538264
457.500000 98.812207
458.500000 99.243140
459.500000 99.633741
460.500000 100.011007
461.500000 100.365730
462.500000 100.664685
463.500000 101.044163
464.500000 101.515571
465.500000 101.987003
466.500000 102.366550
467.500000 102.665621
468.500000 103.020506
469.500000 103.398048
470.500000 103.791121
471.500000 104.249286
472.500000 104.642483
473.500000 105.022287
474.500000 105.402189
475.500000 105.797627
476.500000 106.280859
477.500000 106.772502
478.500000 107.280582
479.500000 107.772295
480.500000 108.255734
481.500000 108.653531
482.500000 109.058561
483.500000 109.534923
484.500000 110.034024
485.500000 110.535249
486.500000 111.036585
487.500000 111.537898
488.500000 112.037175
489.500000 112.513869
490.500000 112.921400
491.500000 113.344486
492.500000 113.924594
493.500000 114.520327
494.500000 115.048985
495.500000 115.577765
496.500000 116.175812
497.500000 116.781044
498.500000 117.300723
499.500000 117.814235
500.500000 118.333972
501.500000 118.937303
502.500000 119.510943
503.500000 119.946230
504.500000 120.397090
505.500000 121.074271
506.500000 121.776237
507.500000 122.346152
508.500000 122.958577
509.500000 123.582419
510.500000 124.206274
511.500000 124.816789
512.500000 125.362390
513.500000 125.973140
514.500000 126.599481
515.500000 127.248542
516.500000 127.953483
517.500000 128.578015
518.500000 129.110801
519.500000 129.645766
520.500000 130.295368
521.500000 131.094917
522.500000 131.827507
523.500000 132.428010
524.500000 133.160879
525.500000 133.963135
526.500000 134.642452
527.500000 135.321882
528.500000 136.124478
529.500000 136.857981
530.500000 137.461494
531.500000 138.222101
532.500000 139.143950
533.500000 139.996716
534.500000 140.681432
535.500000 141.366345
536.500000 142.221719
537.500000 143.171150
538.500000 144.051509
539.500000 144.830957
540.500000 145.595043
541.500000 146.372561
542.500000 147.226563
543.500000 148.058081
544.500000 148.742121
545.500000 149.428462
546.500000 150.287367
547.500000 151.260901
548.500000 152.211963
549.500000 152.977422
550.500000 153.586139
551.500000 154.351993
552.500000 155.305928
553.500000 156.307376
554.500000 157.286364
555.500000 158.146890
556.500000 158.835048
557.500000 159.521234
558.500000 160.355296
559.500000 161.214318
560.500000 162.021965
561.500000 162.910433
562.500000 163.890994
563.500000 164.871743
564.500000 165.760841
565.500000 166.571710
566.500000 167.461258
567.500000 168.444991
568.500000 169.453699
569.500000 170.464752
570.500000 171.476071
571.500000 172.487589
572.500000 173.499308
573.500000 174.511229
574.500000 175.523352
575.500000 176.535679
576.500000 177.548211
577.500000 178.560949
578.500000 179.573892
579.500000 180.587043
580.500000 181.600401
581.500000 182.613967
582.500000 183.627742
583.499933 184.641724
584.497717 185.655885
585.470655 186.669894
586.347453 187.682688
587.120986 188.694108
587.879014 189.705421
588.652547 190.717090
589.529278 191.730466
590.500000 192.745462
591.470789 193.760656
592.349669 194.774579
593.147981 195.787365
594.000000 196.801156
594.852019 197.815095
595.650331 198.828291
596.529211 199.842969
597.500000 200.859363
598.470789 201.875948
599.349669 202.891125
600.147981 203.905043
601.000000 204.920038
601.851952 205.935173
602.648048 206.949443
603.500000 207.964850
604.352019 208.980398
605.150264 209.995088
606.026996 211.011362
606.973004 212.029080
607.849736 213.045648
608.647981 214.060854
609.500000 215.077210
610.351952 216.093692
611.148048 217.109208
612.000000 218.125933
612.852019 219.142782
613.650264 220.158677
614.526996 221.176255
615.472938 222.195359
616.347520 223.213146
617.120986 224.228975
617.879014 225.244576
618.652480 226.260582
619.526996 227.278783
620.470722 228.298545
621.320524 229.316445
622.000000 230.330826
622.679543 231.345269
623.531427 232.363457
624.497784 233.384198
625.441510 234.404559
626.199472 235.420986
626.800528 236.434057
627.558557 237.450597
628.504432 238.471318
629.495568 239.493125
630.441443 240.514020
631.199472 241.530822
631.800528 242.544178
632.558557 243.561063
633.504499 244.582194
634.497851 245.604451
635.470655 246.626307
636.347453 247.646053
637.120986 248.663506
637.879014 249.680637
638.652547 250.698143
639.529278 251.718010
640.499933 252.740034
641.468506 253.762032
642.320457 254.781397
643.000000 255.796848
643.679476 256.812302
644.529278 257.831630
645.473004 258.853092
646.347520 259.872971
647.120986 260.890542
647.879014 261.907750
648.652547 262.925293
649.529278 263.945151
650.500000 264.967102
651.470722 265.989008
652.347453 267.008748
653.120986 268.026125
653.879014 269.043115
654.652480 270.060406
655.527062 271.079900
656.472938 272.100908
657.347520 273.120258
658.120986 274.137306
658.879014 275.153952
659.652480 276.170869
660.526996 277.189910
661.470722 278.210349
662.320524 279.228652
663.000000 280.243213
663.679543 281.257708
664.531427 282.275779
665.497784 283.296138
666.441510 284.315871
667.199472 285.331607
667.800528 286.344012
668.558557 287.359560
669.504566 288.378810
670.500134 289.398876
671.500000 290.418821
672.500000 291.438554
673.500000 292.457997
674.500000 293.475060
675.500000 294.467037
676.500000 295.362495
677.500000 296.150068
678.500000 296.870099
679.500000 297.390389
680.500000 297.735642
681.500000 298.132101
682.500000 298.595330
683.500000 298.988981
684.500000 299.305922
685.500000 299.698953
686.500000 300.160874
687.500000 300.553257
688.500000 300.868901
689.500000 301.260608
690.500000 301.721178
691.500000 302.112116
692.500000 302.424208
693.500000 302.789707
694.500000 303.154833
695.500000 303.465874
696.500000 303.857100
697.500000 304.339844
698.500000 304.822193
699.500000 305.212233
700.500000 305.521300
701.500000 305.883663
702.500000 306.245545
703.500000 306.551151
704.500000 306.912190
705.500000 307.272800
706.500000 307.577123
707.500000 307.936865
708.500000 308.296235
709.500000 308.601456
710.500000 308.986799
711.500000 309.463602
712.500000 309.939952
713.500000 310.323940
714.500000 310.626903
715.500000 310.983114
716.500000 311.338864
717.500000 311.640378
718.500000 312.019914
719.500000 312.468262
720.500000 312.846866
721.500000 313.146383
722.500000 313.494773
723.500000 313.788771
724.500000 313.788771
725.500000 313.494773
726.500000 313.146383
727.500000 312.846866
728.500000 312.468262
729.500000 312.019914
730.500000 311.640378
731.500000 311.338864
732.500000 310.983114
733.500000 310.626903
734.500000 310.323940
735.500000 309.939952
736.500000 309.463602
737.500000 308.986799
738.500000 308.601456
739.500000 308.296235
740.500000 307.936865
741.500000 307.577123
742.500000 307.272800
743.500000 306.912190
744.500000 306.551151
745.500000 306.245545
746.500000 305.883663
747.500000 305.521300
748.500000 305.212233
749.500000 304.822193
750.500000 304.339844
751.500000 303.857100
752.500000 303.465874
753.500000 303.154833
754.500000 302.789707
755.500000 302.424208
756.500000 302.112116
757.500000 301.721178
758.500000 301.260608
759.500000 300.868901
760.500000 300.553257
761.500000 300.160874
762.500000 299.698953
763.500000 299.305922
764.500000 298.988981
765.500000 298.595330
766.500000 298.132101
767.500000 297.735642
768.500000 297.390389
769.500000 296.870099
770.500000 296.150068
771.500000 295.362495
772.500000 294.467037
773.500000 293.475060
774.500000 292.457997
775.500000 291.438554
776.500000 290.418821
777.499866 289.398876
778.495434 288.378810
779.441443 287.359560
780.199472 286.344012
780.800528 285.331607
781.558490 284.315871
782.502216 283.296138
783.468573 282.275779
784.320457 281.257708
785.000000 280.243213
785.679476 279.228652
786.529278 278.210349
787.473004 277.189910
788.347520 276.170869
789.120986 275.153952
789.879014 274.137306
790.652480 273.120258
791.527062 272.100908
792.472938 271.079900
793.347520 270.060406
794.120986 269.043115
794.879014 268.026125
795.652547 267.008748
796.529278 265.989008
797.500000 264.967102
798.470722 263.945151
799.347453 262.925293
800.120986 261.907750
800.879014 260.890542
801.652480 259.872971
802.526996 258.853092
803.470722 257.831630
804.320524 256.812302
805.000000 255.796848
805.679543 254.781397
806.531494 253.762032
807.500067 252.740034
808.470722 251.718010
809.347453 250.698143
810.120986 249.680637
810.879014 248.663506
811.652547 247.646053
812.529345 246.626307
813.502149 245.604451
814.495501 244.582194
815.441443 243.561063
816.199472 242.544178
816.800528 241.530822
817.558557 240.514020
818.504432 239.493125
819.495568 238.471318
820.441443 237.450597
821.199472 236.434057
821.800528 235.420986
822.558490 234.404559
823.502216 233.384198
824.468573 232.363457
825.320457 231.345269
826.000000 230.330826
826.679476 229.316445
827.529278 228.298545
828.473004 227.278783
829.347520 226.260582
830.120986 225.244576
830.879014 224.228975
831.652480 223.213146
832.527062 222.195359
833.473004 221.176255
834.349736 220.158677
835.147981 219.142782
836.000000 218.125933
836.851952 217.109208
837.648048 216.093692
838.500000 215.077210
839.352019 214.060854
840.150264 213.045648
841.026996 212.029080
841.973004 211.011362
842.849736 209.995088
843.647981 208.980398
844.500000 207.964850
845.351952 206.949443
846.148048 205.935173
847.000000 204.920038
847.852019 203.905043
848.650331 202.891125
849.529211 201.875948
850.500000 200.859363
851.470789 199.842969
852.349669 198.828291
853.147981 197.815095
854.000000 196.801156
854.852019 195.787365
855.650331 194.774579
856.529211 193.760656
857.500000 192.745462
858.470722 191.730466
859.347453 190.717090
860.120986 189.705421
860.879014 188.694108
861.652547 187.682688
862.529345 186.669894
863.502283 185.655885
864.500067 184.641724
865.500000 183.627742
866.500000 182.613967
867.500000 181.600401
868.500000 180.587043
869.500000 179.573892
870.500000 178.560949
871.500000 177.548211
872.500000 176.535679
873.500000 175.523352
874.500000 174.511229
875.500000 173.499308
876.500000 172.487589
877.500000 171.476071
878.500000 170.464752
879.500000 169.453699
880.500000 168.444991
881.500000 167.461258
882.500000 166.571710
883.500000 165.760841
884.500000 164.871743
885.500000 163.890994
886.500000 162.910433
887.500000 162.021965
888.500000 161.214318
889.500000 160.355296
890.500000 159.521234
891.500000 158.835048
892.500000 158.146890
893.500000 157.286364
894.500000 156.307376
895.500000 155.305928
896.500000 154.351993
897.500000 153.586139
898.500000 152.977422
899.500000 152.211963
900.500000 151.260901
901.500000 150.287367
902.500000 149.428462
903.500000 148.742121
904.500000 148.058081
905.500000 147.226563
906.500000 146.372561
907.500000 145.595043
908.500000 144.830957
909.500000 144.051509
910.500000 143.171150
911.500000 142.221719
912.500000 141.366345
913.500000 140.681432
914.500000 139.996716
915.500000 139.143950
916.500000 138.222101
917.500000 137.461494
918.500000 136.857981
919.500000 136.124478
920.500000 135.321882
921.500000 134.642452
922.500000 133.963135
923.500000 133.160879
924.500000 132.428010
925.500000 131.827507
926.500000 131.094917
927.500000 130.295368
928.500000 129.645766
929.500000 129.110801
930.500000 128.578015
931.500000 127.953483
932.500000 127.248542
933.500000 126.599481
934.500000 125.973140
935.500000 125.362390
936.500000 124.816789
937.500000 124.206274
938.500000 123.582419
939.500000 122.958577
940.500000 122.346152
941.500000 121.776237
942.500000 121.074271
943.500000 120.397090
944.500000 119.946230
945.500000 119.510943
946.500000 118.937303
947.500000 118.333972
948.500000 117.814235
949.500000 117.300723
950.500000 116.781044
951.500000 116.175812
952.500000 115.577765
953.500000 115.048985
954.500000 114.520327
955.500000 113.924594
956.500000 113.344486
957.500000 112.921400
958.500000 112.513869
959.500000 112.037175
960.500000 111.537898
961.500000 111.036585
962.500000 110.535249
963.500000 110.034024
964.500000 109.534923
965.500000 109.058561
966.500000 108.653531
967.500000 108.255734
968.500000 107.772295
969.500000 107.280582
970.500000 106.772502
971.500000 106.280859
972.500000 105.797627
973.500000 105.402189
974.500000 105.022287
975.500000 104.642483
976.500000 104.249286
977.500000 103.791121
978.500000 103.398048
979.500000 103.020506
980.500000 102.665621
981.500000 102.366550
982.500000 101.987003
983.500000 101.515571
984.500000 101.044163
985.500000 100.664685
986.500000 100.365730
987.500000 100.011007
988.500000 99.633741
989.500000 99.243140
990.500000 98.812207
991.500000 98.538264
992.500000 98.335631
993.500000 98.005868
994.500000 97.630793
995.500000 97.238148
996.500000 96.780388
997.500000 96.387707
998.500000 96.010611
999.500000 95.658309
1000.500000 95.386655
1001.500000 95.130519
1002.500000 94.881522
1003.500000 94.600698
1004.500000 94.235170
1005.500000 93.806673
1006.500000 93.535158
1007.500000 93.357644
1008.500000 93.126501
1009.500000 92.884027
1010.500000 92.652903
1011.500000 92.475495
1012.500000 92.206187
1013.500000 91.802613
1014.500000 91.533388
1015.500000 91.358162
1016.500000 91.151867
1017.500000 91.003584
1018.500000 90.855375
1019.500000 90.651250
1020.500000 90.500838
1021.500000 90.325653
1022.500000 90.000628
1023.500000 89.652978
1024.500000 89.383820
1025.500000 89.152802
1026.500000 89.002424
1027.500000 88.854200
1028.500000 88.650125
1029.500000 88.499761
1030.500000 88.324689
1031.500000 88.001857
1032.500000 87.679030
1033.500000 87.503970
1034.500000 87.353693
1035.500000 87.151795
1036.500000 87.028453
1037.500000 86.974393
1038.500000 86.851058
1039.500000 86.649240
1040.500000 86.501198
1041.500000 86.353159
1042.500000 86.151416
1043.500000 86.030310
1044.500000 86.003197
1045.500000 85.998718
1046.500000 85.971542
1047.500000 85.848297
1048.500000 85.621788
1049.500000 85.379777
1050.500000 85.153272
1051.500000 85.030034
1052.500000 85.002937
1053.500000 85.000621
1054.500000 84.998240
1055.500000 84.968999
1056.500000 84.820990
1057.500000 84.500505
1058.500000 84.180022
1059.500000 84.032016
1060.500000 84.002782
1061.500000 84.000477
1062.500000 84.000322
1063.500000 83.998086
1064.500000 83.971004
1065.500000 83.847784
1066.500000 83.621300
1067.500000 83.379312
1068.500000 83.152829
1069.500000 83.029613
1070.500000 83.002536
1071.500000 83.000307
1072.500000 83.000227
1073.500000 83.000148
1074.500000 82.997921
1075.500000 82.970847
1076.500000 82.847635
1077.500000 82.621158
1078.500000 82.379178
1079.500000 82.152702
1080.500000 82.029492
1081.500000 82.002421
1082.500000 82.000198
1083.500000 82.000124
1084.500000 82.000117
1085.500000 82.000110
1086.500000 82.000104
1087.500000 82.000099
1088.500000 82.000093
1089.500000 82.000088
1090.500000 82.000083
1091.499933 82.000078
1092.497650 82.000074
1093.468372 82.000137
1094.681892 82.152612
1095.531628 82.379076
1096.502350 82.621044
1097.500067 82.847508
1098.500000 82.970707
1099.500000 82.997766
1100.500000 82.999980
1101.500000 83.000044
1102.500000 83.000108
1103.500000 83.002322
1104.500000 83.029315
1105.500000 83.150366
1106.500000 83.352051
1107.500000 83.500031
1108.500000 83.648010
1109.500000 83.849696
1110.500000 83.970747
1111.500000 83.997808
1112.500000 84.002239
1113.500000 84.029300
1114.500000 84.150351
1115.500000 84.352038
1116.500000 84.500018
1117.500000 84.647998
1118.500000 84.849685
1119.500000 84.970736
1120.500000 84.997798
1121.500000 85.002229
1122.500000 85.029291
1123.500000 85.150343
1124.500000 85.352030
1125.500000 85.500010
1126.500000 85.647991
1127.500000 85.849745
1128.500000 85.973013
1129.500000 86.027003
1130.500000 86.150205
1131.500000 86.349810
1132.500000 86.473011
1133.500000 86.527002
1134.500000 86.650270
1135.500000 86.852024
1136.500000 87.000005
1137.500000 87.147986
1138.500000 87.349740
1139.500000 87.473076
1140.500000 87.529282
1141.500000 87.679479
1142.500000 88.000070
1143.500000 88.322744
1144.500000 88.497787
1145.500000 88.650200
1146.500000 88.878950
1147.500000 89.120988
1148.500000 89.347522
1149.500000 89.472940
1150.500000 89.527064
1151.500000 89.652482
1152.500000 89.879016
1153.500000 90.120987
1154.500000 90.347588
1155.500000 90.475222
1156.500000 90.556275
1157.500000 90.800530
1158.500000 91.201756
1159.500000 91.470790
1160.500000 91.647982
1161.500000 91.878881
1162.500000 92.121120
1163.500000 92.352020
1164.500000 92.529212
1165.500000 92.798380
1166.500000 93.203971
1167.500000 93.500001
1168.500000 93.796030
1169.500000 94.201688
1170.500000 94.473005
1171.500000 94.674977
1172.500000 94.999934
1173.500000 95.322808
1174.500000 95.500000
1175.500000 95.677327
1176.500000 96.004499
1177.500000 96.379015
1178.500000 96.769101
1179.500000 97.201688
1180.500000 97.499933
1181.500000 97.795963
1182.500000 98.199472
1183.500000 98.446009
1184.500000 98.554058
1185.500000 98.802744
1186.500000 99.231100
1187.500000 99.623336
1188.500000 100.026996
1189.500000 100.499933
1190.500000 100.970789
1191.500000 101.349669
1192.500000 101.648048
1193.500000 102.002216
1194.500000 102.379014
1195.500000 102.771317
1196.500000 103.228683
1197.500000 103.620986
1198.500000 103.997851
1199.500000 104.354235
1200.500000 104.679543
1201.500000 105.177260
1202.500000 105.822740
1203.500000 106.320524
1204.500000 106.647981
1205.500000 107.029212
1206.500000 107.502216
1207.500000 107.997851
1208.500000 108.472938
1209.500000 108.876798
1210.500000 109.273466
1211.500000 109.755746
1212.500000 110.244321
1213.500000 110.728817
1214.500000 111.152480
1215.500000 111.677327
1216.500000 112.351885
1217.500000 112.968573
1218.500000 113.470655
1219.500000 113.876731
1220.500000 114.273533
1221.500000 114.758029
1222.500000 115.273533
1223.500000 115.876798
1224.500000 116.473004
1225.500000 117.000000
1226.500000 117.526996
1227.500000 118.123269
1228.500000 118.728750
1229.500000 119.271317
1230.500000 119.878947
1231.500000 120.500000
1232.500000 121.121053
1233.500000 121.728683
1234.500000 122.271317
1235.500000 122.879014
1236.500000 123.502216
1237.500000 124.148115
1238.500000 124.851952
1239.500000 125.500000
1240.500000 126.147981
1241.500000 126.849669
1242.500000 127.470789
1243.500000 127.999933
1244.500000 128.526996
1245.500000 129.123335
1246.500000 129.731100
1247.500000 130.302744
1248.500000 131.054058
1249.500000 131.946009
1250.500000 132.699539
1251.500000 133.298245
1252.500000 134.029211
1253.500000 134.852019
1254.500000 135.621120
1255.500000 136.378947
1256.500000 137.150264
1257.500000 138.000000
1258.500000 138.849736
1259.500000 139.620986
1260.500000 140.376731
1261.500000 141.123202
1262.500000 141.876798
1263.500000 142.623269
1264.500000 143.379081
1265.500000 144.152480
1266.500000 145.027062
1267.500000 145.972938
1268.500000 146.847520
1269.500000 147.620986
1270.500000 148.379014
1271.500000 149.152480
1272.500000 150.027062
1273.500000 150.973004
1274.500000 151.849803
1275.500000 152.650264
1276.500000 153.529278
1277.500000 154.502283
1278.500000 155.500067
1279.500000 156.500000
1280.500000 157.499933
1281.500000 158.497717
1282.499933 159.470722
1283.497717 160.349736
1284.470722 161.150264
1285.349736 162.029278
1286.150264 163.002283
1287.029278 164.000067
1288.002283 165.000000
1289.000067 166.000000
1290.000000 167.000000
1291.000000 168.000000
1291.999933 169.000000
1292.997717 170.000000
1293.970722 171.000000
1294.849669 172.000000
1295.647981 173.000000
1296.500000 174.000000
1297.351952 175.000000
1298.148048 176.000000
1298.999933 177.000000
1299.849736 178.000000
1300.621053 179.000000
1301.379014 180.000000
1302.152547 181.000000
1303.029278 182.000000
1304.000000 183.000000
1304.970722 184.000000
1305.847453 185.000000
1306.620986 186.000000
1307.378947 187.000000
1308.150264 188.000000
1309.000000 189.000000
1309.849736 190.000000
1310.621053 191.000000
1311.378880 192.000000
1312.147981 193.000000
1312.970789 194.000000
1313.701688 195.000000
1314.298245 196.000000
1315.026996 197.000000
1315.824956 198.000000
1316.497784 199.000000
1317.147981 200.000000
1317.851952 201.000000
1318.500000 202.000000
1319.147981 203.000000
1319.849736 204.000000
1320.473004 205.000000
1321.027062 206.000000
1321.652413 207.000000
1322.376798 208.000000
1323.093990 209.000000
1323.726467 210.000000
1324.271250 211.000000
1324.879014 212.000000
1325.502216 213.000000
1326.148048 214.000000
1326.849669 215.000000
1327.470722 216.000000
1327.997717 217.000000
1328.500000 218.000000
1329.002283 219.000000
1329.529278 220.000000
1330.150264 221.000000
1330.849736 222.000000
1331.470722 223.000000
1331.997717 224.000000
1332.499933 225.000000
1333.000000 226.000000
1333.500067 227.000000
1334.002216 228.000000
1334.526996 229.000000
1335.120986 230.000000
1335.699472 231.000000
1336.120986 232.000000
1336.526996 233.000000
1337.002216 234.000000
1337.500000 235.000000
1337.997784 236.000000
1338.472938 237.000000
1338.876731 238.000000
1339.271250 239.000000
1339.728817 240.000000
1340.125484 241.000000
1340.554058 242.000000
1341.123202 243.000000
1341.699539 244.000000
1342.120986 245.000000
1342.526929 246.000000
1343.000000 247.000000
1343.473004 248.000000
1343.876665 249.000000
1344.268967 250.000000
1344.699472 251.000000
1344.973004 252.000000
1345.177260 253.000000
1345.529278 254.000000
1345.975287 255.000000
1346.376798 256.000000
1346.771183 257.000000
1347.226467 258.000000
1347.593990 259.000000
1347.876731 260.000000
1348.150197 261.000000
1348.500000 262.000000
1348.849803 263.000000
1349.123269 264.000000
1349.406010 265.000000
1349.773466 266.000000
1350.226534 267.000000
1350.593923 268.000000
1350.874516 269.000000
1351.123135 270.000000
1351.376798 271.000000
1351.623202 272.000000
1351.876798 273.000000
1352.123269 274.000000
1352.379014 275.000000
1352.650264 276.000000
1353.000000 277.000000
1353.349736 278.000000
1353.620986 279.000000
1353.876665 280.000000
1354.120919 281.000000
1354.347587 282.000000
1354.475220 283.000000
1354.556274 284.000000
1354.800461 285.000000
1355.199472 286.000000
1355.441443 287.000000
1355.495501 288.000000
1355.502216 289.000000
1355.531561 290.000000
1355.679609 291.000000
1356.002350 292.000000
1356.352019 293.000000
1356.647981 294.000000
1356.997650 295.000000
1357.320391 296.000000
1357.468506 297.000000
1357.500000 298.000000
1357.531494 299.000000
1357.679543 300.000000
1358.000000 301.000000
1358.320457 302.000000
1358.468439 303.000000
1358.497650 304.000000
1358.500067 305.000000
1358.504566 306.000000
1358.558557 307.000000
1358.800528 308.000000
1359.199472 309.000000
1359.441443 310.000000
1359.495434 311.000000
1359.499933 312.000000
1359.502350 313.000000
1359.531561 314.000000
1359.679543 315.000000
1360.000000 316.000000
1360.320457 317.000000
1360.468439 318.000000
1360.497717 319.000000
1360.502283 320.000000
1360.531561 321.000000
1360.679543 322.000000
1361.000000 323.000000
1361.320457 324.000000
1361.468439 325.000000
1361.497650 326.000000
1361.500000 327.000000
1361.502283 328.000000
1361.529345 329.000000
1361.652547 330.000000
1361.879014 331.000000
1362.120986 332.000000
1362.347453 333.000000
1362.470655 334.000000
1362.497717 335.000000
1362.499933 336.000000
1362.500067 337.000000
1362.502350 338.000000
1362.531561 339.000000
1362.679543 340.000000
1363.000000 341.000000
1363.320457 342.000000
1363.468439 343.000000
1363.497650 344.000000
1363.499933 345.000000
1363.500000 346.000000
1363.500000 347.000000
1363.500067 348.000000
1363.502283 349.000000
1363.529278 350.000000
1363.650264 351.000000
1363.849736 352.000000
1363.970655 353.000000
1363.995434 354.000000
1363.970655 355.000000
1363.849736 356.000000
1363.650264 357.000000
1363.529278 358.000000
1363.502216 359.000000
1363.497784 360.000000
1363.470722 361.000000
1363.349736 362.000000
1363.150264 363.000000
1363.029211 364.000000
1363.000000 365.000000
1362.970789 366.000000
1362.849736 367.000000
1362.650197 368.000000
1362.526996 369.000000
1362.473004 370.000000
1362.349803 371.000000
1362.150264 372.000000
1362.029278 373.000000
1362.002216 374.000000
1361.997784 375.000000
1361.970722 376.000000
1361.849669 377.000000
1361.647981 378.000000
1361.500000 379.000000
1361.352019 380.000000
1361.150331 381.000000
1361.029211 382.000000
1361.000000 383.000000
1360.970722 384.000000
1360.847453 385.000000
1360.620986 386.000000
1360.379014 387.000000
1360.152547 388.000000
1360.029345 389.000000
1360.002216 390.000000
1359.997784 391.000000
1359.970655 392.000000
1359.847453 393.000000
1359.620986 394.000000
1359.379014 395.000000
1359.152547 396.000000
1359.029278 397.000000
1359.000000 398.000000
1358.970722 399.000000
1358.847453 400.000000
1358.620986 401.000000
1358.379014 402.000000
1358.152480 403.000000
1358.027062 404.000000
1357.972938 405.000000
1357.847520 406.000000
1357.620986 407.000000
1357.379014 408.000000
1357.152413 409.000000
1357.024780 410.000000
1356.943726 411.000000
1356.699539 412.000000
1356.300461 413.000000
1356.056207 414.000000
1355.973004 415.000000
1355.820591 416.000000
1355.500000 417.000000
1355.179543 418.000000
1355.031494 419.000000
1355.000000 420.000000
1354.968506 421.000000
1354.820391 422.000000
1354.497650 423.000000
1354.147981 424.000000
1353.852019 425.000000
1353.502350 426.000000
1353.179543 427.000000
1353.029211 428.000000
1352.970789 429.000000
1352.820457 430.000000
1352.497650 431.000000
1352.147981 432.000000
1351.852019 433.000000
1351.502283 434.000000
1351.177260 435.000000
1351.000000 436.000000
1350.822807 437.000000
1350.499933 438.000000
1350.174977 439.000000
1349.972938 440.000000
1349.699472 441.000000
1349.269034 442.000000
1348.878947 443.000000
1348.502216 444.000000
1348.148115 445.000000
1347.851885 446.000000
1347.497784 447.000000
1347.120986 448.000000
1346.728683 449.000000
1346.271317 450.000000
1345.878947 451.000000
1345.500000 452.000000
1345.121053 453.000000
1344.728683 454.000000
1344.271317 455.000000
1343.879014 456.000000
1343.502216 457.000000
1343.148115 458.000000
1342.851885 459.000000
1342.497784 460.000000
1342.120919 461.000000
1341.726467 462.000000
1341.244187 463.000000
1340.753530 464.000000
1340.246470 465.000000
1339.755813 466.000000
1339.273466 467.000000
1338.876798 468.000000
1338.473004 469.000000
1338.000000 470.000000
1337.526996 471.000000
1337.123202 472.000000
1336.726534 473.000000
1336.244187 474.000000
1335.753530 475.000000
1335.246403 476.000000
1334.753530 477.000000
1334.244187 478.000000
1333.726534 479.000000
1333.123202 480.000000
1332.527062 481.000000
1332.002149 482.000000
1331.497851 483.000000
1330.972938 484.000000
1330.376731 485.000000
1329.771250 486.000000
1329.228750 487.000000
1328.623269 488.000000
1328.027062 489.000000
1327.502149 490.000000
1326.997784 491.000000
1326.470722 492.000000
1325.849669 493.000000
1325.147981 494.000000
1324.500000 495.000000
1323.852019 496.000000
1323.150331 497.000000
1322.529211 498.000000
1322.000000 499.000000
1321.470722 500.000000
1320.847453 501.000000
1320.120986 502.000000
1319.378947 503.000000
1318.650264 504.000000
1318.000067 505.000000
1317.351952 506.000000
1316.647981 507.000000
1315.997784 508.000000
1315.324956 509.000000
1314.526996 510.000000
1313.798179 511.000000
1313.199539 512.000000
1312.446009 513.000000
1311.553991 514.000000
1310.800461 515.000000
1310.201821 516.000000
1309.473004 517.000000
1308.674977 518.000000
1307.999933 519.000000
1307.322740 520.000000
1306.497784 521.000000
1305.650197 522.000000
1304.878947 523.000000
1304.120986 524.000000
1303.347520 525.000000
1302.472938 526.000000
1301.526996 527.000000
1300.650264 528.000000
1299.852019 529.000000
1299.000000 530.000000
1298.147981 531.000000
1297.349669 532.000000
1296.470722 533.000000
1295.497717 534.000000
1294.499933 535.000000
1293.500000 536.000000
1292.500067 537.000000
1291.502283 538.000000
1290.529278 539.000000
1289.650264 540.000000
1288.849736 540.999933
1287.970722 541.997717
1286.997717 542.970722
1285.999933 543.849736
1285.000000 544.650264
1284.000000 545.529211
1283.000000 546.500000
1282.000000 547.470789
1281.000000 548.349736
1280.000000 549.150264
1279.000000 550.029278
1278.000000 551.002283
1277.000000 552.000067
1276.000000 552.999933
1275.000000 553.997717
1274.000000 554.970722
1273.000000 555.849669
1272.000000 556.647981
1271.000000 557.500000
1270.000000 558.351952
1269.000000 559.148048
1268.000000 560.000000
1267.000000 560.852019
1266.000000 561.650264
1265.000000 562.526929
1264.000000 563.470722
1263.000000 564.320524
1262.000000 565.000000
1261.000000 565.679476
1260.000000 566.529211
1259.000000 567.470789
1258.000000 568.320457
1257.000000 568.997717
1256.000000 569.650264
1255.000000 570.381230
1254.000000 571.150264
1253.000000 571.997784
1252.000000 572.822673
1251.000000 573.497717
1250.000000 574.147981
1249.000000 574.851952
1248.000000 575.500000
1247.000000 576.148048
1246.000000 576.851952
1245.000000 577.500000
1244.000000 578.147981
1243.000000 578.849736
1242.000000 579.473004
1241.000000 580.026996
1240.000000 580.650264
1239.000000 581.352019
1238.000000 582.000000
1237.000000 582.648048
1236.000000 583.351885
1235.000000 583.997784
1234.000000 584.620986
1233.000000 585.228683
1232.000000 585.771250
1231.000000 586.376731
1230.000000 586.973004
1229.000000 587.500000
1228.000000 588.026996
1227.000000 588.623202
1226.000000 589.226534
1225.000000 589.744187
1224.000000 590.253530
1223.000000 590.746403
1222.000000 591.253530
1221.000000 591.744187
1220.000000 592.226601
1219.000000 592.625418
1218.000000 593.054125
1217.000000 593.625485
1216.000000 594.228750
1215.000000 594.768967
1214.000000 595.347520
1213.000000 595.824889
1212.000000 596.175111
1211.000000 596.652413
1210.000000 597.228750
1209.000000 597.742038
1208.000000 598.226467
1207.000000 598.623202
1206.000000 599.027063
1205.000000 599.502149
1204.000000 599.997784
1203.000000 600.470722
1202.000000 600.849736
1201.000000 601.150264
1200.000000 601.529278
1199.000000 602.002216
1198.000000 602.497784
1197.000000 602.970722
1196.000000 603.349736
1195.000000 603.650197
1194.000000 604.026996
1193.000000 604.473005
1192.000000 604.849736
1191.000000 605.147981
1190.000000 605.500000
1189.000000 605.851952
1188.000000 606.148048
1187.000000 606.500000
1186.000000 606.852019
1185.000000 607.150264
1184.000000 607.526996
1183.000000 607.973005
1182.000000 608.349736
1181.000000 608.647982
1180.000000 608.999933
1179.000000 609.349736
1178.000000 609.620986
1177.000000 609.876732
1176.000000 610.123269
1175.000000 610.379082
1174.000000 610.652480
1173.000000 611.026996
1172.000000 611.470722
1171.000000 611.820458
1170.000000 611.997718
1169.000000 612.150198
1168.000000 612.379015
1167.000000 612.623269
1166.000000 612.876799
1165.000000 613.123202
1164.000000 613.376799
1163.000000 613.623203
1162.000000 613.876799
1161.000000 614.123203
1160.000000 614.376732
1159.000000 614.620920
1158.000000 614.847521
1157.000000 614.973006
1156.000000 615.029280
1155.000000 615.179544
1154.000000 615.502284
1153.000000 615.849738
1152.000000 616.118772
1151.000000 616.349671
1150.000000 616.499935
1149.000000 616.648050
1148.000000 616.852021
1147.000000 617.002285
1146.000000 617.177262
1145.000000 617.499936
1144.000000 617.820461
1143.000000 617.968442
1142.000000 617.997721
1141.000000 618.002287
1140.000000 618.031565
1139.000000 618.179547
1138.000000 618.500005
1137.000000 618.820462
1136.000000 618.968444
1135.000000 618.997656
1134.000000 618.999939
1133.000000 619.000140
1132.000000 619.004572
1131.000000 619.058564
1130.000000 619.300536
1129.000000 619.699480
1128.000000 619.941452
1127.000000 619.995444
1126.000000 619.999943
1125.000000 620.002360
1124.000000 620.031572
1123.000000 620.179554
1122.000000 620.500013
1121.000000 620.820471
1120.000000 620.968453
1119.000000 620.997665
1118.000000 620.999949
1117.000000 621.000017
1116.000000 621.000152
1115.000000 621.004585
1114.000000 621.058578
1113.000000 621.300550
1112.000000 621.699495
1111.000000 621.941468
1110.000000 621.995461
1109.000000 621.999894
1108.000000 622.000030
1107.000000 622.000032
1106.000000 622.000100
1105.000000 622.002385
1104.000000 622.031599
1103.000000 622.179583
1102.000000 622.500043
1101.000000 622.820503
1100.000000 622.968487
1099.000000 622.997701
1098.000000 622.999987
1097.000000 623.000057
1096.000000 623.000061
1095.000000 623.000131
1094.000000 623.002351
1093.000000 623.029350
1092.000000 623.150273
1091.000000 623.347534
1090.000000 623.441529
1089.000000 623.347544
1088.000000 623.150293
1087.000000 623.029380
1086.000000 623.002390
1085.000000 623.000181
1084.000000 623.000120
1083.000000 623.000060
1082.000000 622.997852
1081.000000 622.970797
1080.000000 622.847603
1079.000000 622.621145
1078.000000 622.379182
1077.000000 622.152724
1076.000000 622.029533
1075.000000 622.002481
1074.000000 622.000276
1073.000000 622.000154
1072.000000 621.997951
1071.000000 621.970901
1070.000000 621.847713
1069.000000 621.621260
1068.000000 621.379304
1067.000000 621.152853
1066.000000 621.029668
1065.000000 621.002623
1064.000000 621.000359
1063.000000 620.998096
1062.000000 620.971121
1061.000000 620.850089
1060.000000 620.648425
1059.000000 620.500467
1058.000000 620.352511
1057.000000 620.150850
1056.000000 620.029758
1055.000000 620.000575
1054.000000 619.971394
1053.000000 619.850307
1052.000000 619.648653
1051.000000 619.500706
1050.000000 619.352762
1049.000000 619.151113
1048.000000 619.030034
1047.000000 619.000866
1046.000000 618.971632
1045.000000 618.848410
1044.000000 618.621992
1043.000000 618.380072
1042.000000 618.153659
1041.000000 618.030447
1040.000000 618.001228
1039.000000 617.972078
1038.000000 617.851024
1037.000000 617.649404
1036.000000 617.501494
1035.000000 617.353587
1034.000000 617.151910
1033.000000 617.028723
1032.000000 616.974751
1031.000000 616.849356
1030.000000 616.620699
1029.000000 616.351762
1028.000000 616.002195
1027.000000 615.652633
1026.000000 615.383711
1025.000000 615.155077
1024.000000 615.029714
1023.000000 614.975716
1022.000000 614.850431
1021.000000 614.623968
1020.000000 614.379859
1019.000000 614.124331
1018.000000 613.853306
1017.000000 613.505950
1016.000000 613.183381
1015.000000 613.033229
1014.000000 612.974993
1013.000000 612.824856
1012.000000 612.502252
1011.000000 612.152794
1010.000000 611.856985
1009.000000 611.505330
1008.000000 611.155766
1007.000000 610.884699
1006.000000 610.627063
1005.000000 610.356084
1004.000000 610.008711
1003.000000 609.681899
1002.000000 609.480098
1001.000000 609.207016
1000.000000 608.779058
999.000000 608.414094
998.000000 608.131777
997.000000 607.858683
996.000000 607.509266
995.000000 607.159865
994.000000 606.886816
993.000000 606.604576
992.000000 606.239653
991.000000 605.809683
990.000000 605.511924
989.000000 605.214117
988.000000 604.782054
987.000000 604.392378
986.000000 604.014063
985.000000 603.635635
984.000000 603.241726
983.000000 602.760077
982.000000 602.270074
981.000000 601.763761
980.000000 601.275957
979.000000 600.819187
978.000000 600.519482
977.000000 600.221887
976.000000 599.789980
975.000000 599.396303
974.000000 598.968736
973.000000 598.402645
972.000000 597.852090
971.000000 597.527751
970.000000 597.226076
969.000000 596.769547
968.000000 596.282112
967.000000 595.776163
966.000000 595.284506
965.000000 594.778501
964.000000 594.286924
963.000000 593.781001
962.000000 593.289508
961.000000 592.783672
960.000000 592.292202
959.000000 591.784309
958.000000 591.268220
957.000000 590.668583
956.000000 590.098820
955.000000 589.669613
954.000000 589.247652
953.000000 588.670789
952.000000 588.076395
951.000000 587.526490
950.000000 586.905285
949.000000 586.207736
948.000000 585.588802
947.000000 585.063855
946.000000 584.561603
945.000000 584.036788
944.000000 583.418051
943.000000 582.718750
942.000000 582.073226
941.000000 581.427709
940.000000 580.726412
939.000000 580.081048
938.000000 579.435829
937.000000 578.736917
936.000000 578.116507
935.000000 577.563377
934.000000 576.918425
933.000000 576.125797
932.000000 575.400455
931.000000 574.809479
930.000000 574.108968
929.000000 573.408553
928.000000 572.817865
927.000000 572.092935
926.000000 571.298763
925.000000 570.627679
924.000000 569.954618
923.000000 569.135984
922.000000 568.317461
921.000000 567.644597
920.000000 566.969766
919.000000 566.126806
918.000000 565.214755
917.000000 564.463943
916.000000 563.870226
915.000000 563.146524
914.000000 562.353739
913.000000 561.684000
912.000000 561.010096
911.000000 560.163782
910.000000 559.201050
909.000000 558.238457
908.000000 557.392559
907.000000 556.719212
906.000000 556.046010
905.000000 555.200547
904.000000 554.238612
903.000000 553.274679
902.000000 552.402674
901.000000 551.609311
900.000000 550.739769
899.000000 549.801177
898.000000 548.931957
897.000000 548.139239
896.000000 547.268133
895.000000 546.303273
894.000000 545.315953
893.000000 544.351436
892.000000 543.481016
891.000000 542.689258
890.000000 541.819193
889.000000 540.855317
888.000000 539.866843
887.000000 538.876405
886.000000 537.886151
885.000000 536.898233
884.000000 535.935284
883.000000 535.066516
882.000000 534.276425
881.000000 533.408041
880.000000 532.445862
879.000000 531.459100
878.000000 530.470387
877.000000 529.481805
876.000000 528.493423
875.000067 527.505242
874.002283 526.517237
873.029278 525.529129
872.150264 524.540039
871.349736 523.550112
870.470722 522.561325
869.497717 521.573922
868.499933 520.587044
867.500000 519.600401
866.500000 518.613967
865.500000 517.627742
864.500000 516.641725
863.500067 515.655917
862.502283 514.670286
861.529278 513.684499
860.650264 512.697510
859.849736 511.709499
858.970789 510.722817
858.000000 509.737713
857.029211 508.752806
856.150264 507.766639
855.349803 506.779377
854.473004 505.793481
853.527062 504.808875
852.652480 503.823270
851.879014 502.836132
851.121053 501.848853
850.349736 500.861918
849.499933 499.876451
848.647981 498.891165
847.849669 497.905085
846.970855 496.920553
846.002283 495.937776
845.058490 494.954735
844.300528 493.968478
843.699472 492.979454
842.941510 491.993393
841.997784 491.010900
841.031427 490.028997
840.179543 489.045093
839.500000 488.058026
838.820524 487.071042
837.970722 486.087434
837.026996 485.105787
836.152480 484.122931
835.379014 483.138202
834.621053 482.153263
833.849736 481.168687
833.000067 480.185922
832.152681 479.207658
831.412925 478.281295
830.834506 477.593674
