608.815758 486.363785
608.436744 487.063256
607.815758 488.004700
606.968439 489.000134
606.002216 490.000000
605.058490 491.000000
604.300528 492.000000
603.699472 493.000000
602.941510 494.000000
601.997717 495.000000
601.029145 496.000000
600.150331 497.000000
599.352019 498.000000
598.500067 499.000000
597.650264 500.000000
596.878947 501.000000
596.120986 502.000000
595.347520 503.000000
594.472938 504.000000
593.526996 505.000000
592.650197 506.000000
591.849736 507.000000
590.970789 508.000000
590.000000 509.000000
589.029211 510.000000
588.150264 511.000000
587.349736 512.000000
586.470722 513.000000
585.497717 514.000000
584.499933 515.000000
583.500000 516.000000
582.500000 517.000000
581.500000 518.000000
580.500000 519.000000
579.500067 520.000000
578.502283 521.000000
577.529278 522.000000
576.650264 523.000000
575.849736 524.000000
574.970722 525.000000
573.997717 526.000000
572.999933 527.000000
572.000000 528.000000
571.000000 529.000000
570.000000 530.000000
569.000000 530.999933
568.000000 531.997717
567.000000 532.970722
566.000000 533.849736
565.000000 534.650264
564.000000 535.529278
563.000000 536.502283
562.000000 537.500067
561.000000 538.500000
560.000000 539.499933
559.000000 540.497717
558.000000 541.470722
557.000000 542.349736
556.000000 543.150264
555.000000 544.029278
554.000000 545.002216
553.000000 545.997784
552.000000 546.970722
551.000000 547.849736
550.000000 548.650197
549.000000 549.526996
548.000000 550.473004
547.000000 551.349803
546.000000 552.150264
545.000000 553.029211
544.000000 553.999933
543.000000 554.968506
542.000000 555.820457
541.000000 556.500000
540.000000 557.179543
539.000000 558.031494
538.000000 559.000000
537.000000 559.968506
536.000000 560.820457
535.000000 561.499866
534.000000 562.174977
533.000000 562.973004
532.000000 563.701821
531.000000 564.300528
530.000000 565.056207
529.000000 565.973004
528.000000 566.820591
527.000000 567.499933
526.000000 568.177193
525.000000 569.000000
524.000000 569.822807
523.000000 570.499933
522.000000 571.174977
521.000000 571.973004
520.000000 572.701688
519.000000 573.296029
518.000000 574.000000
517.000000 574.703971
516.000000 575.298312
515.000000 576.026929
514.000000 576.822740
513.000000 577.470789
512.000000 578.026929
511.000000 578.650264
510.000000 579.352019
509.000000 580.000000
508.000000 580.648048
507.000000 581.351952
506.000000 582.000000
505.000000 582.647981
504.000000 583.349669
503.000000 583.970722
502.000000 584.497784
501.000000 585.002216
500.000000 585.529278
499.000000 586.150264
498.000000 586.849803
497.000000 587.472938
496.000000 588.024713
495.000000 588.620919
494.000000 589.199539
493.000000 589.623202
492.000000 590.054058
491.000000 590.625418
490.000000 591.226601
489.000000 591.744187
488.000000 592.253530
487.000000 592.746403
486.000000 593.253597
485.000000 593.746403
484.000000 594.253597
483.000000 594.746403
482.000000 595.253597
481.000000 595.746403
480.000000 596.253463
479.000000 596.741971
478.000000 597.199539
477.000000 597.502216
476.000000 597.827524
475.000000 598.379014
474.000000 598.946009
473.000000 599.374449
472.000000 599.768967
471.000000 600.201688
470.000000 600.500067
469.000000 600.800528
468.000000 601.258029
467.000000 601.746537
466.000000 602.253530
465.000000 602.744187
464.000000 603.226467
463.000000 603.620986
462.000000 604.000000
461.000000 604.378880
460.000000 604.769101
459.000000 605.201688
458.000000 605.500000
457.000000 605.798245
456.000000 606.228683
455.000000 606.594057
454.000000 606.876731
453.000000 607.150197
452.000000 607.500000
451.000000 607.849803
450.000000 608.123269
449.000000 608.405943
448.000000 608.771250
447.000000 609.199539
446.000000 609.472938
445.000000 609.675044
444.000000 610.002149
443.000000 610.349803
442.000000 610.621053
441.000000 610.878947
440.000000 611.150264
439.000000 611.500067
438.000000 611.851952
437.000000 612.147981
436.000000 612.497650
435.000000 612.820457
434.000000 612.970789
433.000000 613.029211
432.000000 613.179543
431.000000 613.502283
430.000000 613.849803
429.000000 614.120986
428.000000 614.376665
427.000000 614.620919
426.000000 614.847520
425.000000 614.972938
424.000000 615.027062
423.000000 615.152547
422.000000 615.381297
421.000000 615.650331
420.000000 616.000000
419.000000 616.349669
418.000000 616.618703
417.000000 616.847453
416.000000 616.972938
415.000000 617.026996
414.000000 617.150264
413.000000 617.352019
412.000000 617.500000
411.000000 617.647981
410.000000 617.849669
409.000000 617.970789
408.000000 618.000000
407.000000 618.029278
406.000000 618.152547
405.000000 618.379014
404.000000 618.620986
403.000000 618.847453
402.000000 618.970722
401.000000 619.000000
400.000000 619.029211
399.000000 619.150331
398.000000 619.352019
397.000000 619.500000
396.000000 619.647981
395.000000 619.849669
394.000000 619.970789
393.000000 620.000000
392.000000 620.029211
391.000000 620.150331
390.000000 620.352019
389.000000 620.500000
388.000000 620.647981
387.000000 620.849669
386.000000 620.970722
385.000000 620.997717
384.000000 621.000000
383.000000 621.002283
382.000000 621.029345
381.000000 621.152547
380.000000 621.379014
379.000000 621.620986
378.000000 621.847453
377.000000 621.970655
376.000000 621.997717
375.000000 621.999933
374.000000 622.000067
373.000000 622.002283
372.000000 622.029345
371.000000 622.152547
370.000000 622.379014
369.000000 622.620986
368.000000 622.847453
367.000000 622.970655
366.000000 622.997717
365.000000 622.999933
364.000000 623.000000
363.000000 623.000067
362.000000 623.002283
361.000000 623.029278
360.000000 623.150197
359.000000 623.347453
358.000000 623.441443
357.000000 623.347453
356.000000 623.150197
355.000000 623.029278
354.000000 623.002283
353.000000 623.000067
352.000000 623.000000
351.000000 623.000000
350.000000 622.999933
349.000000 622.997650
348.000000 622.968439
347.000000 622.820457
346.000000 622.500000
345.000000 622.179543
344.000000 622.031561
343.000000 622.002350
342.000000 622.000067
341.000000 622.000000
340.000000 622.000000
339.000000 621.999866
338.000000 621.995434
337.000000 621.941443
336.000000 621.699472
335.000000 621.300528
334.000000 621.058557
333.000000 621.004566
332.000000 621.000134
331.000000 621.000000
330.000000 620.999933
329.000000 620.997650
328.000000 620.968439
327.000000 620.820457
326.000000 620.500000
325.000000 620.179543
324.000000 620.031561
323.000000 620.002350
322.000000 619.999933
321.000000 619.995434
320.000000 619.941443
319.000000 619.699472
318.000000 619.300528
317.000000 619.058557
316.000000 619.004566
315.000000 619.000134
314.000000 618.999933
313.000000 618.997650
312.000000 618.968439
311.000000 618.820457
310.000000 618.500000
309.000000 618.179543
308.000000 618.031561
307.000000 618.002283
306.000000 617.997717
305.000000 617.968439
304.000000 617.820457
303.000000 617.499933
302.000000 617.177260
301.000000 617.002283
300.000000 616.852019
299.000000 616.648048
298.000000 616.499933
297.000000 616.349669
296.000000 616.118770
295.000000 615.849736
294.000000 615.502283
293.000000 615.179543
292.000000 615.029278
291.000000 614.973004
290.000000 614.847520
289.000000 614.620919
288.000000 614.376731
287.000000 614.123202
286.000000 613.876798
285.000000 613.623202
284.000000 613.376798
283.000000 613.123202
282.000000 612.876798
281.000000 612.623269
280.000000 612.379014
279.000000 612.150197
278.000000 611.997717
277.000000 611.820457
276.000000 611.470722
275.000000 611.026996
274.000000 610.652480
273.000000 610.379081
272.000000 610.123269
271.000000 609.876731
270.000000 609.620986
269.000000 609.349736
268.000000 608.999933
267.000000 608.647981
266.000000 608.349736
265.000000 607.973004
264.000000 607.526996
263.000000 607.150264
262.000000 606.852019
261.000000 606.500000
260.000000 606.148048
259.000000 605.851952
258.000000 605.500000
257.000000 605.147981
256.000000 604.849736
255.000000 604.473004
254.000000 604.026996
253.000000 603.650197
252.000000 603.349736
251.000000 602.970722
250.000000 602.497784
249.000000 602.002216
248.000000 601.529278
247.000000 601.150264
246.000000 600.849736
245.000000 600.470722
244.000000 599.997784
243.000000 599.502149
242.000000 599.027062
241.000000 598.623202
240.000000 598.226467
239.000000 597.742038
238.000000 597.228750
237.000000 596.652413
236.000000 596.175111
235.000000 595.824889
234.000000 595.347520
233.000000 594.768967
232.000000 594.228750
231.000000 593.625484
230.000000 593.054125
229.000000 592.625418
228.000000 592.226601
227.000000 591.744187
226.000000 591.253530
225.000000 590.746403
224.000000 590.253530
223.000000 589.744187
222.000000 589.226534
221.000000 588.623202
220.000000 588.026996
219.000000 587.500000
218.000000 586.973004
217.000000 586.376731
216.000000 585.771250
215.000000 585.228683
214.000000 584.620986
213.000000 583.997784
212.000000 583.351885
211.000000 582.648048
210.000000 582.000000
209.000000 581.352019
208.000000 580.650264
207.000000 580.026996
206.000000 579.473004
205.000000 578.849736
204.000000 578.147981
203.000000 577.500000
202.000000 576.851952
201.000000 576.148048
200.000000 575.500000
199.000000 574.851952
198.000000 574.147981
197.000000 573.497717
196.000000 572.822673
195.000000 571.997784
194.000000 571.150264
193.000000 570.381230
192.000000 569.650264
191.000000 568.997717
190.000000 568.320457
189.000000 567.470789
188.000000 566.529211
187.000000 565.679476
186.000000 565.000000
185.000000 564.320524
184.000000 563.470722
183.000000 562.526929
182.000000 561.650264
181.000000 560.852019
180.000000 560.000000
179.000000 559.148048
178.000000 558.351952
177.000000 557.500000
176.000000 556.647981
175.000000 555.849669
174.000000 554.970722
173.000000 553.997717
172.000000 552.999933
171.000000 552.000067
170.000000 551.002283
169.000000 550.029278
168.000000 549.150264
167.000000 548.349736
166.000000 547.470789
165.000000 546.500000
164.000000 545.529211
163.000000 544.650264
162.000067 543.849736
161.002283 542.970722
160.029278 541.997717
159.150264 540.999933
158.349736 540.000000
157.470722 539.000000
156.497717 538.000000
155.499933 537.000000
154.500000 536.000000
153.500067 535.000000
152.502283 534.000000
151.529278 533.000000
150.650331 532.000000
149.852019 531.000000
149.000000 530.000000
148.147981 529.000000
147.349736 528.000000
146.473004 527.000000
145.527062 526.000000
144.652480 525.000000
143.879014 524.000000
143.121053 523.000000
142.349803 522.000000
141.502216 521.000000
140.677260 520.000000
140.000067 519.000000
139.325023 518.000000
138.526996 517.000000
137.798179 516.000000
137.199539 515.000000
136.446009 514.000000
135.553991 513.000000
134.800461 512.000000
134.201821 511.000000
133.473004 510.000000
132.675044 509.000000
132.002216 508.000000
131.352019 507.000000
130.648048 506.000000
129.999933 505.000000
129.349736 504.000000
128.621053 503.000000
127.879014 502.000000
127.152547 501.000000
126.529278 500.000000
126.000000 499.000000
125.470789 498.000000
124.849669 497.000000
124.147981 496.000000
123.500000 495.000000
122.852019 494.000000
122.150331 493.000000
121.529278 492.000000
121.002216 491.000000
120.497851 490.000000
119.972938 489.000000
119.376731 488.000000
118.771250 487.000000
118.228750 486.000000
117.623269 485.000000
117.027062 484.000000
116.502149 483.000000
115.997851 482.000000
115.472938 481.000000
114.876798 480.000000
114.273466 479.000000
113.755813 478.000000
113.246470 477.000000
112.753597 476.000000
112.246470 475.000000
111.755813 474.000000
111.273466 473.000000
110.876798 472.000000
110.473004 471.000000
110.000000 470.000000
109.526996 469.000000
109.123202 468.000000
108.726534 467.000000
108.244187 466.000000
107.753530 465.000000
107.246470 464.000000
106.755813 463.000000
106.273533 462.000000
105.879081 461.000000
105.502216 460.000000
105.148115 459.000000
104.851885 458.000000
104.497784 457.000000
104.120986 456.000000
103.728683 455.000000
103.271317 454.000000
102.878947 453.000000
102.500000 452.000000
102.121053 451.000000
101.728683 450.000000
101.271317 449.000000
100.879014 448.000000
100.502216 447.000000
100.148115 446.000000
99.851885 445.000000
99.497784 444.000000
99.121053 443.000000
98.730966 442.000000
98.300528 441.000000
98.027062 440.000000
97.825023 439.000000
97.500067 438.000000
97.177193 437.000000
97.000000 436.000000
96.822740 435.000000
96.497717 434.000000
96.147981 433.000000
95.852019 432.000000
95.502350 431.000000
95.179543 430.000000
95.029211 429.000000
94.970789 428.000000
94.820457 427.000000
94.497650 426.000000
94.147981 425.000000
93.852019 424.000000
93.502350 423.000000
93.179609 422.000000
93.031494 421.000000
93.000000 420.000000
92.968506 419.000000
92.820457 418.000000
92.500000 417.000000
92.179409 416.000000
92.026996 415.000000
91.943793 414.000000
91.699539 413.000000
91.300461 412.000000
91.056274 411.000000
90.975220 410.000000
90.847587 409.000000
90.620986 408.000000
90.379014 407.000000
90.152480 406.000000
90.027062 405.000000
89.972938 404.000000
89.847520 403.000000
89.620986 402.000000
89.379014 401.000000
89.152547 400.000000
89.029278 399.000000
89.000000 398.000000
88.970722 397.000000
88.847453 396.000000
88.620986 395.000000
88.379014 394.000000
88.152547 393.000000
88.029345 392.000000
88.002216 391.000000
87.997784 390.000000
87.970655 389.000000
87.847453 388.000000
87.620986 387.000000
87.379014 386.000000
87.152547 385.000000
87.029278 384.000000
87.000000 383.000000
86.970789 382.000000
86.849669 381.000000
86.647981 380.000000
86.500000 379.000000
86.352019 378.000000
86.150331 377.000000
86.029278 376.000000
86.002216 375.000000
85.997784 374.000000
85.970722 373.000000
85.849736 372.000000
85.650197 371.000000
85.526996 370.000000
85.473004 369.000000
85.349803 368.000000
85.150264 367.000000
85.029211 366.000000
85.000000 365.000000
84.970789 364.000000
84.849736 363.000000
84.650264 362.000000
84.529278 361.000000
84.502216 360.000000
84.497784 359.000000
84.470722 358.000000
84.349736 357.000000
84.150264 356.000000
84.029345 355.000000
84.004566 354.000000
84.029345 353.000000
84.150264 352.000000
84.349736 351.000000
84.470722 350.000000
84.497717 349.000000
84.499933 348.000000
84.500000 347.000000
84.500000 346.000000
84.500067 345.000000
84.502350 344.000000
84.531561 343.000000
84.679543 342.000000
85.000000 341.000000
85.320457 340.000000
85.468439 339.000000
85.497650 338.000000
85.499933 337.000000
85.500067 336.000000
85.502283 335.000000
85.529345 334.000000
85.652547 333.000000
85.879014 332.000000
86.120986 331.000000
86.347453 330.000000
86.470655 329.000000
86.497717 328.000000
86.500000 327.000000
86.502350 326.000000
86.531561 325.000000
86.679543 324.000000
87.000000 323.000000
87.320457 322.000000
87.468439 321.000000
87.497717 320.000000
87.502283 319.000000
87.531561 318.000000
87.679543 317.000000
88.000000 316.000000
88.320457 315.000000
88.468439 314.000000
88.497650 313.000000
88.500067 312.000000
88.504566 311.000000
88.558557 310.000000
88.800528 309.000000
89.199472 308.000000
89.441443 307.000000
89.495434 306.000000
89.499933 305.000000
89.502350 304.000000
89.531561 303.000000
89.679543 302.000000
90.000000 301.000000
90.320457 300.000000
90.468506 299.000000
90.500000 298.000000
90.531494 297.000000
90.679609 296.000000
91.002350 295.000000
91.352019 294.000000
91.647981 293.000000
91.997650 292.000000
92.320391 291.000000
92.468439 290.000000
92.497784 289.000000
92.504499 288.000000
92.558557 287.000000
92.800528 286.000000
93.199539 285.000000
93.443726 284.000000
93.524780 283.000000
93.652413 282.000000
93.879081 281.000000
94.123335 280.000000
94.379014 279.000000
94.650264 278.000000
95.000000 277.000000
95.349736 276.000000
95.620986 275.000000
95.876731 274.000000
96.123202 273.000000
96.376798 272.000000
96.623202 271.000000
96.876865 270.000000
97.125484 269.000000
97.406077 268.000000
97.773466 267.000000
98.226534 266.000000
98.593990 265.000000
98.876731 264.000000
99.150197 263.000000
99.500000 262.000000
99.849803 261.000000
100.123269 260.000000
100.406010 259.000000
100.773533 258.000000
101.228817 257.000000
101.623202 256.000000
102.024713 255.000000
102.470722 254.000000
102.822740 253.000000
103.026996 252.000000
103.300528 251.000000
103.731033 250.000000
104.123335 249.000000
104.526996 248.000000
105.000000 247.000000
105.473071 246.000000
105.879014 245.000000
106.300461 244.000000
106.876798 243.000000
107.445942 242.000000
107.874516 241.000000
108.271183 240.000000
108.728750 239.000000
109.123269 238.000000
109.527062 237.000000
110.002216 236.000000
110.500000 235.000000
110.997784 234.000000
111.473004 233.000000
111.879014 232.000000
112.300528 231.000000
112.879014 230.000000
113.473004 229.000000
113.997784 228.000000
114.499933 227.000000
115.000000 226.000000
115.500067 225.000000
116.002283 224.000000
116.529278 223.000000
117.150264 222.000000
117.849736 221.000000
118.470722 220.000000
118.997717 219.000000
119.500000 218.000000
120.002283 217.000000
120.529278 216.000000
121.150331 215.000000
121.851952 214.000000
122.497784 213.000000
123.120986 212.000000
123.728750 211.000000
124.273533 210.000000
124.906010 209.000000
125.623202 208.000000
126.347587 207.000000
126.972938 206.000000
127.526996 205.000000
128.150264 204.000000
128.852019 203.000000
129.500000 202.000000
130.148048 201.000000
130.852019 200.000000
131.502216 199.000000
132.175044 198.000000
132.973004 197.000000
133.701755 196.000000
134.298312 195.000000
135.029211 194.000000
135.852019 193.000000
136.621120 192.000000
137.378947 191.000000
138.150264 190.000000
139.000000 189.000000
139.849736 188.000000
140.621053 187.000000
141.379014 186.000000
142.152547 185.000000
143.029278 184.000000
144.000000 183.000000
144.970722 182.000000
145.847453 181.000000
146.620986 180.000000
147.378947 179.000000
148.150264 178.000000
149.000067 177.000000
149.851952 176.000000
150.648048 175.000000
151.500000 174.000000
152.352019 173.000000
153.150331 172.000000
154.029278 171.000000
155.002283 170.000000
156.000067 169.000000
157.000000 168.000000
158.000000 167.000000
158.999933 166.000000
159.997717 165.000000
160.970722 164.000067
161.849736 163.002283
162.650264 162.029278
163.529278 161.150264
164.502283 160.349736
165.500067 159.470722
166.500000 158.497717
167.500000 157.499933
168.500000 156.500000
169.500000 155.500067
170.500000 154.502283
171.500000 153.529278
172.500000 152.650264
173.500000 151.849803
174.500000 150.973004
175.500000 150.027062
176.500000 149.152480
177.500000 148.379014
178.500000 147.620986
179.500000 146.847520
180.500000 145.972938
181.500000 145.027062
182.500000 144.152480
183.500000 143.379081
184.500000 142.623269
185.500000 141.876798
186.500000 141.123202
187.500000 140.376731
188.500000 139.620986
189.500000 138.849736
190.500000 138.000000
191.500000 137.150264
192.500000 136.378947
193.500000 135.621120
194.500000 134.852019
195.500000 134.029211
196.500000 133.298245
197.500000 132.699539
198.500000 131.946009
199.500000 131.054058
200.500000 130.302744
201.500000 129.731100
202.500000 129.123335
203.500000 128.526996
204.500000 127.999933
205.500000 127.470789
206.500000 126.849669
207.500000 126.147981
208.500000 125.500000
209.500000 124.851952
210.500000 124.148115
211.500000 123.502216
212.500000 122.879014
213.500000 122.271317
214.500000 121.728683
215.500000 121.121053
216.500000 120.500000
217.500000 119.878947
218.500000 119.271317
219.500000 118.728750
220.500000 118.123269
221.500000 117.526996
222.500000 117.000000
223.500000 116.473004
224.500000 115.876798
225.500000 115.273533
226.500000 114.758029
227.500000 114.273533
228.500000 113.876731
229.500000 113.470655
230.500000 112.968573
231.500000 112.351885
232.500000 111.677327
233.500000 111.152480
234.500000 110.728817
235.500000 110.244321
236.500000 109.755746
237.500000 109.273466
238.500000 108.876798
239.500000 108.472938
240.500000 107.997851
241.500000 107.502216
242.500000 107.029211
243.500000 106.647981
244.500000 106.320524
245.500000 105.822740
246.500000 105.177260
247.500000 104.679543
248.500000 104.354235
249.500000 103.997851
250.500000 103.620986
251.500000 103.228683
252.500000 102.771317
253.500000 102.379014
254.500000 102.002216
255.500000 101.648048
256.500000 101.349669
257.500000 100.970789
258.500000 100.499933
259.500000 100.026996
260.500000 99.623335
261.500000 99.231100
262.500000 98.802744
263.500000 98.554058
264.500000 98.446009
265.500000 98.199472
266.500000 97.795963
267.500000 97.499933
268.500000 97.201688
269.500000 96.769101
270.500000 96.379014
271.500000 96.004499
272.500000 95.677327
273.500000 95.500000
274.500000 95.322807
275.500000 94.999933
276.500000 94.674977
277.500000 94.473004
278.500000 94.201688
279.500000 93.796029
280.500000 93.500000
281.500000 93.203971
282.500000 92.798379
283.500000 92.529211
284.500000 92.352019
285.500000 92.121120
286.500000 91.878880
287.500000 91.647981
288.500000 91.470789
289.500000 91.201755
290.500000 90.800528
291.500000 90.556274
292.500000 90.475220
293.500000 90.347587
294.500000 90.120986
295.500000 89.879014
296.500000 89.652480
297.500000 89.527062
298.500000 89.472938
299.500000 89.347520
300.500000 89.120986
301.500000 88.878947
302.500000 88.650197
303.500000 88.497784
304.500000 88.322740
305.500000 88.000067
306.500000 87.679476
307.500000 87.529278
308.500000 87.473071
309.500000 87.349736
310.500000 87.147981
311.500000 87.000000
312.500000 86.852019
313.500000 86.650264
314.500000 86.526996
315.500000 86.473004
316.500000 86.349803
317.500000 86.150197
318.500000 86.026996
319.500000 85.973004
320.500000 85.849736
321.500000 85.647981
322.500000 85.500000
323.500000 85.352019
324.500000 85.150331
325.500000 85.029278
326.500000 85.002216
327.500000 84.997784
328.500000 84.970722
329.500000 84.849669
330.500000 84.647981
331.500000 84.500000
332.500000 84.352019
333.500000 84.150331
334.500000 84.029278
335.500000 84.002216
336.500000 83.997784
337.500000 83.970722
338.500000 83.849669
339.500000 83.647981
340.500000 83.500000
341.500000 83.352019
342.500000 83.150331
343.500000 83.029278
344.500000 83.002283
345.500000 83.000067
346.500000 83.000000
347.500000 82.999933
348.500000 82.997717
349.500000 82.970655
350.499933 82.847453
351.497650 82.620986
352.468372 82.379014
353.318108 82.152547
354.531628 82.000067
355.502350 76.000000
356.500067 82.000000
357.500000 82.000000
358.500000 82.000000
359.500000 82.000000
360.500000 82.000000
361.500000 82.000000
362.500000 82.000000
363.500000 82.000000
364.500000 82.000000
365.500000 82.000067
366.500000 82.002283
367.500000 82.029345
368.500000 82.152547
369.500000 82.379014
370.500000 82.620986
371.500000 82.847453
372.500000 82.970655
373.500000 82.997717
374.500000 82.999933
375.500000 83.000000
376.500000 83.000067
377.500000 83.002283
378.500000 83.029345
379.500000 83.152547
380.500000 83.379014
381.500000 83.620986
382.500000 83.847453
383.500000 83.970655
384.500000 83.997717
385.500000 83.999933
386.500000 84.000067
387.500000 84.002350
388.500000 84.031561
389.500000 84.179543
390.500000 84.500000
391.500000 84.820457
392.500000 84.968439
393.500000 84.997650
394.500000 85.000000
395.500000 85.002283
396.500000 85.029345
397.500000 85.152547
398.500000 85.379014
399.500000 85.620986
400.500000 85.847453
401.500000 85.970655
402.500000 85.997784
403.500000 86.002216
404.500000 86.029278
405.500000 86.150331
406.500000 86.352019
407.500000 86.500000
408.500000 86.647981
409.500000 86.849736
410.500000 86.973004
411.500000 87.026996
412.500000 87.150264
413.500000 87.352086
414.500000 87.502283
415.500000 87.677260
416.500000 88.000000
417.500000 88.322740
418.500000 88.497717
419.500000 88.647981
420.500000 88.851952
421.500000 89.000067
422.500000 89.150331
423.500000 89.381230
424.500000 89.650264
425.500000 89.997784
426.500000 90.322673
427.500000 90.497717
428.500000 90.647981
429.500000 90.851952
430.500000 91.000000
431.500000 91.148115
432.500000 91.354235
433.500000 91.529278
434.500000 91.798312
435.500000 92.201688
436.500000 92.470789
437.500000 92.647981
438.500000 92.878880
439.500000 93.121120
440.500000 93.352019
441.500000 93.529278
442.500000 93.800528
443.500000 94.228750
444.500000 94.593990
445.500000 94.874516
446.500000 95.123202
447.500000 95.379014
448.500000 95.650331
449.500000 96.002283
450.500000 96.379014
451.500000 96.771317
452.500000 97.228683
453.500000 97.620919
454.500000 97.995568
455.500000 98.324889
456.500000 98.527062
457.500000 98.800528
458.500000 99.230966
459.500000 99.621053
460.500000 99.997784
461.500000 100.351952
462.500000 100.650331
463.500000 101.029211
464.500000 101.500000
465.500000 101.970789
466.500000 102.349669
467.500000 102.648048
468.500000 103.002216
469.500000 103.379014
470.500000 103.771317
471.500000 104.228683
472.500000 104.621053
473.500000 105.000000
474.500000 105.379014
475.500000 105.773533
476.500000 106.255813
477.500000 106.746470
478.500000 107.253530
479.500000 107.744187
480.500000 108.226534
481.500000 108.623202
482.500000 109.027062
483.500000 109.502216
484.500000 110.000067
485.500000 110.500000
486.500000 111.000000
487.500000 111.499933
488.500000 111.997784
489.500000 112.473004
490.500000 112.879014
491.500000 113.300528
492.500000 113.879014
493.500000 114.473071
494.500000 115.000000
495.500000 115.526996
496.500000 116.123202
497.500000 116.726534
498.500000 117.244254
499.500000 117.755746
500.500000 118.273399
501.500000 118.874582
502.500000 119.446009
503.500000 119.879014
504.500000 120.327524
505.500000 121.002283
506.500000 121.701755
507.500000 122.269101
508.500000 122.878880
509.500000 123.500000
510.500000 124.121053
511.500000 124.728683
512.500000 125.271317
513.500000 125.879014
514.500000 126.502216
515.500000 127.148048
516.500000 127.849669
517.500000 128.470789
518.500000 129.000067
519.500000 129.531427
520.500000 130.177327
521.500000 130.973071
522.500000 131.701755
523.500000 132.298245
524.500000 133.026996
525.500000 133.825023
526.500000 134.500000
527.500000 135.174977
528.500000 135.973004
529.500000 136.701821
530.500000 137.300528
531.500000 138.056207
532.500000 138.973004
533.500000 139.820591
534.500000 140.500000
535.500000 141.179476
536.500000 142.029278
537.500000 142.973004
538.500000 143.847520
539.500000 144.620986
540.500000 145.378947
541.500000 146.150197
542.500000 146.997784
543.500000 147.822740
544.500000 148.500067
545.500000 149.179543
546.500000 150.031427
547.500000 150.997784
548.500000 151.941510
549.500000 152.699472
550.500000 153.300528
551.500000 154.058557
552.500000 155.004499
553.500000 155.997784
554.500000 156.968439
555.500000 157.820457
556.500000 158.499933
557.500000 159.177260
558.500000 160.002283
559.500000 160.852086
560.500000 161.650331
561.500000 162.529211
562.500000 163.500000
563.500000 164.470789
564.500000 165.349736
565.500000 166.150264
566.500000 167.029278
567.500000 168.002283
568.500000 169.000067
569.500000 170.000000
570.500000 171.000000
571.500000 172.000000
572.500000 173.000000
573.500000 174.000000
574.500000 175.000000
575.500000 176.000000
576.500000 177.000000
577.500000 178.000000
578.500000 179.000000
579.500000 180.000000
580.500000 181.000000
581.500000 182.000000
582.500000 183.000000
583.499933 184.000000
584.497717 185.000000
585.470655 186.000000
586.347453 187.000000
587.120986 188.000000
587.879014 189.000000
588.652547 190.000000
589.529278 191.000000
590.500000 192.000000
591.470789 193.000000
592.349669 194.000000
593.147981 195.000000
594.000000 196.000000
594.852019 197.000000
595.650331 198.000000
596.529211 199.000000
597.500000 200.000000
598.470789 201.000000
599.349669 202.000000
600.147981 203.000000
601.000000 204.000000
601.851952 205.000000
602.648048 206.000000
603.500000 207.000000
604.352019 208.000000
605.150264 209.000000
606.026996 210.000000
606.973004 211.000000
607.849736 212.000000
608.647981 213.000000
609.500000 214.000000
610.351952 215.000000
611.148048 216.000000
612.000000 217.000000
612.852019 218.000000
613.650264 219.000000
614.526996 220.000000
615.472938 221.000000
616.347520 222.000000
617.120986 223.000000
617.879014 224.000000
618.652480 225.000000
619.526996 226.000000
620.470722 227.000000
621.320524 228.000000
622.000000 229.000000
622.679543 230.000000
623.531427 231.000000
624.497784 232.000000
625.441510 233.000000
626.199472 234.000000
626.800528 235.000000
627.558557 236.000000
628.504432 237.000000
629.495568 238.000000
630.441443 239.000000
631.199472 240.000000
631.800528 241.000000
632.558557 242.000000
633.504499 243.000000
634.497851 244.000000
635.470655 245.000000
636.347453 246.000000
637.120986 247.000000
637.879014 248.000000
638.652547 249.000000
639.529278 250.000000
640.499933 251.000000
641.468506 252.000000
642.320457 253.000000
643.000000 254.000000
643.679476 255.000000
644.529278 256.000000
645.473004 257.000000
646.347520 258.000000
647.120986 259.000000
647.879014 260.000000
648.652547 261.000000
649.529278 262.000000
650.500000 263.000000
651.470722 264.000000
652.347453 265.000000
653.120986 266.000000
653.879014 267.000000
654.652480 268.000000
655.527062 269.000000
656.472938 270.000000
657.347520 271.000000
658.120986 272.000000
658.879014 273.000000
659.652480 274.000000
660.526996 275.000000
661.470722 276.000000
662.320524 277.000000
663.000000 278.000000
663.679543 279.000000
664.531427 280.000000
665.497784 281.000000
666.441510 282.000000
667.199472 283.000000
667.800528 284.000000
668.558557 285.000000
669.504566 286.000000
670.500134 287.000000
671.500000 288.000000
672.500000 289.000000
673.500000 289.999933
674.500000 290.997717
675.500000 291.970655
676.500000 292.847319
677.500000 293.616353
678.500000 294.318108
679.500000 294.820391
680.500000 295.147914
681.500000 295.526929
682.500000 295.973004
683.500000 296.349803
684.500000 296.650197
685.500000 297.026996
686.500000 297.473004
687.500000 297.849803
688.500000 298.150197
689.500000 298.526996
690.500000 298.973004
691.500000 299.349736
692.500000 299.647981
693.500000 300.000000
694.500000 300.352019
695.500000 300.650331
696.500000 301.029211
697.500000 301.500000
698.500000 301.970789
699.500000 302.349669
700.500000 302.647981
701.500000 303.000000
702.500000 303.351952
703.500000 303.648048
704.500000 304.000000
705.500000 304.351952
706.500000 304.648048
707.500000 305.000000
708.500000 305.352019
709.500000 305.650331
710.500000 306.029211
711.500000 306.500000
712.500000 306.970789
713.500000 307.349669
714.500000 307.647981
715.500000 308.000000
716.500000 308.352019
717.500000 308.650264
718.500000 309.026996
719.500000 309.473004
720.500000 309.849736
721.500000 310.147847
722.500000 310.495300
723.500000 310.788829
724.500000 310.788829
725.500000 310.495300
726.500000 310.147847
727.500000 309.849736
728.500000 309.473004
729.500000 309.026996
730.500000 308.650264
731.500000 308.352019
732.500000 308.000000
733.500000 307.647981
734.500000 307.349669
735.500000 306.970789
736.500000 306.500000
737.500000 306.029211
738.500000 305.650331
739.500000 305.352019
740.500000 305.000000
741.500000 304.648048
742.500000 304.351952
743.500000 304.000000
744.500000 303.648048
745.500000 303.351952
746.500000 303.000000
747.500000 302.647981
748.500000 302.349669
749.500000 301.970789
750.500000 301.500000
751.500000 301.029211
752.500000 300.650331
753.500000 300.352019
754.500000 300.000000
755.500000 299.647981
756.500000 299.349736
757.500000 298.973004
758.500000 298.526996
759.500000 298.150197
760.500000 297.849803
761.500000 297.473004
762.500000 297.026996
763.500000 296.650197
764.500000 296.349803
765.500000 295.973004
766.500000 295.526929
767.500000 295.147914
768.500000 294.820391
769.500000 294.318108
770.500000 293.616353
771.500000 292.847319
772.500000 291.970655
773.500000 290.997717
774.500000 289.999933
775.500000 289.000000
776.500000 288.000000
777.499866 287.000000
778.495434 286.000000
779.441443 285.000000
780.199472 284.000000
780.800528 283.000000
781.558490 282.000000
782.502216 281.000000
783.468573 280.000000
784.320457 279.000000
785.000000 278.000000
785.679476 277.000000
786.529278 276.000000
787.473004 275.000000
788.347520 274.000000
789.120986 273.000000
789.879014 272.000000
790.652480 271.000000
791.527062 270.000000
792.472938 269.000000
793.347520 268.000000
794.120986 267.000000
794.879014 266.000000
795.652547 265.000000
796.529278 264.000000
797.500000 263.000000
798.470722 262.000000
799.347453 261.000000
800.120986 260.000000
800.879014 259.000000
801.652480 258.000000
802.526996 257.000000
803.470722 256.000000
804.320524 255.000000
805.000000 254.000000
805.679543 253.000000
806.531494 252.000000
807.500067 251.000000
808.470722 250.000000
809.347453 249.000000
810.120986 248.000000
810.879014 247.000000
811.652547 246.000000
812.529345 245.000000
813.502149 244.000000
814.495501 243.000000
815.441443 242.000000
816.199472 241.000000
816.800528 240.000000
817.558557 239.000000
818.504432 238.000000
819.495568 237.000000
820.441443 236.000000
821.199472 235.000000
821.800528 234.000000
822.558490 233.000000
823.502216 232.000000
824.468573 231.000000
825.320457 230.000000
826.000000 229.000000
826.679476 228.000000
827.529278 227.000000
828.473004 226.000000
829.347520 225.000000
830.120986 224.000000
830.879014 223.000000
831.652480 222.000000
832.527062 221.000000
833.473004 220.000000
834.349736 219.000000
835.147981 218.000000
836.000000 217.000000
836.851952 216.000000
837.648048 215.000000
838.500000 214.000000
839.352019 213.000000
840.150264 212.000000
841.026996 211.000000
841.973004 210.000000
842.849736 209.000000
843.647981 208.000000
844.500000 207.000000
845.351952 206.000000
846.148048 205.000000
847.000000 204.000000
847.852019 203.000000
848.650331 202.000000
849.529211 201.000000
850.500000 200.000000
851.470789 199.000000
852.349669 198.000000
853.147981 197.000000
854.000000 196.000000
854.852019 195.000000
855.650331 194.000000
856.529211 193.000000
857.500000 192.000000
858.470722 191.000000
859.347453 190.000000
860.120986 189.000000
860.879014 188.000000
861.652547 187.000000
862.529345 186.000000
863.502283 185.000000
864.500067 184.000000
865.500000 183.000000
866.500000 182.000000
867.500000 181.000000
868.500000 180.000000
869.500000 179.000000
870.500000 178.000000
871.500000 177.000000
872.500000 176.000000
873.500000 175.000000
874.500000 174.000000
875.500000 173.000000
876.500000 172.000000
877.500000 171.000000
878.500000 170.000000
879.500000 169.000067
880.500000 168.002283
881.500000 167.029278
882.500000 166.150264
883.500000 165.349736
884.500000 164.470789
885.500000 163.500000
886.500000 162.529211
887.500000 161.650331
888.500000 160.852086
889.500000 160.002283
890.500000 159.177260
891.500000 158.499933
892.500000 157.820457
893.500000 156.968439
894.500000 155.997784
895.500000 155.004499
896.500000 154.058557
897.500000 153.300528
898.500000 152.699472
899.500000 151.941510
900.500000 150.997784
901.500000 150.031427
902.500000 149.179543
903.500000 148.500067
904.500000 147.822740
905.500000 146.997784
906.500000 146.150197
907.500000 145.378947
908.500000 144.620986
909.500000 143.847520
910.500000 142.973004
911.500000 142.029278
912.500000 141.179476
913.500000 140.500000
914.500000 139.820591
915.500000 138.973004
916.500000 138.056207
917.500000 137.300528
918.500000 136.701821
919.500000 135.973004
920.500000 135.174977
921.500000 134.500000
922.500000 133.825023
923.500000 133.026996
924.500000 132.298245
925.500000 131.701755
926.500000 130.973071
927.500000 130.177327
928.500000 129.531427
929.500000 129.000067
930.500000 128.470789
931.500000 127.849669
932.500000 127.148048
933.500000 126.502216
934.500000 125.879014
935.500000 125.271317
936.500000 124.728683
937.500000 124.121053
938.500000 123.500000
939.500000 122.878880
940.500000 122.269101
941.500000 121.701755
942.500000 121.002283
943.500000 120.327524
944.500000 119.879014
945.500000 119.446009
946.500000 118.874582
947.500000 118.273399
948.500000 117.755746
949.500000 117.244254
950.500000 116.726534
951.500000 116.123202
952.500000 115.526996
953.500000 115.000000
954.500000 114.473071
955.500000 113.879014
956.500000 113.300528
957.500000 112.879014
958.500000 112.473004
959.500000 111.997784
960.500000 111.499933
961.500000 111.000000
962.500000 110.500000
963.500000 110.000067
964.500000 109.502216
965.500000 109.027062
966.500000 108.623202
967.500000 108.226534
968.500000 107.744187
969.500000 107.253530
970.500000 106.746470
971.500000 106.255813
972.500000 105.773533
973.500000 105.379014
974.500000 105.000000
975.500000 104.621053
976.500000 104.228683
977.500000 103.771317
978.500000 103.379014
979.500000 103.002216
980.500000 102.648048
981.500000 102.349669
982.500000 101.970789
983.500000 101.500000
984.500000 101.029211
985.500000 100.650331
986.500000 100.351952
987.500000 99.997784
988.500000 99.621053
989.500000 99.230966
990.500000 98.800528
991.500000 98.527062
992.500000 98.324889
993.500000 97.995568
994.500000 97.620919
995.500000 97.228683
996.500000 96.771317
997.500000 96.379014
998.500000 96.002283
999.500000 95.650331
1000.500000 95.379014
1001.500000 95.123202
1002.500000 94.874516
1003.500000 94.593990
1004.500000 94.228750
1005.500000 93.800528
1006.500000 93.529278
1007.500000 93.352019
1008.500000 93.121120
1009.500000 92.878880
1010.500000 92.647981
1011.500000 92.470789
1012.500000 92.201688
1013.500000 91.798312
1014.500000 91.529278
1015.500000 91.354235
1016.500000 91.148115
1017.500000 91.000000
1018.500000 90.851952
1019.500000 90.647981
1020.500000 90.497717
1021.500000 90.322673
1022.500000 89.997784
1023.500000 89.650264
1024.500000 89.381230
1025.500000 89.150331
1026.500000 89.000067
1027.500000 88.851952
1028.500000 88.647981
1029.500000 88.497717
1030.500000 88.322740
1031.500000 88.000000
1032.500000 87.677260
1033.500000 87.502283
1034.500000 87.352086
1035.500000 87.150264
1036.500000 87.026996
1037.500000 86.973004
1038.500000 86.849736
1039.500000 86.647981
1040.500000 86.500000
1041.500000 86.352019
1042.500000 86.150331
1043.500000 86.029278
1044.500000 86.002216
1045.500000 85.997784
1046.500000 85.970655
1047.500000 85.847453
1048.500000 85.620986
1049.500000 85.379014
1050.500000 85.152547
1051.500000 85.029345
1052.500000 85.002283
1053.500000 85.000000
1054.500000 84.997650
1055.500000 84.968439
1056.500000 84.820457
1057.500000 84.500000
1058.500000 84.179543
1059.500000 84.031561
1060.500000 84.002350
1061.500000 84.000067
1062.500000 83.999933
1063.500000 83.997717
1064.500000 83.970655
1065.500000 83.847453
1066.500000 83.620986
1067.500000 83.379014
1068.500000 83.152547
1069.500000 83.029345
1070.500000 83.002283
1071.500000 83.000067
1072.500000 83.000000
1073.500000 82.999933
1074.500000 82.997717
1075.500000 82.970655
1076.500000 82.847453
1077.500000 82.620986
1078.500000 82.379014
1079.500000 82.152547
1080.500000 82.029345
1081.500000 82.002283
1082.500000 82.000067
1083.500000 82.000000
1084.500000 82.000000
1085.500000 82.000000
1086.500000 82.000000
1087.500000 82.000000
1088.500000 82.000000
1089.500000 82.000000
1090.500000 82.000000
1091.499933 82.000000
1092.497650 82.000000
1093.468372 82.000067
1094.681892 82.152547
1095.531628 82.379014
1096.502350 82.620986
1097.500067 82.847453
1098.500000 82.970655
1099.500000 82.997717
1100.500000 82.999933
1101.500000 83.000000
1102.500000 83.000067
1103.500000 83.002283
1104.500000 83.029278
1105.500000 83.150331
1106.500000 83.352019
1107.500000 83.500000
1108.500000 83.647981
1109.500000 83.849669
1110.500000 83.970722
1111.500000 83.997784
1112.500000 84.002216
1113.500000 84.029278
1114.500000 84.150331
1115.500000 84.352019
1116.500000 84.500000
1117.500000 84.647981
1118.500000 84.849669
1119.500000 84.970722
1120.500000 84.997784
1121.500000 85.002216
1122.500000 85.029278
1123.500000 85.150331
1124.500000 85.352019
1125.500000 85.500000
1126.500000 85.647981
1127.500000 85.849736
1128.500000 85.973004
1129.500000 86.026996
1130.500000 86.150197
1131.500000 86.349803
1132.500000 86.473004
1133.500000 86.526996
1134.500000 86.650264
1135.500000 86.852019
1136.500000 87.000000
1137.500000 87.147981
1138.500000 87.349736
1139.500000 87.473071
1140.500000 87.529278
1141.500000 87.679476
1142.500000 88.000067
1143.500000 88.322740
1144.500000 88.497784
1145.500000 88.650197
1146.500000 88.878947
1147.500000 89.120986
1148.500000 89.347520
1149.500000 89.472938
1150.500000 89.527062
1151.500000 89.652480
1152.500000 89.879014
1153.500000 90.120986
1154.500000 90.347587
1155.500000 90.475220
1156.500000 90.556274
1157.500000 90.800528
1158.500000 91.201755
1159.500000 91.470789
1160.500000 91.647981
1161.500000 91.878880
1162.500000 92.121120
1163.500000 92.352019
1164.500000 92.529211
1165.500000 92.798379
1166.500000 93.203971
1167.500000 93.500000
1168.500000 93.796029
1169.500000 94.201688
1170.500000 94.473004
1171.500000 94.674977
1172.500000 94.999933
1173.500000 95.322807
1174.500000 95.500000
1175.500000 95.677327
1176.500000 96.004499
1177.500000 96.379014
1178.500000 96.769101
1179.500000 97.201688
1180.500000 97.499933
1181.500000 97.795963
1182.500000 98.199472
1183.500000 98.446009
1184.500000 98.554058
1185.500000 98.802744
1186.500000 99.231100
1187.500000 99.623335
1188.500000 100.026996
1189.500000 100.499933
1190.500000 100.970789
1191.500000 101.349669
1192.500000 101.648048
1193.500000 102.002216
1194.500000 102.379014
1195.500000 102.771317
1196.500000 103.228683
1197.500000 103.620986
1198.500000 103.997851
1199.500000 104.354235
1200.500000 104.679543
1201.500000 105.177260
1202.500000 105.822740
1203.500000 106.320524
1204.500000 106.647981
1205.500000 107.029211
1206.500000 107.502216
1207.500000 107.997851
1208.500000 108.472938
1209.500000 108.876798
1210.500000 109.273466
1211.500000 109.755746
1212.500000 110.244321
1213.500000 110.728817
1214.500000 111.152480
1215.500000 111.677327
1216.500000 112.351885
1217.500000 112.968573
1218.500000 113.470655
1219.500000 113.876731
1220.500000 114.273533
1221.500000 114.758029
1222.500000 115.273533
1223.500000 115.876798
1224.500000 116.473004
1225.500000 117.000000
1226.500000 117.526996
1227.500000 118.123269
1228.500000 118.728750
1229.500000 119.271317
1230.500000 119.878947
1231.500000 120.500000
1232.500000 121.121053
1233.500000 121.728683
1234.500000 122.271317
1235.500000 122.879014
1236.500000 123.502216
1237.500000 124.148115
1238.500000 124.851952
1239.500000 125.500000
1240.500000 126.147981
1241.500000 126.849669
1242.500000 127.470789
1243.500000 127.999933
1244.500000 128.526996
1245.500000 129.123335
1246.500000 129.731100
1247.500000 130.302744
1248.500000 131.054058
1249.500000 131.946009
1250.500000 132.699539
1251.500000 133.298245
1252.500000 134.029211
1253.500000 134.852019
1254.500000 135.621120
1255.500000 136.378947
1256.500000 137.150264
1257.500000 138.000000
1258.500000 138.849736
1259.500000 139.620986
1260.500000 140.376731
1261.500000 141.123202
1262.500000 141.876798
1263.500000 142.623269
1264.500000 143.379081
1265.500000 144.152480
1266.500000 145.027062
1267.500000 145.972938
1268.500000 146.847520
1269.500000 147.620986
1270.500000 148.379014
1271.500000 149.152480
1272.500000 150.027062
1273.500000 150.973004
1274.500000 151.849803
1275.500000 152.650264
1276.500000 153.529278
1277.500000 154.502283
1278.500000 155.500067
1279.500000 156.500000
1280.500000 157.499933
1281.500000 158.497717
1282.499933 159.470722
1283.497717 160.349736
1284.470722 161.150264
1285.349736 162.029278
1286.150264 163.002283
1287.029278 164.000067
1288.002283 165.000000
1289.000067 166.000000
1290.000000 167.000000
1291.000000 168.000000
1291.999933 169.000000
1292.997717 170.000000
1293.970722 171.000000
1294.849669 172.000000
1295.647981 173.000000
1296.500000 174.000000
1297.351952 175.000000
1298.148048 176.000000
1298.999933 177.000000
1299.849736 178.000000
1300.621053 179.000000
1301.379014 180.000000
1302.152547 181.000000
1303.029278 182.000000
1304.000000 183.000000
1304.970722 184.000000
1305.847453 185.000000
1306.620986 186.000000
1307.378947 187.000000
1308.150264 188.000000
1309.000000 189.000000
1309.849736 190.000000
1310.621053 191.000000
1311.378880 192.000000
1312.147981 193.000000
1312.970789 194.000000
1313.701688 195.000000
1314.298245 196.000000
1315.026996 197.000000
1315.824956 198.000000
1316.497784 199.000000
1317.147981 200.000000
1317.851952 201.000000
1318.500000 202.000000
1319.147981 203.000000
1319.849736 204.000000
1320.473004 205.000000
1321.027062 206.000000
1321.652413 207.000000
1322.376798 208.000000
1323.093990 209.000000
1323.726467 210.000000
1324.271250 211.000000
1324.879014 212.000000
1325.502216 213.000000
1326.148048 214.000000
1326.849669 215.000000
1327.470722 216.000000
1327.997717 217.000000
1328.500000 218.000000
1329.002283 219.000000
1329.529278 220.000000
1330.150264 221.000000
1330.849736 222.000000
1331.470722 223.000000
1331.997717 224.000000
1332.499933 225.000000
1333.000000 226.000000
1333.500067 227.000000
1334.002216 228.000000
1334.526996 229.000000
1335.120986 230.000000
1335.699472 231.000000
1336.120986 232.000000
1336.526996 233.000000
1337.002216 234.000000
1337.500000 235.000000
1337.997784 236.000000
1338.472938 237.000000
1338.876731 238.000000
1339.271250 239.000000
1339.728817 240.000000
1340.125484 241.000000
1340.554058 242.000000
1341.123202 243.000000
1341.699539 244.000000
1342.120986 245.000000
1342.526929 246.000000
1343.000000 247.000000
1343.473004 248.000000
1343.876665 249.000000
1344.268967 250.000000
1344.699472 251.000000
1344.973004 252.000000
1345.177260 253.000000
1345.529278 254.000000
1345.975287 255.000000
1346.376798 256.000000
1346.771183 257.000000
1347.226467 258.000000
1347.593990 259.000000
1347.876731 260.000000
1348.150197 261.000000
1348.500000 262.000000
1348.849803 263.000000
1349.123269 264.000000
1349.406010 265.000000
1349.773466 266.000000
1350.226534 267.000000
1350.593923 268.000000
1350.874516 269.000000
1351.123135 270.000000
1351.376798 271.000000
1351.623202 272.000000
1351.876798 273.000000
1352.123269 274.000000
1352.379014 275.000000
1352.650264 276.000000
1353.000000 277.000000
1353.349736 278.000000
1353.620986 279.000000
1353.876665 280.000000
1354.120919 281.000000
1354.347587 282.000000
1354.475220 283.000000
1354.556274 284.000000
1354.800461 285.000000
1355.199472 286.000000
1355.441443 287.000000
1355.495501 288.000000
1355.502216 289.000000
1355.531561 290.000000
1355.679609 291.000000
1356.002350 292.000000
1356.352019 293.000000
1356.647981 294.000000
1356.997650 295.000000
1357.320391 296.000000
1357.468506 297.000000
1357.500000 298.000000
1357.531494 299.000000
1357.679543 300.000000
1358.000000 301.000000
1358.320457 302.000000
1358.468439 303.000000
1358.497650 304.000000
1358.500067 305.000000
1358.504566 306.000000
1358.558557 307.000000
1358.800528 308.000000
1359.199472 309.000000
1359.441443 310.000000
1359.495434 311.000000
1359.499933 312.000000
1359.502350 313.000000
1359.531561 314.000000
1359.679543 315.000000
1360.000000 316.000000
1360.320457 317.000000
1360.468439 318.000000
1360.497717 319.000000
1360.502283 320.000000
1360.531561 321.000000
1360.679543 322.000000
1361.000000 323.000000
1361.320457 324.000000
1361.468439 325.000000
1361.497650 326.000000
1361.500000 327.000000
1361.502283 328.000000
1361.529345 329.000000
1361.652547 330.000000
1361.879014 331.000000
1362.120986 332.000000
1362.347453 333.000000
1362.470655 334.000000
1362.497717 335.000000
1362.499933 336.000000
1362.500067 337.000000
1362.502350 338.000000
1362.531561 339.000000
1362.679543 340.000000
1363.000000 341.000000
1363.320457 342.000000
1363.468439 343.000000
1363.497650 344.000000
1363.499933 345.000000
1363.500000 346.000000
1363.500000 347.000000
1363.500067 348.000000
1363.502283 349.000000
1363.529278 350.000000
1363.650264 351.000000
1363.849736 352.000000
1363.970655 353.000000
1363.995434 354.000000
1363.970655 355.000000
1363.849736 356.000000
1363.650264 357.000000
1363.529278 358.000000
1363.502216 359.000000
1363.497784 360.000000
1363.470722 361.000000
1363.349736 362.000000
1363.150264 363.000000
1363.029211 364.000000
1363.000000 365.000000
1362.970789 366.000000
1362.849736 367.000000
1362.650197 368.000000
1362.526996 369.000000
1362.473004 370.000000
1362.349803 371.000000
1362.150264 372.000000
1362.029278 373.000000
1362.002216 374.000000
1361.997784 375.000000
1361.970722 376.000000
1361.849669 377.000000
1361.647981 378.000000
1361.500000 379.000000
1361.352019 380.000000
1361.150331 381.000000
1361.029211 382.000000
1361.000000 383.000000
1360.970722 384.000000
1360.847453 385.000000
1360.620986 386.000000
1360.379014 387.000000
1360.152547 388.000000
1360.029345 389.000000
1360.002216 390.000000
1359.997784 391.000000
1359.970655 392.000000
1359.847453 393.000000
1359.620986 394.000000
1359.379014 395.000000
1359.152547 396.000000
1359.029278 397.000000
1359.000000 398.000000
1358.970722 399.000000
1358.847453 400.000000
1358.620986 401.000000
1358.379014 402.000000
1358.152480 403.000000
1358.027062 404.000000
1357.972938 405.000000
1357.847520 406.000000
1357.620986 407.000000
1357.379014 408.000000
1357.152413 409.000000
1357.024780 410.000000
1356.943726 411.000000
1356.699539 412.000000
1356.300461 413.000000
1356.056207 414.000000
1355.973004 415.000000
1355.820591 416.000000
1355.500000 417.000000
1355.179543 418.000000
1355.031494 419.000000
1355.000000 420.000000
1354.968506 421.000000
1354.820391 422.000000
1354.497650 423.000000
1354.147981 424.000000
1353.852019 425.000000
1353.502350 426.000000
1353.179543 427.000000
1353.029211 428.000000
1352.970789 429.000000
1352.820457 430.000000
1352.497650 431.000000
1352.147981 432.000000
1351.852019 433.000000
1351.502283 434.000000
1351.177260 435.000000
1351.000000 436.000000
1350.822807 437.000000
1350.499933 438.000000
1350.174977 439.000000
1349.972938 440.000000
1349.699472 441.000000
1349.269034 442.000000
1348.878947 443.000000
1348.502216 444.000000
1348.148115 445.000000
1347.851885 446.000000
1347.497784 447.000000
1347.120986 448.000000
1346.728683 449.000000
1346.271317 450.000000
1345.878947 451.000000
1345.500000 452.000000
1345.121053 453.000000
1344.728683 454.000000
1344.271317 455.000000
1343.879014 456.000000
1343.502216 457.000000
1343.148115 458.000000
1342.851885 459.000000
1342.497784 460.000000
1342.120919 461.000000
1341.726467 462.000000
1341.244187 463.000000
1340.753530 464.000000
1340.246470 465.000000
1339.755813 466.000000
1339.273466 467.000000
1338.876798 468.000000
1338.473004 469.000000
1338.000000 470.000000
1337.526996 471.000000
1337.123202 472.000000
1336.726534 473.000000
1336.244187 474.000000
1335.753530 475.000000
1335.246403 476.000000
1334.753530 477.000000
1334.244187 478.000000
1333.726534 479.000000
1333.123202 480.000000
1332.527062 481.000000
1332.002149 482.000000
1331.497851 483.000000
1330.972938 484.000000
1330.376731 485.000000
1329.771250 486.000000
1329.228750 487.000000
1328.623269 488.000000
1328.027062 489.000000
1327.502149 490.000000
1326.997784 491.000000
1326.470722 492.000000
1325.849669 493.000000
1325.147981 494.000000
1324.500000 495.000000
1323.852019 496.000000
1323.150331 497.000000
1322.529211 498.000000
1322.000000 499.000000
1321.470722 500.000000
1320.847453 501.000000
1320.120986 502.000000
1319.378947 503.000000
1318.650264 504.000000
1318.000067 505.000000
1317.351952 506.000000
1316.647981 507.000000
1315.997784 508.000000
1315.324956 509.000000
1314.526996 510.000000
1313.798179 511.000000
1313.199539 512.000000
1312.446009 513.000000
1311.553991 514.000000
1310.800461 515.000000
1310.201821 516.000000
1309.473004 517.000000
1308.674977 518.000000
1307.999933 519.000000
1307.322740 520.000000
1306.497784 521.000000
1305.650197 522.000000
1304.878947 523.000000
1304.120986 524.000000
1303.347520 525.000000
1302.472938 526.000000
1301.526996 527.000000
1300.650264 528.000000
1299.852019 529.000000
1299.000000 530.000000
1298.147981 531.000000
1297.349669 532.000000
1296.470722 533.000000
1295.497717 534.000000
1294.499933 535.000000
1293.500000 536.000000
1292.500067 537.000000
1291.502283 538.000000
1290.529278 539.000000
1289.650264 540.000000
1288.849736 540.999933
1287.970722 541.997717
1286.997717 542.970722
1285.999933 543.849736
1285.000000 544.650264
1284.000000 545.529211
1283.000000 546.500000
1282.000000 547.470789
1281.000000 548.349736
1280.000000 549.150264
1279.000000 550.029278
1278.000000 551.002283
1277.000000 552.000067
1276.000000 552.999933
1275.000000 553.997717
1274.000000 554.970722
1273.000000 555.849669
1272.000000 556.647981
1271.000000 557.500000
1270.000000 558.351952
1269.000000 559.148048
1268.000000 560.000000
1267.000000 560.852019
1266.000000 561.650264
1265.000000 562.526929
1264.000000 563.470722
1263.000000 564.320524
1262.000000 565.000000
1261.000000 565.679476
1260.000000 566.529211
1259.000000 567.470789
1258.000000 568.320457
1257.000000 568.997717
1256.000000 569.650264
1255.000000 570.381230
1254.000000 571.150264
1253.000000 571.997784
1252.000000 572.822673
1251.000000 573.497717
1250.000000 574.147981
1249.000000 574.851952
1248.000000 575.500000
1247.000000 576.148048
1246.000000 576.851952
1245.000000 577.500000
1244.000000 578.147981
1243.000000 578.849736
1242.000000 579.473004
1241.000000 580.026996
1240.000000 580.650264
1239.000000 581.352019
1238.000000 582.000000
1237.000000 582.648048
1236.000000 583.351885
1235.000000 583.997784
1234.000000 584.620986
1233.000000 585.228683
1232.000000 585.771250
1231.000000 586.376731
1230.000000 586.973004
1229.000000 587.500000
1228.000000 588.026996
1227.000000 588.623202
1226.000000 589.226534
1225.000000 589.744187
1224.000000 590.253530
1223.000000 590.746403
1222.000000 591.253530
1221.000000 591.744187
1220.000000 592.226601
1219.000000 592.625418
1218.000000 593.054125
1217.000000 593.625484
1216.000000 594.228750
1215.000000 594.768967
1214.000000 595.347520
1213.000000 595.824889
1212.000000 596.175111
1211.000000 596.652413
1210.000000 597.228750
1209.000000 597.742038
1208.000000 598.226467
1207.000000 598.623202
1206.000000 599.027062
1205.000000 599.502149
1204.000000 599.997784
1203.000000 600.470722
1202.000000 600.849736
1201.000000 601.150264
1200.000000 601.529278
1199.000000 602.002216
1198.000000 602.497784
1197.000000 602.970722
1196.000000 603.349736
1195.000000 603.650197
1194.000000 604.026996
1193.000000 604.473004
1192.000000 604.849736
1191.000000 605.147981
1190.000000 605.500000
1189.000000 605.851952
1188.000000 606.148048
1187.000000 606.500000
1186.000000 606.852019
1185.000000 607.150264
1184.000000 607.526996
1183.000000 607.973004
1182.000000 608.349736
1181.000000 608.647981
1180.000000 608.999933
1179.000000 609.349736
1178.000000 609.620986
1177.000000 609.876731
1176.000000 610.123269
1175.000000 610.379081
1174.000000 610.652480
1173.000000 611.026996
1172.000000 611.470722
1171.000000 611.820457
1170.000000 611.997717
1169.000000 612.150197
1168.000000 612.379014
1167.000000 612.623269
1166.000000 612.876798
1165.000000 613.123202
1164.000000 613.376798
1163.000000 613.623202
1162.000000 613.876798
1161.000000 614.123202
1160.000000 614.376731
1159.000000 614.620919
1158.000000 614.847520
1157.000000 614.973004
1156.000000 615.029278
1155.000000 615.179543
1154.000000 615.502283
1153.000000 615.849736
1152.000000 616.118770
1151.000000 616.349669
1150.000000 616.499933
1149.000000 616.648048
1148.000000 616.852019
1147.000000 617.002283
1146.000000 617.177260
1145.000000 617.499933
1144.000000 617.820457
1143.000000 617.968439
1142.000000 617.997717
1141.000000 618.002283
1140.000000 618.031561
1139.000000 618.179543
1138.000000 618.500000
1137.000000 618.820457
1136.000000 618.968439
1135.000000 618.997650
1134.000000 618.999933
1133.000000 619.000134
1132.000000 619.004566
1131.000000 619.058557
1130.000000 619.300528
1129.000000 619.699472
1128.000000 619.941443
1127.000000 619.995434
1126.000000 619.999933
1125.000000 620.002350
1124.000000 620.031561
1123.000000 620.179543
1122.000000 620.500000
1121.000000 620.820457
1120.000000 620.968439
1119.000000 620.997650
1118.000000 620.999933
1117.000000 621.000000
1116.000000 621.000134
1115.000000 621.004566
1114.000000 621.058557
1113.000000 621.300528
1112.000000 621.699472
1111.000000 621.941443
1110.000000 621.995434
1109.000000 621.999866
1108.000000 622.000000
1107.000000 622.000000
1106.000000 622.000067
1105.000000 622.002350
1104.000000 622.031561
1103.000000 622.179543
1102.000000 622.500000
1101.000000 622.820457
1100.000000 622.968439
1099.000000 622.997650
1098.000000 622.999933
1097.000000 623.000000
1096.000000 623.000000
1095.000000 623.000067
1094.000000 623.002283
1093.000000 623.029278
1092.000000 623.150197
1091.000000 623.347453
1090.000000 623.441443
1089.000000 623.347453
1088.000000 623.150197
1087.000000 623.029278
1086.000000 623.002283
1085.000000 623.000067
1084.000000 623.000000
1083.000000 622.999933
1082.000000 622.997717
1081.000000 622.970655
1080.000000 622.847453
1079.000000 622.620986
1078.000000 622.379014
1077.000000 622.152547
1076.000000 622.029345
1075.000000 622.002283
1074.000000 622.000067
1073.000000 621.999933
1072.000000 621.997717
1071.000000 621.970655
1070.000000 621.847453
1069.000000 621.620986
1068.000000 621.379014
1067.000000 621.152547
1066.000000 621.029345
1065.000000 621.002283
1064.000000 621.000000
1063.000000 620.997717
1062.000000 620.970722
1061.000000 620.849669
1060.000000 620.647981
1059.000000 620.500000
1058.000000 620.352019
1057.000000 620.150331
1056.000000 620.029211
1055.000000 620.000000
1054.000000 619.970789
1053.000000 619.849669
1052.000000 619.647981
1051.000000 619.500000
1050.000000 619.352019
1049.000000 619.150331
1048.000000 619.029211
1047.000000 619.000000
1046.000000 618.970722
1045.000000 618.847453
1044.000000 618.620986
1043.000000 618.379014
1042.000000 618.152547
1041.000000 618.029278
1040.000000 618.000000
1039.000000 617.970789
1038.000000 617.849669
1037.000000 617.647981
1036.000000 617.500000
1035.000000 617.352019
1034.000000 617.150264
1033.000000 617.026996
1032.000000 616.972938
1031.000000 616.847453
1030.000000 616.618703
1029.000000 616.349669
1028.000000 616.000000
1027.000000 615.650331
1026.000000 615.381297
1025.000000 615.152547
1024.000000 615.027062
1023.000000 614.972938
1022.000000 614.847520
1021.000000 614.620919
1020.000000 614.376665
1019.000000 614.120986
1018.000000 613.849803
1017.000000 613.502283
1016.000000 613.179543
1015.000000 613.029211
1014.000000 612.970789
1013.000000 612.820457
1012.000000 612.497650
1011.000000 612.147981
1010.000000 611.851952
1009.000000 611.500067
1008.000000 611.150264
1007.000000 610.878947
1006.000000 610.621053
1005.000000 610.349803
1004.000000 610.002149
1003.000000 609.675044
1002.000000 609.472938
1001.000000 609.199539
1000.000000 608.771250
999.000000 608.405943
998.000000 608.123269
997.000000 607.849803
996.000000 607.500000
995.000000 607.150197
994.000000 606.876731
993.000000 606.594057
992.000000 606.228683
991.000000 605.798245
990.000000 605.500000
989.000000 605.201688
988.000000 604.769101
987.000000 604.378880
986.000000 604.000000
985.000000 603.620986
984.000000 603.226467
983.000000 602.744187
982.000000 602.253530
981.000000 601.746537
980.000000 601.258029
979.000000 600.800528
978.000000 600.500067
977.000000 600.201688
976.000000 599.768967
975.000000 599.374449
974.000000 598.946009
973.000000 598.379014
972.000000 597.827524
971.000000 597.502216
970.000000 597.199539
969.000000 596.741971
968.000000 596.253463
967.000000 595.746403
966.000000 595.253597
965.000000 594.746403
964.000000 594.253597
963.000000 593.746403
962.000000 593.253597
961.000000 592.746403
960.000000 592.253530
959.000000 591.744187
958.000000 591.226601
957.000000 590.625418
956.000000 590.054058
955.000000 589.623202
954.000000 589.199539
953.000000 588.620919
952.000000 588.024713
951.000000 587.472938
950.000000 586.849803
949.000000 586.150264
948.000000 585.529278
947.000000 585.002216
946.000000 584.497784
945.000000 583.970722
944.000000 583.349669
943.000000 582.647981
942.000000 582.000000
941.000000 581.351952
940.000000 580.648048
939.000000 580.000000
938.000000 579.352019
937.000000 578.650264
936.000000 578.026929
935.000000 577.470789
934.000000 576.822740
933.000000 576.026929
932.000000 575.298312
931.000000 574.703971
930.000000 574.000000
929.000000 573.296029
928.000000 572.701688
927.000000 571.973004
926.000000 571.174977
925.000000 570.499933
924.000000 569.822807
923.000000 569.000000
922.000000 568.177193
921.000000 567.499933
920.000000 566.820591
919.000000 565.973004
918.000000 565.056207
917.000000 564.300528
916.000000 563.701821
915.000000 562.973004
914.000000 562.174977
913.000000 561.499866
912.000000 560.820457
911.000000 559.968506
910.000000 559.000000
909.000000 558.031494
908.000000 557.179543
907.000000 556.500000
906.000000 555.820457
905.000000 554.968506
904.000000 553.999933
903.000000 553.029211
902.000000 552.150264
901.000000 551.349803
900.000000 550.473004
899.000000 549.526996
898.000000 548.650197
897.000000 547.849736
896.000000 546.970722
895.000000 545.997784
894.000000 545.002216
893.000000 544.029278
892.000000 543.150264
891.000000 542.349736
890.000000 541.470722
889.000000 540.497717
888.000000 539.499933
887.000000 538.500000
886.000000 537.500067
885.000000 536.502283
884.000000 535.529278
883.000000 534.650264
882.000000 533.849736
881.000000 532.970722
880.000000 531.997717
879.000000 530.999933
878.000000 530.000000
877.000000 529.000000
876.000000 528.000000
875.000067 527.000000
874.002283 526.000000
873.029278 525.000000
872.150264 524.000000
871.349736 523.000000
870.470722 522.000000
869.497717 521.000000
868.499933 520.000000
867.500000 519.000000
866.500000 518.000000
865.500000 517.000000
864.500000 516.000000
863.500067 515.000000
862.502283 514.000000
861.529278 513.000000
860.650264 512.000000
859.849736 511.000000
858.970789 510.000000
858.000000 509.000000
857.029211 508.000000
856.150264 507.000000
855.349803 506.000000
854.473004 505.000000
853.527062 504.000000
852.652480 503.000000
851.879014 502.000000
851.121053 501.000000
850.349736 500.000000
849.499933 499.000000
848.647981 498.000000
847.849669 497.000000
846.970855 496.000000
846.002283 495.000000
845.058490 494.000000
844.300528 493.000000
843.699472 492.000000
842.941510 491.000000
841.997784 490.000000
841.031561 489.000134
840.184242 488.004700
839.563256 487.063256
839.184242 486.363785
