608.815758 492.672368
608.436744 493.352712
607.815758 494.262805
606.968439 495.215447
606.002216 496.166498
605.058490 497.118806
604.300528 498.080497
603.699472 499.050117
602.941510 500.011807
601.997717 500.964112
601.029145 501.915178
600.150331 502.870794
599.352019 503.830494
598.500067 504.787509
597.650264 505.744660
596.878947 506.705795
596.120986 507.667630
595.347520 508.628717
594.472938 509.584759
593.526996 510.537270
592.650197 511.493308
591.849736 512.453223
590.970789 513.409269
590.000000 514.360798
589.029211 515.312414
588.150264 516.268687
587.349736 517.228931
586.470722 518.185356
585.497717 519.137224
584.499933 520.087982
583.500000 521.038759
582.500000 521.989662
581.500000 522.940700
580.500000 523.891879
579.500067 524.843207
578.502283 525.794791
577.529278 526.747727
576.650264 527.705340
575.849736 528.666850
574.970722 529.624712
573.997717 530.578225
572.999933 531.530730
572.000000 532.483316
571.000000 533.436087
570.000000 534.389050
569.000000 535.342144
568.000000 536.293291
567.000000 537.219863
566.000000 538.052656
565.000000 538.807177
564.000000 539.640401
563.000000 540.567838
562.000000 541.520281
561.000000 542.475102
560.000000 543.430156
559.000000 544.383298
558.000000 545.311901
557.000000 546.146758
556.000000 546.903375
555.000000 547.738729
554.000000 548.668259
553.000000 549.620676
552.000000 550.550722
551.000000 551.387107
550.000000 552.145203
549.000000 552.979904
548.000000 553.884086
547.000000 554.719331
546.000000 555.478513
545.000000 556.316458
544.000000 557.246458
543.000000 558.174590
542.000000 558.986385
541.000000 559.626057
540.000000 560.266017
539.000000 561.078676
538.000000 562.008180
537.000000 562.937976
536.000000 563.751514
535.000000 564.392804
534.000000 565.030094
533.000000 565.790599
532.000000 566.482195
531.000000 567.043980
530.000000 567.763041
529.000000 568.643523
528.000000 569.455099
527.000000 570.098735
526.000000 570.740594
525.000000 571.528308
524.000000 572.316329
523.000000 572.958977
522.000000 573.599851
521.000000 574.364017
520.000000 575.059148
519.000000 575.620248
518.000000 576.291285
517.000000 576.962632
516.000000 577.524661
515.000000 578.221274
514.000000 578.985392
513.000000 579.602056
512.000000 580.127122
511.000000 580.719693
510.000000 581.390992
509.000000 582.008826
508.000000 582.627035
507.000000 583.301408
506.000000 583.920232
505.000000 584.539297
504.000000 585.212374
503.000000 585.805121
502.000000 586.304183
501.000000 586.780918
500.000000 587.280586
499.000000 587.874480
498.000000 588.547229
497.000000 589.143873
496.000000 589.669457
495.000000 590.239770
494.000000 590.792794
493.000000 591.191157
492.000000 591.597008
491.000000 592.143655
490.000000 592.720419
489.000000 593.213876
488.000000 593.699378
487.000000 594.168699
486.000000 594.652627
485.000000 595.122453
484.000000 595.606950
483.000000 596.077341
482.000000 596.562400
481.000000 597.033350
480.000000 597.518831
479.000000 597.986036
478.000000 598.422573
477.000000 598.704493
476.000000 599.009313
475.000000 599.540584
474.000000 600.087626
473.000000 600.496379
472.000000 600.871472
471.000000 601.285029
470.000000 601.564504
469.000000 601.846318
468.000000 602.285427
467.000000 602.755797
466.000000 603.244902
465.000000 603.717922
464.000000 604.182812
463.000000 604.560185
462.000000 604.922298
461.000000 605.284518
460.000000 605.658317
459.000000 606.074720
458.000000 606.357083
457.000000 606.639612
456.000000 607.054565
455.000000 607.404682
454.000000 607.672327
453.000000 607.930987
452.000000 608.266206
451.000000 608.601646
450.000000 608.860967
449.000000 609.129712
448.000000 609.481303
447.000000 609.896088
446.000000 610.156193
445.000000 610.345211
444.000000 610.659434
443.000000 610.994409
442.000000 611.253180
441.000000 611.498794
440.000000 611.758027
439.000000 612.095940
438.000000 612.436127
437.000000 612.720649
436.000000 613.058998
435.000000 613.370671
434.000000 613.510050
433.000000 613.557704
432.000000 613.697444
431.000000 614.009770
430.000000 614.347052
429.000000 614.608168
428.000000 614.853952
427.000000 615.088479
426.000000 615.305519
425.000000 615.421541
424.000000 615.466432
423.000000 615.582843
422.000000 615.802677
421.000000 616.062951
420.000000 616.404015
419.000000 616.745230
418.000000 617.005961
417.000000 617.226555
416.000000 617.344030
415.000000 617.390223
414.000000 617.505768
413.000000 617.699939
412.000000 617.840475
411.000000 617.981147
410.000000 618.175659
409.000000 618.289736
408.000000 618.312036
407.000000 618.334531
406.000000 618.451143
405.000000 618.671078
404.000000 618.906641
403.000000 619.126820
402.000000 619.243921
401.000000 619.267149
400.000000 619.290426
399.000000 619.405725
398.000000 619.601704
397.000000 619.744088
396.000000 619.886580
395.000000 620.082887
394.000000 620.198730
393.000000 620.222770
392.000000 620.246912
391.000000 620.363062
390.000000 620.559879
389.000000 620.703088
388.000000 620.846392
387.000000 621.043497
386.000000 621.160060
385.000000 621.182656
384.000000 621.180630
383.000000 621.178692
382.000000 621.201620
381.000000 621.320773
380.000000 621.543274
379.000000 621.781363
378.000000 622.004028
377.000000 622.123507
376.000000 622.146925
375.000000 622.145573
374.000000 622.142215
373.000000 622.141013
372.000000 622.164730
371.000000 622.284658
370.000000 622.507921
369.000000 622.746758
368.000000 622.970158
367.000000 623.090359
366.000000 623.114487
365.000000 623.113831
364.000000 623.111090
363.000000 623.108410
362.000000 623.107940
361.000000 623.132309
360.000000 623.250660
359.000000 623.445405
358.000000 623.536940
357.000000 623.440550
356.000000 623.240948
355.000000 623.117736
354.000000 623.088500
353.000000 623.084094
352.000000 623.081887
351.000000 623.079796
350.000000 623.077686
349.000000 623.073407
348.000000 623.042246
347.000000 622.892360
346.000000 622.570042
345.000000 622.247767
344.000000 622.098011
343.000000 622.067067
342.000000 622.063092
341.000000 622.061373
340.000000 622.059760
339.000000 622.058052
338.000000 622.052083
337.000000 621.996592
336.000000 621.753156
335.000000 621.352783
334.000000 621.109418
333.000000 621.054066
332.000000 621.048306
331.000000 621.046877
330.000000 621.045546
329.000000 621.042031
328.000000 621.011617
327.000000 620.862463
326.000000 620.540862
325.000000 620.219289
324.000000 620.070220
323.000000 620.039949
322.000000 620.036498
321.000000 620.030991
320.000000 619.976018
319.000000 619.733089
318.000000 619.333212
317.000000 619.090331
316.000000 619.035453
315.000000 619.030157
314.000000 619.029115
313.000000 619.026012
312.000000 618.996001
311.000000 618.847241
310.000000 618.526026
309.000000 618.204830
308.000000 618.056129
307.000000 618.026151
306.000000 618.020903
305.000000 617.990960
304.000000 617.842332
303.000000 617.521178
302.000000 617.197892
301.000000 617.022319
300.000000 616.871474
299.000000 616.666938
298.000000 616.518273
297.000000 616.367474
296.000000 616.136054
295.000000 615.866513
294.000000 615.518567
293.000000 615.195347
292.000000 615.044617
291.000000 614.987889
290.000000 614.861963
289.000000 614.634932
288.000000 614.390328
287.000000 614.136392
286.000000 613.889594
285.000000 613.635613
284.000000 613.388837
283.000000 613.134878
282.000000 612.888122
281.000000 612.634249
280.000000 612.389662
279.000000 612.160521
278.000000 612.007727
277.000000 611.830161
276.000000 611.480129
275.000000 611.036114
274.000000 610.661318
273.000000 610.387647
272.000000 610.131570
271.000000 609.884776
270.000000 609.628781
269.000000 609.357289
268.000000 609.007251
267.000000 608.655071
266.000000 608.356604
265.000000 607.979657
264.000000 607.533439
263.000000 607.156505
262.000000 606.858063
261.000000 606.505853
260.000000 606.153716
259.000000 605.857440
258.000000 605.505313
257.000000 605.153125
256.000000 604.854715
255.000000 604.477825
254.000000 604.031661
253.000000 603.654713
252.000000 603.354106
251.000000 602.974951
250.000000 602.501876
249.000000 602.006176
248.000000 601.533109
247.000000 601.153970
246.000000 600.853321
245.000000 600.474190
244.000000 600.001139
243.000000 599.505394
242.000000 599.030200
241.000000 598.626236
240.000000 598.229402
239.000000 597.744876
238.000000 597.231493
237.000000 596.655065
236.000000 596.177674
235.000000 595.827368
234.000000 595.349915
233.000000 594.771282
232.000000 594.230988
231.000000 593.627647
230.000000 593.056214
229.000000 592.627436
228.000000 592.228552
227.000000 591.746072
226.000000 591.255350
225.000000 590.748162
224.000000 590.255228
223.000000 589.745828
222.000000 589.228119
221.000000 588.624732
220.000000 588.028473
219.000000 587.501427
218.000000 586.974382
217.000000 586.378061
216.000000 585.772534
215.000000 585.229922
214.000000 584.622182
213.000000 583.998939
212.000000 583.352999
211.000000 582.649123
210.000000 582.001038
209.000000 581.353020
208.000000 580.651230
207.000000 580.027927
206.000000 579.473903
205.000000 578.850603
204.000000 578.148818
203.000000 577.500807
202.000000 576.852730
201.000000 576.148799
200.000000 575.500724
199.000000 574.852649
198.000000 574.148654
197.000000 573.498366
196.000000 572.823299
195.000000 571.998387
194.000000 571.150845
193.000000 570.381790
192.000000 569.650804
191.000000 568.998237
190.000000 568.320959
189.000000 567.471271
188.000000 566.529677
187.000000 565.679924
186.000000 565.000432
185.000000 564.320940
184.000000 563.471122
183.000000 562.527315
182.000000 561.650636
181.000000 560.852377
180.000000 560.000345
179.000000 559.148380
178.000000 558.352271
177.000000 557.500308
176.000000 556.648277
175.000000 555.849954
174.000000 554.970996
173.000000 553.997981
172.000000 553.000187
171.000000 552.000312
170.000000 551.002518
169.000000 550.029505
168.000000 549.150482
167.000000 548.349946
166.000000 547.470990
165.000000 546.500194
164.000000 545.529398
163.000000 544.650444
162.000067 543.849909
161.002283 542.970888
160.029278 541.997877
159.150264 541.000088
158.349736 540.000150
157.470722 539.000145
156.497717 538.000139
155.499933 537.000134
154.500000 536.000129
153.500067 535.000124
152.502283 534.000119
151.529278 533.000114
150.650331 532.000110
149.852019 531.000107
149.000000 530.000103
148.147981 529.000100
147.349736 528.000097
146.473004 527.000093
145.527062 526.000090
144.652480 525.000087
143.879014 524.000084
143.121053 523.000082
142.349803 522.000079
141.502216 521.000076
140.677260 520.000074
140.000067 519.000072
139.325023 518.000070
138.526996 517.000068
137.798179 516.000066
137.199539 515.000064
136.446009 514.000062
135.553991 513.000060
134.800461 512.000058
134.201821 511.000057
133.473004 510.000055
132.675044 509.000053
132.002216 508.000052
131.352019 507.000051
130.648048 506.000049
129.999933 505.000048
129.349736 504.000047
128.621053 503.000045
127.879014 502.000044
127.152547 501.000042
126.529278 500.000041
126.000000 499.000040
125.470789 498.000040
124.849669 497.000039
124.147981 496.000037
123.500000 495.000036
122.852019 494.000036
122.150331 493.000034
121.529278 492.000034
121.002216 491.000033
120.497851 490.000032
119.972938 489.000031
119.376731 488.000031
118.771250 487.000030
118.228750 486.000029
117.623269 485.000029
117.027062 484.000028
116.502149 483.000027
115.997851 482.000027
115.472938 481.000026
114.876798 480.000025
114.273466 479.000025
113.755813 478.000024
113.246470 477.000024
112.753597 476.000023
112.246470 475.000023
111.755813 474.000022
111.273466 473.000022
110.876798 472.000021
110.473004 471.000021
110.000000 470.000021
109.526996 469.000020
109.123202 468.000020
108.726534 467.000020
108.244187 466.000019
107.753530 465.000019
107.246470 464.000018
106.755813 463.000018
106.273533 462.000018
105.879081 461.000017
105.502216 460.000017
105.148115 459.000017
104.851885 458.000017
104.497784 457.000016
104.120986 456.000016
103.728683 455.000016
103.271317 454.000015
102.878947 453.000015
102.500000 452.000015
102.121053 451.000015
101.728683 450.000014
101.271317 449.000014
100.879014 448.000014
100.502216 447.000014
100.148115 446.000014
99.851885 445.000013
99.497784 444.000013
99.121053 443.000013
98.730966 442.000013
98.300528 441.000012
98.027062 440.000012
97.825023 439.000012
97.500067 438.000012
97.177193 437.000012
97.000000 436.000012
96.822740 435.000012
96.497717 434.000012
96.147981 433.000011
95.852019 432.000011
95.502350 431.000011
95.179543 430.000011
95.029211 429.000011
94.970789 428.000011
94.820457 427.000011
94.497650 426.000011
94.147981 425.000010
93.852019 424.000010
93.502350 423.000010
93.179609 422.000010
93.031494 421.000010
93.000000 420.000010
92.968506 419.000010
92.820457 418.000010
92.500000 417.000010
92.179409 416.000010
92.026996 415.000009
91.943793 414.000009
91.699539 413.000009
91.300461 412.000009
91.056274 411.000009
90.975220 410.000009
90.847587 409.000009
90.620986 408.000009
90.379014 407.000009
90.152480 406.000009
90.027062 405.000009
89.972938 404.000009
89.847520 403.000009
89.620986 402.000009
89.379014 401.000008
89.152547 400.000008
89.029278 399.000008
89.000000 398.000008
88.970722 397.000008
88.847453 396.000008
88.620986 395.000008
88.379014 394.000008
88.152547 393.000008
88.029345 392.000008
88.002216 391.000008
87.997784 390.000008
87.970655 389.000008
87.847453 388.000008
87.620986 387.000008
87.379014 386.000008
87.152547 385.000008
87.029278 384.000008
87.000000 383.000008
86.970789 382.000008
86.849669 381.000008
86.647981 380.000007
86.500000 379.000007
86.352019 378.000007
86.150331 377.000007
86.029278 376.000007
86.002216 375.000007
85.997784 374.000007
85.970722 373.000007
85.849736 372.000007
85.650197 371.000007
85.526996 370.000007
85.473004 369.000007
85.349803 368.000007
85.150264 367.000007
85.029211 366.000007
85.000000 365.000007
84.970789 364.000007
84.849736 363.000007
84.650264 362.000007
84.529278 361.000007
84.502216 360.000007
84.497784 359.000007
84.470722 358.000007
84.349736 357.000007
84.150264 356.000007
84.029345 355.000007
84.004566 354.000007
84.029345 353.000007
84.150264 352.000007
84.349736 351.000007
84.470722 350.000007
84.497717 349.000007
84.499933 348.000007
84.500000 347.000007
84.500000 346.000007
84.500067 345.000007
84.502350 344.000007
84.531561 343.000007
84.679543 342.000007
85.000000 341.000007
85.320457 340.000007
85.468439 339.000007
85.497650 338.000007
85.499933 337.000007
85.500067 336.000007
85.502283 335.000007
85.529345 334.000007
85.652547 333.000007
85.879014 332.000007
86.120986 331.000007
86.347453 330.000007
86.470655 329.000007
86.497717 328.000007
86.500000 327.000007
86.502350 326.000007
86.531561 325.000007
86.679543 324.000007
87.000000 323.000008
87.320457 322.000008
87.468439 321.000008
87.497717 320.000008
87.502283 319.000008
87.531561 318.000008
87.679543 317.000008
88.000000 316.000008
88.320457 315.000008
88.468439 314.000008
88.497650 313.000008
88.500067 312.000008
88.504566 311.000008
88.558557 310.000008
88.800528 309.000008
89.199472 308.000008
89.441443 307.000008
89.495434 306.000008
89.499933 305.000008
89.502350 304.000008
89.531561 303.000009
89.679543 302.000009
90.000000 301.000009
90.320457 300.000009
90.468506 299.000009
90.500000 298.000009
90.531494 297.000009
90.679609 296.000009
91.002350 295.000009
91.352019 294.000009
91.647981 293.000009
91.997650 292.000009
92.320391 291.000010
92.468439 290.000010
92.497784 289.000010
92.504499 288.000010
92.558557 287.000010
92.800528 286.000010
93.199539 285.000010
93.443726 284.000010
93.524780 283.000010
93.652413 282.000010
93.879081 281.000010
94.123335 280.000010
94.379014 279.000011
94.650264 278.000011
95.000000 277.000011
95.349736 276.000011
95.620986 275.000011
95.876731 274.000011
96.123202 273.000011
96.376798 272.000011
96.623202 271.000012
96.876865 270.000012
97.125484 269.000012
97.406077 268.000012
97.773466 267.000012
98.226534 266.000012
98.593990 265.000013
98.876731 264.000013
99.150197 263.000013
99.500000 262.000013
99.849803 261.000013
100.123269 260.000014
100.406010 259.000014
100.773533 258.000014
101.228817 257.000014
101.623202 256.000014
102.024713 255.000015
102.470722 254.000015
102.822740 253.000015
103.026996 252.000015
103.300528 251.000015
103.731033 250.000016
104.123335 249.000016
104.526996 248.000016
105.000000 247.000017
105.473071 246.000017
105.879014 245.000017
106.300461 244.000018
106.876798 243.000018
107.445942 242.000019
107.874516 241.000019
108.271183 240.000019
108.728750 239.000020
109.123269 238.000020
109.527062 237.000020
110.002216 236.000021
110.500000 235.000021
110.997784 234.000022
111.473004 233.000022
111.879014 232.000022
112.300528 231.000023
112.879014 230.000023
113.473004 229.000024
113.997784 228.000024
114.499933 227.000025
115.000000 226.000026
115.500067 225.000026
116.002283 224.000027
116.529278 223.000027
117.150264 222.000028
117.849736 221.000029
118.470722 220.000030
118.997717 219.000030
119.500000 218.000031
120.002283 217.000032
120.529278 216.000032
121.150331 215.000033
121.851952 214.000034
122.497784 213.000035
123.120986 212.000036
123.728750 211.000037
124.273533 210.000038
124.906010 209.000039
125.623202 208.000040
126.347587 207.000041
126.972938 206.000042
127.526996 205.000043
128.150264 204.000044
128.852019 203.000046
129.500000 202.000047
130.148048 201.000048
130.852019 200.000049
131.502216 199.000051
132.175044 198.000052
132.973004 197.000054
133.701755 196.000056
134.298312 195.000057
135.029211 194.000059
135.852019 193.000061
136.621120 192.000063
137.378947 191.000065
138.150264 190.000067
139.000000 189.000069
139.849736 188.000072
140.621053 187.000074
141.379014 186.000076
142.152547 185.000078
143.029278 184.000081
144.000000 183.000085
144.970722 182.000088
145.847453 181.000091
146.620986 180.000094
147.378947 179.000097
148.150264 178.000100
149.000067 177.000103
149.851952 176.000107
150.648048 175.000110
151.500000 174.000114
152.352019 173.000118
153.150331 172.000122
154.029278 171.000126
155.002283 170.000131
156.000067 169.000136
157.000000 168.000142
158.000000 167.000148
158.999933 166.000154
159.997717 165.000160
160.970722 164.000233
161.849736 163.002454
162.650264 162.029455
163.529278 161.150447
164.502283 160.349926
165.500067 159.470919
166.500000 158.497923
167.500000 157.500147
168.500000 156.500222
169.500000 155.500298
170.500000 154.502523
171.500000 153.529528
172.500000 152.650523
173.500000 151.850072
174.500000 150.973284
175.500000 150.027353
176.500000 149.152782
177.500000 148.379328
178.500000 147.621311
179.500000 146.847858
180.500000 145.973289
181.500000 145.027427
182.500000 144.152859
183.500000 143.379474
184.500000 142.623677
185.500000 141.877222
186.500000 141.123642
187.500000 140.377188
188.500000 139.621460
189.500000 138.850228
190.500000 138.000510
191.500000 137.150794
192.500000 136.379497
193.500000 135.621690
194.500000 134.852610
195.500000 134.029825
196.500000 133.298882
197.500000 132.700199
198.500000 131.946694
199.500000 131.054769
200.500000 130.303481
201.500000 129.731864
202.500000 129.124128
203.500000 128.527817
204.500000 128.000785
205.500000 127.471671
206.500000 126.850584
207.500000 126.148930
208.500000 125.500983
209.500000 124.852971
210.500000 124.149171
211.500000 123.503310
212.500000 122.880148
213.500000 122.272492
214.500000 121.729901
215.500000 121.122314
216.500000 120.501307
217.500000 119.880301
218.500000 119.272719
219.500000 118.730202
220.500000 118.124772
221.500000 117.528553
222.500000 117.001612
223.500000 116.474674
224.500000 115.878527
225.500000 115.275322
226.500000 114.759881
227.500000 114.275450
228.500000 113.878716
229.500000 113.472709
230.500000 112.970698
231.500000 112.354084
232.500000 111.679603
233.500000 111.154835
234.500000 110.731254
235.500000 110.246842
236.500000 109.758353
237.500000 109.276163
238.500000 108.879588
239.500000 108.475823
240.500000 108.000835
241.500000 107.505302
242.500000 107.032402
243.500000 106.651280
244.500000 106.323935
245.500000 105.826267
246.500000 105.180905
247.500000 104.683311
248.500000 104.358129
249.500000 104.001876
250.500000 103.625146
251.500000 103.232982
252.500000 102.775759
253.500000 102.383604
254.500000 102.006958
255.500000 101.652947
256.500000 101.354730
257.500000 100.976016
258.500000 100.505333
259.500000 100.032573
260.500000 99.629095
261.500000 99.237048
262.500000 98.808886
263.500000 98.560400
264.500000 98.452556
265.500000 98.206231
266.500000 97.802941
267.500000 97.507136
268.500000 97.209122
269.500000 96.776774
270.500000 96.386933
271.500000 96.012671
272.500000 95.685759
273.500000 95.508701
274.500000 95.331785
275.500000 95.009195
276.500000 94.684531
277.500000 94.482860
278.500000 94.211853
279.500000 93.806514
280.500000 93.510813
281.500000 93.215121
282.500000 92.809878
283.500000 92.541067
284.500000 92.364243
285.500000 92.133722
286.500000 91.891872
287.500000 91.661373
288.500000 91.484592
289.500000 91.215981
290.500000 90.815190
291.500000 90.571384
292.500000 90.490790
293.500000 90.363630
294.500000 90.137515
295.500000 89.896043
296.500000 89.670023
297.500000 89.545133
298.500000 89.491551
299.500000 89.366691
300.500000 89.140729
301.500000 88.899280
302.500000 88.671134
303.500000 88.519342
304.500000 88.344936
305.500000 88.022918
306.500000 87.703000
307.500000 87.553494
308.500000 87.497997
309.500000 87.375390
310.500000 87.174384
311.500000 87.027171
312.500000 86.879978
313.500000 86.679033
314.500000 86.556595
315.500000 86.503457
316.500000 86.381130
317.500000 86.182423
318.500000 86.060143
319.500000 86.007097
320.500000 85.884799
321.500000 85.684039
322.500000 85.537079
323.500000 85.390144
324.500000 85.189531
325.500000 85.069579
326.500000 85.043646
327.500000 85.040372
328.500000 85.014497
329.500000 84.894662
330.500000 84.694223
331.500000 84.547521
332.500000 84.400851
333.500000 84.200507
334.500000 84.080832
335.500000 84.055181
336.500000 84.052196
337.500000 84.026616
338.500000 83.907081
339.500000 83.706949
340.500000 83.560562
341.500000 83.414213
342.500000 83.214197
343.500000 83.094857
344.500000 83.069615
345.500000 83.069195
346.500000 83.070966
347.500000 83.072782
348.500000 83.072493
349.500000 83.047404
350.499933 82.926221
351.497650 82.701816
352.468372 82.461897
353.318108 82.237265
354.531628 80.087469
355.502350 82.089603
356.500067 82.091917
357.500000 82.094290
358.500000 82.096717
359.500000 82.099200
360.500000 82.101739
361.500000 82.104337
362.500000 82.106993
363.500000 82.109709
364.500000 82.112486
365.500000 82.115393
366.500000 82.120512
367.500000 82.150542
368.500000 82.276777
369.500000 82.506345
370.500000 82.751486
371.500000 82.981192
372.500000 83.107703
373.500000 83.138147
374.500000 83.143818
375.500000 83.147415
376.500000 83.151087
377.500000 83.156987
378.500000 83.187811
379.500000 83.314855
380.500000 83.545247
381.500000 83.791225
382.500000 84.021784
383.500000 84.149163
384.500000 84.180491
385.500000 84.187061
386.500000 84.191639
387.500000 84.198458
388.500000 84.232299
389.500000 84.385005
390.500000 84.710284
391.500000 85.035660
392.500000 85.188661
393.500000 85.222993
394.500000 85.230567
395.500000 85.238178
396.500000 85.270675
397.500000 85.399420
398.500000 85.631540
399.500000 85.879275
400.500000 86.111620
401.500000 86.240814
402.500000 86.274053
403.500000 86.284712
404.500000 86.318123
405.500000 86.445645
406.500000 86.653927
407.500000 86.808628
408.500000 86.963457
409.500000 87.172189
410.500000 87.302566
411.500000 87.363799
412.500000 87.494444
413.500000 87.703780
414.500000 87.861630
415.500000 88.044402
416.500000 88.375079
417.500000 88.705902
418.500000 88.889108
419.500000 89.047750
420.500000 89.260250
421.500000 89.417048
422.500000 89.576149
423.500000 89.816043
424.500000 90.094230
425.500000 90.451065
426.500000 90.785433
427.500000 90.970120
428.500000 91.130195
429.500000 91.344146
430.500000 91.502346
431.500000 91.660788
432.500000 91.877409
433.500000 92.063133
434.500000 92.343027
435.500000 92.757445
436.500000 93.037773
437.500000 93.226379
438.500000 93.468881
439.500000 93.722913
440.500000 93.965799
441.500000 94.155241
442.500000 94.438870
443.500000 94.879670
444.500000 95.257691
445.500000 95.551201
446.500000 95.813078
447.500000 96.082290
448.500000 96.367216
449.500000 96.732990
450.500000 97.123758
451.500000 97.530314
452.500000 98.002154
453.500000 98.409083
454.500000 98.798650
455.500000 99.143114
456.500000 99.360658
457.500000 99.649724
458.500000 100.095994
459.500000 100.502147
460.500000 100.895181
461.500000 101.265889
462.500000 101.581049
463.500000 101.976953
464.500000 102.465009
465.500000 102.953311
466.500000 103.349954
467.500000 103.666346
468.500000 104.038778
469.500000 104.434096
470.500000 104.845174
471.500000 105.321574
472.500000 105.733237
473.500000 106.131741
474.500000 106.530575
475.500000 106.945179
476.500000 107.447812
477.500000 107.959092
478.500000 108.487045
479.500000 108.998869
480.500000 109.502657
481.500000 109.921042
482.500000 110.346898
483.500000 110.844326
484.500000 111.364733
485.500000 111.887505
486.500000 112.410628
487.500000 112.933969
488.500000 113.455516
489.500000 113.954721
490.500000 114.385006
491.500000 114.831086
492.500000 115.434430
493.500000 116.053640
494.500000 116.606017
495.500000 117.158756
496.500000 117.781004
497.500000 118.410677
498.500000 118.955038
499.500000 119.493470
500.500000 120.038366
501.500000 120.667095
502.500000 121.266370
503.500000 121.727528
504.500000 122.204496
505.500000 122.908018
506.500000 123.636560
507.500000 124.233284
508.500000 124.872748
509.500000 125.523861
510.500000 126.175215
511.500000 126.813456
512.500000 127.387009
513.500000 128.025935
514.500000 128.680676
515.500000 129.358356
516.500000 130.092136
517.500000 130.745723
518.500000 131.307780
519.500000 131.872228
520.500000 132.551525
521.500000 133.380976
522.500000 134.143675
523.500000 134.774490
524.500000 135.537872
525.500000 136.370840
526.500000 137.081063
527.500000 137.791593
528.500000 138.625479
529.500000 139.390459
530.500000 140.025633
531.500000 140.818082
532.500000 141.771951
533.500000 142.656910
534.500000 143.373990
535.500000 144.091436
536.500000 144.979505
537.500000 145.961793
538.500000 146.875164
539.500000 147.687777
540.500000 148.485177
541.500000 149.296154
542.500000 150.183755
543.500000 151.049009
544.500000 151.766918
545.500000 152.487255
546.500000 153.380281
547.500000 154.388055
548.500000 155.373472
549.500000 156.173396
550.500000 156.816683
551.500000 157.617209
552.500000 158.605912
553.500000 159.642219
554.500000 160.656154
555.500000 161.551707
556.500000 162.274968
557.500000 162.996330
558.500000 163.865633
559.500000 164.759958
560.500000 165.602964
561.500000 166.526840
562.500000 167.542856
563.500000 168.559100
564.500000 169.483726
565.500000 170.330153
566.500000 171.255283
567.500000 172.274615
568.500000 173.318934
569.500000 174.365606
570.500000 175.412544
571.500000 176.459677
572.500000 177.507001
573.500000 178.554511
574.500000 179.602201
575.500000 180.650069
576.500000 181.698107
577.500000 182.746313
578.500000 183.794680
579.500000 184.843204
580.500000 185.891879
581.500000 186.940700
582.500000 187.989662
583.499933 189.038755
584.497717 190.087873
585.470655 191.135887
586.347453 192.179252
587.120986 193.217583
587.879014 194.255209
588.652547 195.293666
589.529278 196.337326
590.500000 197.385752
591.470789 198.434265
592.349669 199.478252
593.147981 200.518259
594.000000 201.561009
594.852019 202.603807
595.650331 203.643948
596.529211 204.688181
597.500000 205.737086
598.470789 206.786032
599.349669 207.830376
600.147981 208.870676
601.000000 209.913705
601.851952 210.956747
602.648048 211.996976
603.500000 213.040035
604.352019 214.083099
605.150264 215.123444
606.026996 216.167750
606.973004 217.215544
607.849736 218.259821
608.647981 219.300117
609.500000 220.343103
610.351952 221.386057
611.148048 222.426166
612.000000 223.469052
612.852019 224.511899
613.650264 225.552000
614.526996 226.595992
615.472938 227.643391
616.347520 228.687147
617.120986 229.725786
617.879014 230.763599
618.652480 231.802120
619.526996 232.845597
620.470722 233.892415
621.320524 234.934480
622.000000 235.968048
622.679543 237.001557
623.531427 238.043472
624.497784 239.090892
625.441510 240.137062
626.199472 241.174040
626.800528 242.203296
627.558557 243.240103
628.504432 244.285887
629.495568 245.333683
630.441443 246.379120
631.199472 247.415404
631.800528 248.444090
632.558557 249.480158
633.504499 250.524992
634.497851 251.571855
635.470655 252.617526
636.347453 253.658494
637.120986 254.694479
637.879014 255.729595
638.652547 256.765275
639.529278 257.805523
640.499933 258.849836
641.468506 259.893791
642.320457 260.932229
643.000000 261.962735
643.679476 262.993100
644.529278 264.030876
645.473004 265.072562
646.347520 266.110936
647.120986 267.144668
647.879014 268.177533
648.652547 269.210869
649.529278 270.248402
650.500000 271.289644
651.470722 272.330546
652.347453 273.367191
653.120986 274.399283
653.879014 275.430513
654.652480 276.462149
655.527062 277.497640
656.472938 278.535681
657.347520 279.570532
658.120986 280.601091
658.879014 281.630799
659.652480 282.660861
660.526996 283.694542
661.470722 284.730515
662.320524 285.762571
663.000000 286.787970
663.679543 287.813162
664.531427 288.844445
665.497784 289.879524
666.441510 290.913358
667.199472 291.940225
667.800528 292.961334
668.558557 293.987705
669.504566 295.020220
670.500134 296.053957
671.500000 297.087338
672.500000 298.120212
673.500000 299.152503
674.500000 300.182122
675.500000 301.186366
676.500000 302.093800
677.500000 302.893063
678.500000 303.624499
679.500000 304.155910
680.500000 304.512003
681.500000 304.919021
682.500000 305.392530
683.500000 305.796186
684.500000 306.122857
685.500000 306.525345
686.500000 306.996452
687.500000 307.397752
688.500000 307.722046
689.500000 308.122138
690.500000 308.590829
691.500000 308.989626
692.500000 309.309318
693.500000 309.682157
694.500000 310.054368
695.500000 310.372240
696.500000 310.770042
697.500000 311.259112
698.500000 311.747537
699.500000 312.143406
700.500000 312.458055
701.500000 312.825755
702.500000 313.192730
703.500000 313.503188
704.500000 313.868837
705.500000 314.233818
706.500000 314.542275
707.500000 314.905914
708.500000 315.268946
709.500000 315.577593
710.500000 315.966130
711.500000 316.445893
712.500000 316.924974
713.500000 317.311461
714.500000 317.616694
715.500000 317.974945
716.500000 318.332507
717.500000 318.635605
718.500000 319.016498
719.500000 319.465976
720.500000 319.845483
721.500000 320.145678
722.500000 320.494519
723.500000 320.788742
724.500000 320.788742
725.500000 320.494519
726.500000 320.145678
727.500000 319.845483
728.500000 319.465976
729.500000 319.016498
730.500000 318.635605
731.500000 318.332507
732.500000 317.974945
733.500000 317.616694
734.500000 317.311461
735.500000 316.924974
736.500000 316.445893
737.500000 315.966130
738.500000 315.577593
739.500000 315.268946
740.500000 314.905914
741.500000 314.542275
742.500000 314.233818
743.500000 313.868837
744.500000 313.503188
745.500000 313.192730
746.500000 312.825755
747.500000 312.458055
748.500000 312.143406
749.500000 311.747537
750.500000 311.259112
751.500000 310.770042
752.500000 310.372240
753.500000 310.054368
754.500000 309.682157
755.500000 309.309318
756.500000 308.989626
757.500000 308.590829
758.500000 308.122138
759.500000 307.722046
760.500000 307.397752
761.500000 306.996452
762.500000 306.525345
763.500000 306.122857
764.500000 305.796186
765.500000 305.392530
766.500000 304.919021
767.500000 304.512003
768.500000 304.155910
769.500000 303.624499
770.500000 302.893063
771.500000 302.093800
772.500000 301.186366
773.500000 300.182122
774.500000 299.152503
775.500000 298.120212
776.500000 297.087338
777.499866 296.053957
778.495434 295.020220
779.441443 293.987705
780.199472 292.961334
780.800528 291.940225
781.558490 290.913358
782.502216 289.879524
783.468573 288.844445
784.320457 287.813162
785.000000 286.787970
785.679476 285.762571
786.529278 284.730515
787.473004 283.694542
788.347520 282.660861
789.120986 281.630799
789.879014 280.601091
790.652480 279.570532
791.527062 278.535681
792.472938 277.497640
793.347520 276.462149
794.120986 275.430513
794.879014 274.399283
795.652547 273.367191
796.529278 272.330546
797.500000 271.289644
798.470722 270.248402
799.347453 269.210869
800.120986 268.177533
800.879014 267.144668
801.652480 266.110936
802.526996 265.072562
803.470722 264.030876
804.320524 262.993100
805.000000 261.962735
805.679543 260.932229
806.531494 259.893791
807.500067 258.849836
808.470722 257.805523
809.347453 256.765275
810.120986 255.729595
810.879014 254.694479
811.652547 253.658494
812.529345 252.617526
813.502149 251.571855
814.495501 250.524992
815.441443 249.480158
816.199472 248.444090
816.800528 247.415404
817.558557 246.379120
818.504432 245.333683
819.495568 244.285887
820.441443 243.240103
821.199472 242.203296
821.800528 241.174040
822.558490 240.137062
823.502216 239.090892
824.468573 238.043472
825.320457 237.001557
826.000000 235.968048
826.679476 234.934480
827.529278 233.892415
828.473004 232.845597
829.347520 231.802120
830.120986 230.763599
830.879014 229.725786
831.652480 228.687147
832.527062 227.643391
833.473004 226.595992
834.349736 225.552000
835.147981 224.511899
836.000000 223.469052
836.851952 222.426166
837.648048 221.386057
838.500000 220.343103
839.352019 219.300117
840.150264 218.259821
841.026996 217.215544
841.973004 216.167750
842.849736 215.123444
843.647981 214.083099
844.500000 213.040035
845.351952 211.996976
846.148048 210.956747
847.000000 209.913705
847.852019 208.870676
848.650331 207.830376
849.529211 206.786032
850.500000 205.737086
851.470789 204.688181
852.349669 203.643948
853.147981 202.603807
854.000000 201.561009
854.852019 200.518259
855.650331 199.478252
856.529211 198.434265
857.500000 197.385752
858.470722 196.337326
859.347453 195.293666
860.120986 194.255209
860.879014 193.217583
861.652547 192.179252
862.529345 191.135887
863.502283 190.087873
864.500067 189.038755
865.500000 187.989662
866.500000 186.940700
867.500000 185.891879
868.500000 184.843204
869.500000 183.794680
870.500000 182.746313
871.500000 181.698107
872.500000 180.650069
873.500000 179.602201
874.500000 178.554511
875.500000 177.507001
876.500000 176.459677
877.500000 175.412544
878.500000 174.365606
879.500000 173.318934
880.500000 172.274615
881.500000 171.255283
882.500000 170.330153
883.500000 169.483726
884.500000 168.559100
885.500000 167.542856
886.500000 166.526840
887.500000 165.602964
888.500000 164.759958
889.500000 163.865633
890.500000 162.996330
891.500000 162.274968
892.500000 161.551707
893.500000 160.656154
894.500000 159.642219
895.500000 158.605912
896.500000 157.617209
897.500000 156.816683
898.500000 156.173396
899.500000 155.373472
900.500000 154.388055
901.500000 153.380281
902.500000 152.487255
903.500000 151.766918
904.500000 151.049009
905.500000 150.183755
906.500000 149.296154
907.500000 148.485177
908.500000 147.687777
909.500000 146.875164
910.500000 145.961793
911.500000 144.979505
912.500000 144.091436
913.500000 143.373990
914.500000 142.656910
915.500000 141.771951
916.500000 140.818082
917.500000 140.025633
918.500000 139.390459
919.500000 138.625479
920.500000 137.791593
921.500000 137.081063
922.500000 136.370840
923.500000 135.537872
924.500000 134.774490
925.500000 134.143675
926.500000 133.380976
927.500000 132.551525
928.500000 131.872228
929.500000 131.307780
930.500000 130.745723
931.500000 130.092136
932.500000 129.358356
933.500000 128.680676
934.500000 128.025935
935.500000 127.387009
936.500000 126.813456
937.500000 126.175215
938.500000 125.523861
939.500000 124.872748
940.500000 124.233284
941.500000 123.636560
942.500000 122.908018
943.500000 122.204496
944.500000 121.727528
945.500000 121.266370
946.500000 120.667095
947.500000 120.038366
948.500000 119.493470
949.500000 118.955038
950.500000 118.410677
951.500000 117.781004
952.500000 117.158756
953.500000 116.606017
954.500000 116.053640
955.500000 115.434430
956.500000 114.831086
957.500000 114.385006
958.500000 113.954721
959.500000 113.455516
960.500000 112.933969
961.500000 112.410628
962.500000 111.887505
963.500000 111.364733
964.500000 110.844326
965.500000 110.346898
966.500000 109.921042
967.500000 109.502657
968.500000 108.998869
969.500000 108.487045
970.500000 107.959092
971.500000 107.447812
972.500000 106.945179
973.500000 106.530575
974.500000 106.131741
975.500000 105.733237
976.500000 105.321574
977.500000 104.845174
978.500000 104.434096
979.500000 104.038778
980.500000 103.666346
981.500000 103.349954
982.500000 102.953311
983.500000 102.465009
984.500000 101.976953
985.500000 101.581049
986.500000 101.265889
987.500000 100.895181
988.500000 100.502147
989.500000 100.095994
990.500000 99.649724
991.500000 99.360658
992.500000 99.143114
993.500000 98.798650
994.500000 98.409083
995.500000 98.002154
996.500000 97.530314
997.500000 97.123758
998.500000 96.732990
999.500000 96.367216
1000.500000 96.082290
1001.500000 95.813078
1002.500000 95.551201
1003.500000 95.257691
1004.500000 94.879670
1005.500000 94.438870
1006.500000 94.155241
1007.500000 93.965799
1008.500000 93.722913
1009.500000 93.468881
1010.500000 93.226379
1011.500000 93.037773
1012.500000 92.757445
1013.500000 92.343027
1014.500000 92.063133
1015.500000 91.877409
1016.500000 91.660788
1017.500000 91.502346
1018.500000 91.344146
1019.500000 91.130195
1020.500000 90.970120
1021.500000 90.785433
1022.500000 90.451065
1023.500000 90.094230
1024.500000 89.816043
1025.500000 89.576149
1026.500000 89.417048
1027.500000 89.260250
1028.500000 89.047750
1029.500000 88.889108
1030.500000 88.705902
1031.500000 88.375079
1032.500000 88.044402
1033.500000 87.861630
1034.500000 87.703780
1035.500000 87.494444
1036.500000 87.363799
1037.500000 87.302566
1038.500000 87.172189
1039.500000 86.963457
1040.500000 86.808628
1041.500000 86.653927
1042.500000 86.445645
1043.500000 86.318123
1044.500000 86.284712
1045.500000 86.274053
1046.500000 86.240814
1047.500000 86.111620
1048.500000 85.879275
1049.500000 85.631540
1050.500000 85.399420
1051.500000 85.270675
1052.500000 85.238178
1053.500000 85.230567
1054.500000 85.222993
1055.500000 85.188661
1056.500000 85.035660
1057.500000 84.710284
1058.500000 84.385005
1059.500000 84.232299
1060.500000 84.198458
1061.500000 84.191639
1062.500000 84.187061
1063.500000 84.180491
1064.500000 84.149163
1065.500000 84.021784
1066.500000 83.791225
1067.500000 83.545247
1068.500000 83.314855
1069.500000 83.187811
1070.500000 83.156987
1071.500000 83.151087
1072.500000 83.147415
1073.500000 83.143818
1074.500000 83.138147
1075.500000 83.107703
1076.500000 82.981192
1077.500000 82.751486
1078.500000 82.506345
1079.500000 82.276777
1080.500000 82.150542
1081.500000 82.120512
1082.500000 82.115393
1083.500000 82.112486
1084.500000 82.109709
1085.500000 82.106993
1086.500000 82.104337
1087.500000 82.101739
1088.500000 82.099200
1089.500000 82.096717
1090.500000 82.094290
1091.499933 82.091917
1092.497650 82.089603
1093.468372 82.087469
1094.681892 82.237265
1095.531628 82.461897
1096.502350 82.701816
1097.500067 82.926221
1098.500000 83.047404
1099.500000 83.072493
1100.500000 83.072782
1101.500000 83.070966
1102.500000 83.069195
1103.500000 83.069615
1104.500000 83.094857
1105.500000 83.214197
1106.500000 83.414213
1107.500000 83.560562
1108.500000 83.706949
1109.500000 83.907081
1110.500000 84.026616
1111.500000 84.052196
1112.500000 84.055181
1113.500000 84.080832
1114.500000 84.200507
1115.500000 84.400851
1116.500000 84.547521
1117.500000 84.694223
1118.500000 84.894662
1119.500000 85.014497
1120.500000 85.040372
1121.500000 85.043646
1122.500000 85.069579
1123.500000 85.189531
1124.500000 85.390144
1125.500000 85.537079
1126.500000 85.684039
1127.500000 85.884799
1128.500000 86.007097
1129.500000 86.060143
1130.500000 86.182423
1131.500000 86.381130
1132.500000 86.503457
1133.500000 86.556595
1134.500000 86.679033
1135.500000 86.879978
1136.500000 87.027171
1137.500000 87.174384
1138.500000 87.375390
1139.500000 87.497997
1140.500000 87.553494
1141.500000 87.703000
1142.500000 88.022918
1143.500000 88.344936
1144.500000 88.519342
1145.500000 88.671134
1146.500000 88.899280
1147.500000 89.140729
1148.500000 89.366691
1149.500000 89.491551
1150.500000 89.545133
1151.500000 89.670023
1152.500000 89.896043
1153.500000 90.137515
1154.500000 90.363630
1155.500000 90.490790
1156.500000 90.571384
1157.500000 90.815190
1158.500000 91.215981
1159.500000 91.484592
1160.500000 91.661373
1161.500000 91.891872
1162.500000 92.133722
1163.500000 92.364243
1164.500000 92.541067
1165.500000 92.809878
1166.500000 93.215121
1167.500000 93.510813
1168.500000 93.806514
1169.500000 94.211853
1170.500000 94.482860
1171.500000 94.684531
1172.500000 95.009195
1173.500000 95.331785
1174.500000 95.508701
1175.500000 95.685759
1176.500000 96.012671
1177.500000 96.386933
1178.500000 96.776774
1179.500000 97.209122
1180.500000 97.507136
1181.500000 97.802941
1182.500000 98.206231
1183.500000 98.452556
1184.500000 98.560400
1185.500000 98.808886
1186.500000 99.237048
1187.500000 99.629095
1188.500000 100.032573
1189.500000 100.505333
1190.500000 100.976016
1191.500000 101.354730
1192.500000 101.652947
1193.500000 102.006958
1194.500000 102.383604
1195.500000 102.775759
1196.500000 103.232982
1197.500000 103.625146
1198.500000 104.001876
1199.500000 104.358129
1200.500000 104.683311
1201.500000 105.180905
1202.500000 105.826267
1203.500000 106.323935
1204.500000 106.651280
1205.500000 107.032402
1206.500000 107.505302
1207.500000 108.000835
1208.500000 108.475823
1209.500000 108.879588
1210.500000 109.276163
1211.500000 109.758353
1212.500000 110.246842
1213.500000 110.731254
1214.500000 111.154835
1215.500000 111.679603
1216.500000 112.354084
1217.500000 112.970698
1218.500000 113.472709
1219.500000 113.878716
1220.500000 114.275450
1221.500000 114.759881
1222.500000 115.275322
1223.500000 115.878527
1224.500000 116.474674
1225.500000 117.001612
1226.500000 117.528553
1227.500000 118.124772
1228.500000 118.730202
1229.500000 119.272719
1230.500000 119.880301
1231.500000 120.501307
1232.500000 121.122314
1233.500000 121.729901
1234.500000 122.272492
1235.500000 122.880148
1236.500000 123.503310
1237.500000 124.149171
1238.500000 124.852971
1239.500000 125.500983
1240.500000 126.148930
1241.500000 126.850584
1242.500000 127.471671
1243.500000 128.000785
1244.500000 128.527817
1245.500000 129.124128
1246.500000 129.731864
1247.500000 130.303481
1248.500000 131.054769
1249.500000 131.946694
1250.500000 132.700199
1251.500000 133.298882
1252.500000 134.029825
1253.500000 134.852610
1254.500000 135.621690
1255.500000 136.379497
1256.500000 137.150794
1257.500000 138.000510
1258.500000 138.850228
1259.500000 139.621460
1260.500000 140.377188
1261.500000 141.123642
1262.500000 141.877222
1263.500000 142.623677
1264.500000 143.379474
1265.500000 144.152859
1266.500000 145.027427
1267.500000 145.973289
1268.500000 146.847858
1269.500000 147.621311
1270.500000 148.379328
1271.500000 149.152782
1272.500000 150.027353
1273.500000 150.973284
1274.500000 151.850072
1275.500000 152.650523
1276.500000 153.529528
1277.500000 154.502523
1278.500000 155.500298
1279.500000 156.500222
1280.500000 157.500147
1281.500000 158.497923
1282.499933 159.470919
1283.497717 160.349926
1284.470722 161.150447
1285.349736 162.029455
1286.150264 163.002454
1287.029278 164.000233
1288.002283 165.000160
1289.000067 166.000154
1290.000000 167.000148
1291.000000 168.000142
1291.999933 169.000136
1292.997717 170.000131
1293.970722 171.000126
1294.849669 172.000122
1295.647981 173.000118
1296.500000 174.000114
1297.351952 175.000110
1298.148048 176.000107
1298.999933 177.000103
1299.849736 178.000100
1300.621053 179.000097
1301.379014 180.000094
1302.152547 181.000091
1303.029278 182.000088
1304.000000 183.000085
1304.970722 184.000081
1305.847453 185.000078
1306.620986 186.000076
1307.378947 187.000074
1308.150264 188.000072
1309.000000 189.000069
1309.849736 190.000067
1310.621053 191.000065
1311.378880 192.000063
1312.147981 193.000061
1312.970789 194.000059
1313.701688 195.000057
1314.298245 196.000056
1315.026996 197.000054
1315.824956 198.000052
1316.497784 199.000051
1317.147981 200.000049
1317.851952 201.000048
1318.500000 202.000047
1319.147981 203.000046
1319.849736 204.000044
1320.473004 205.000043
1321.027062 206.000042
1321.652413 207.000041
1322.376798 208.000040
1323.093990 209.000039
1323.726467 210.000038
1324.271250 211.000037
1324.879014 212.000036
1325.502216 213.000035
1326.148048 214.000034
1326.849669 215.000033
1327.470722 216.000032
1327.997717 217.000032
1328.500000 218.000031
1329.002283 219.000030
1329.529278 220.000030
1330.150264 221.000029
1330.849736 222.000028
1331.470722 223.000027
1331.997717 224.000027
1332.499933 225.000026
1333.000000 226.000026
1333.500067 227.000025
1334.002216 228.000024
1334.526996 229.000024
1335.120986 230.000023
1335.699472 231.000023
1336.120986 232.000022
1336.526996 233.000022
1337.002216 234.000022
1337.500000 235.000021
1337.997784 236.000021
1338.472938 237.000020
1338.876731 238.000020
1339.271250 239.000020
1339.728817 240.000019
1340.125484 241.000019
1340.554058 242.000019
1341.123202 243.000018
1341.699539 244.000018
1342.120986 245.000017
1342.526929 246.000017
1343.000000 247.000017
1343.473004 248.000016
1343.876665 249.000016
1344.268967 250.000016
1344.699472 251.000015
1344.973004 252.000015
1345.177260 253.000015
1345.529278 254.000015
1345.975287 255.000015
1346.376798 256.000014
1346.771183 257.000014
1347.226467 258.000014
1347.593990 259.000014
1347.876731 260.000014
1348.150197 261.000013
1348.500000 262.000013
1348.849803 263.000013
1349.123269 264.000013
1349.406010 265.000013
1349.773466 266.000012
1350.226534 267.000012
1350.593923 268.000012
1350.874516 269.000012
1351.123135 270.000012
1351.376798 271.000012
1351.623202 272.000011
1351.876798 273.000011
1352.123269 274.000011
1352.379014 275.000011
1352.650264 276.000011
1353.000000 277.000011
1353.349736 278.000011
1353.620986 279.000011
1353.876665 280.000010
1354.120919 281.000010
1354.347587 282.000010
1354.475220 283.000010
1354.556274 284.000010
1354.800461 285.000010
1355.199472 286.000010
1355.441443 287.000010
1355.495501 288.000010
1355.502216 289.000010
1355.531561 290.000010
1355.679609 291.000010
1356.002350 292.000009
1356.352019 293.000009
1356.647981 294.000009
1356.997650 295.000009
1357.320391 296.000009
1357.468506 297.000009
1357.500000 298.000009
1357.531494 299.000009
1357.679543 300.000009
1358.000000 301.000009
1358.320457 302.000009
1358.468439 303.000009
1358.497650 304.000008
1358.500067 305.000008
1358.504566 306.000008
1358.558557 307.000008
1358.800528 308.000008
1359.199472 309.000008
1359.441443 310.000008
1359.495434 311.000008
1359.499933 312.000008
1359.502350 313.000008
1359.531561 314.000008
1359.679543 315.000008
1360.000000 316.000008
1360.320457 317.000008
1360.468439 318.000008
1360.497717 319.000008
1360.502283 320.000008
1360.531561 321.000008
1360.679543 322.000008
1361.000000 323.000008
1361.320457 324.000007
1361.468439 325.000007
1361.497650 326.000007
1361.500000 327.000007
1361.502283 328.000007
1361.529345 329.000007
1361.652547 330.000007
1361.879014 331.000007
1362.120986 332.000007
1362.347453 333.000007
1362.470655 334.000007
1362.497717 335.000007
1362.499933 336.000007
1362.500067 337.000007
1362.502350 338.000007
1362.531561 339.000007
1362.679543 340.000007
1363.000000 341.000007
1363.320457 342.000007
1363.468439 343.000007
1363.497650 344.000007
1363.499933 345.000007
1363.500000 346.000007
1363.500000 347.000007
1363.500067 348.000007
1363.502283 349.000007
1363.529278 350.000007
1363.650264 351.000007
1363.849736 352.000007
1363.970655 353.000007
1363.995434 354.000007
1363.970655 355.000007
1363.849736 356.000007
1363.650264 357.000007
1363.529278 358.000007
1363.502216 359.000007
1363.497784 360.000007
1363.470722 361.000007
1363.349736 362.000007
1363.150264 363.000007
1363.029211 364.000007
1363.000000 365.000007
1362.970789 366.000007
1362.849736 367.000007
1362.650197 368.000007
1362.526996 369.000007
1362.473004 370.000007
1362.349803 371.000007
1362.150264 372.000007
1362.029278 373.000007
1362.002216 374.000007
1361.997784 375.000007
1361.970722 376.000007
1361.849669 377.000007
1361.647981 378.000007
1361.500000 379.000007
1361.352019 380.000007
1361.150331 381.000008
1361.029211 382.000008
1361.000000 383.000008
1360.970722 384.000008
1360.847453 385.000008
1360.620986 386.000008
1360.379014 387.000008
1360.152547 388.000008
1360.029345 389.000008
1360.002216 390.000008
1359.997784 391.000008
1359.970655 392.000008
1359.847453 393.000008
1359.620986 394.000008
1359.379014 395.000008
1359.152547 396.000008
1359.029278 397.000008
1359.000000 398.000008
1358.970722 399.000008
1358.847453 400.000008
1358.620986 401.000008
1358.379014 402.000009
1358.152480 403.000009
1358.027062 404.000009
1357.972938 405.000009
1357.847520 406.000009
1357.620986 407.000009
1357.379014 408.000009
1357.152413 409.000009
1357.024780 410.000009
1356.943726 411.000009
1356.699539 412.000009
1356.300461 413.000009
1356.056207 414.000009
1355.973004 415.000009
1355.820591 416.000010
1355.500000 417.000010
1355.179543 418.000010
1355.031494 419.000010
1355.000000 420.000010
1354.968506 421.000010
1354.820391 422.000010
1354.497650 423.000010
1354.147981 424.000010
1353.852019 425.000010
1353.502350 426.000011
1353.179543 427.000011
1353.029211 428.000011
1352.970789 429.000011
1352.820457 430.000011
1352.497650 431.000011
1352.147981 432.000011
1351.852019 433.000011
1351.502283 434.000012
1351.177260 435.000012
1351.000000 436.000012
1350.822807 437.000012
1350.499933 438.000012
1350.174977 439.000012
1349.972938 440.000012
1349.699472 441.000012
1349.269034 442.000013
1348.878947 443.000013
1348.502216 444.000013
1348.148115 445.000013
1347.851885 446.000014
1347.497784 447.000014
1347.120986 448.000014
1346.728683 449.000014
1346.271317 450.000014
1345.878947 451.000015
1345.500000 452.000015
1345.121053 453.000015
1344.728683 454.000015
1344.271317 455.000016
1343.879014 456.000016
1343.502216 457.000016
1343.148115 458.000017
1342.851885 459.000017
1342.497784 460.000017
1342.120919 461.000017
1341.726467 462.000018
1341.244187 463.000018
1340.753530 464.000018
1340.246470 465.000019
1339.755813 466.000019
1339.273466 467.000020
1338.876798 468.000020
1338.473004 469.000020
1338.000000 470.000021
1337.526996 471.000021
1337.123202 472.000021
1336.726534 473.000022
1336.244187 474.000022
1335.753530 475.000023
1335.246403 476.000023
1334.753530 477.000024
1334.244187 478.000024
1333.726534 479.000025
1333.123202 480.000025
1332.527062 481.000026
1332.002149 482.000027
1331.497851 483.000027
1330.972938 484.000028
1330.376731 485.000029
1329.771250 486.000029
1329.228750 487.000030
1328.623269 488.000031
1328.027062 489.000031
1327.502149 490.000032
1326.997784 491.000033
1326.470722 492.000034
1325.849669 493.000034
1325.147981 494.000036
1324.500000 495.000036
1323.852019 496.000037
1323.150331 497.000039
1322.529211 498.000040
1322.000000 499.000040
1321.470722 500.000041
1320.847453 501.000042
1320.120986 502.000044
1319.378947 503.000045
1318.650264 504.000047
1318.000067 505.000048
1317.351952 506.000049
1316.647981 507.000051
1315.997784 508.000052
1315.324956 509.000053
1314.526996 510.000055
1313.798179 511.000057
1313.199539 512.000058
1312.446009 513.000060
1311.553991 514.000062
1310.800461 515.000064
1310.201821 516.000066
1309.473004 517.000068
1308.674977 518.000070
1307.999933 519.000072
1307.322740 520.000074
1306.497784 521.000076
1305.650197 522.000079
1304.878947 523.000082
1304.120986 524.000084
1303.347520 525.000087
1302.472938 526.000090
1301.526996 527.000093
1300.650264 528.000097
1299.852019 529.000100
1299.000000 530.000103
1298.147981 531.000107
1297.349669 532.000110
1296.470722 533.000114
1295.497717 534.000119
1294.499933 535.000124
1293.500000 536.000129
1292.500067 537.000134
1291.502283 538.000139
1290.529278 539.000145
1289.650264 540.000150
1288.849736 541.000088
1287.970722 541.997877
1286.997717 542.970888
1285.999933 543.849909
1285.000000 544.650444
1284.000000 545.529398
1283.000000 546.500194
1282.000000 547.470990
1281.000000 548.349946
1280.000000 549.150482
1279.000000 550.029505
1278.000000 551.002518
1277.000000 552.000312
1276.000000 553.000187
1275.000000 553.997981
1274.000000 554.970996
1273.000000 555.849954
1272.000000 556.648277
1271.000000 557.500308
1270.000000 558.352271
1269.000000 559.148380
1268.000000 560.000345
1267.000000 560.852377
1266.000000 561.650636
1265.000000 562.527315
1264.000000 563.471122
1263.000000 564.320940
1262.000000 565.000432
1261.000000 565.679924
1260.000000 566.529677
1259.000000 567.471271
1258.000000 568.320959
1257.000000 568.998237
1256.000000 569.650804
1255.000000 570.381790
1254.000000 571.150845
1253.000000 571.998387
1252.000000 572.823299
1251.000000 573.498366
1250.000000 574.148654
1249.000000 574.852649
1248.000000 575.500724
1247.000000 576.148799
1246.000000 576.852730
1245.000000 577.500807
1244.000000 578.148818
1243.000000 578.850603
1242.000000 579.473903
1241.000000 580.027927
1240.000000 580.651230
1239.000000 581.353020
1238.000000 582.001038
1237.000000 582.649123
1236.000000 583.352999
1235.000000 583.998939
1234.000000 584.622182
1233.000000 585.229922
1232.000000 585.772534
1231.000000 586.378061
1230.000000 586.974382
1229.000000 587.501427
1228.000000 588.028473
1227.000000 588.624732
1226.000000 589.228119
1225.000000 589.745828
1224.000000 590.255228
1223.000000 590.748162
1222.000000 591.255350
1221.000000 591.746072
1220.000000 592.228552
1219.000000 592.627436
1218.000000 593.056214
1217.000000 593.627647
1216.000000 594.230988
1215.000000 594.771282
1214.000000 595.349915
1213.000000 595.827368
1212.000000 596.177674
1211.000000 596.655065
1210.000000 597.231493
1209.000000 597.744876
1208.000000 598.229402
1207.000000 598.626236
1206.000000 599.030200
1205.000000 599.505394
1204.000000 600.001139
1203.000000 600.474190
1202.000000 600.853321
1201.000000 601.153970
1200.000000 601.533109
1199.000000 602.006176
1198.000000 602.501876
1197.000000 602.974951
1196.000000 603.354106
1195.000000 603.654713
1194.000000 604.031661
1193.000000 604.477825
1192.000000 604.854715
1191.000000 605.153125
1190.000000 605.505313
1189.000000 605.857440
1188.000000 606.153716
1187.000000 606.505853
1186.000000 606.858063
1185.000000 607.156505
1184.000000 607.533439
1183.000000 607.979657
1182.000000 608.356604
1181.000000 608.655071
1180.000000 609.007251
1179.000000 609.357289
1178.000000 609.628781
1177.000000 609.884776
1176.000000 610.131570
1175.000000 610.387647
1174.000000 610.661318
1173.000000 611.036114
1172.000000 611.480129
1171.000000 611.830161
1170.000000 612.007727
1169.000000 612.160521
1168.000000 612.389662
1167.000000 612.634249
1166.000000 612.888122
1165.000000 613.134878
1164.000000 613.388837
1163.000000 613.635613
1162.000000 613.889594
1161.000000 614.136392
1160.000000 614.390328
1159.000000 614.634932
1158.000000 614.861963
1157.000000 614.987889
1156.000000 615.044617
1155.000000 615.195347
1154.000000 615.518567
1153.000000 615.866513
1152.000000 616.136054
1151.000000 616.367474
1150.000000 616.518273
1149.000000 616.666938
1148.000000 616.871474
1147.000000 617.022319
1146.000000 617.197892
1145.000000 617.521178
1144.000000 617.842332
1143.000000 617.990960
1142.000000 618.020903
1141.000000 618.026151
1140.000000 618.056129
1139.000000 618.204830
1138.000000 618.526026
1137.000000 618.847241
1136.000000 618.996001
1135.000000 619.026012
1134.000000 619.029115
1133.000000 619.030157
1132.000000 619.035453
1131.000000 619.090331
1130.000000 619.333212
1129.000000 619.733089
1128.000000 619.976018
1127.000000 620.030991
1126.000000 620.036498
1125.000000 620.039949
1124.000000 620.070220
1123.000000 620.219289
1122.000000 620.540862
1121.000000 620.862463
1120.000000 621.011617
1119.000000 621.042031
1118.000000 621.045546
1117.000000 621.046877
1116.000000 621.048306
1115.000000 621.054066
1114.000000 621.109418
1113.000000 621.352783
1112.000000 621.753156
1111.000000 621.996592
1110.000000 622.052083
1109.000000 622.058052
1108.000000 622.059760
1107.000000 622.061373
1106.000000 622.063092
1105.000000 622.067067
1104.000000 622.098011
1103.000000 622.247767
1102.000000 622.570042
1101.000000 622.892360
1100.000000 623.042246
1099.000000 623.073407
1098.000000 623.077686
1097.000000 623.079796
1096.000000 623.081887
1095.000000 623.084094
1094.000000 623.088500
1093.000000 623.117736
1092.000000 623.240948
1091.000000 623.440550
1090.000000 623.536940
1089.000000 623.445405
1088.000000 623.250660
1087.000000 623.132309
1086.000000 623.107940
1085.000000 623.108410
1084.000000 623.111090
1083.000000 623.113831
1082.000000 623.114487
1081.000000 623.090359
1080.000000 622.970158
1079.000000 622.746758
1078.000000 622.507921
1077.000000 622.284658
1076.000000 622.164730
1075.000000 622.141013
1074.000000 622.142215
1073.000000 622.145573
1072.000000 622.146925
1071.000000 622.123507
1070.000000 622.004028
1069.000000 621.781363
1068.000000 621.543274
1067.000000 621.320773
1066.000000 621.201620
1065.000000 621.178692
1064.000000 621.180630
1063.000000 621.182656
1062.000000 621.160060
1061.000000 621.043497
1060.000000 620.846392
1059.000000 620.703088
1058.000000 620.559879
1057.000000 620.363062
1056.000000 620.246912
1055.000000 620.222770
1054.000000 620.198730
1053.000000 620.082887
1052.000000 619.886580
1051.000000 619.744088
1050.000000 619.601704
1049.000000 619.405725
1048.000000 619.290426
1047.000000 619.267149
1046.000000 619.243921
1045.000000 619.126820
1044.000000 618.906641
1043.000000 618.671078
1042.000000 618.451143
1041.000000 618.334531
1040.000000 618.312036
1039.000000 618.289736
1038.000000 618.175659
1037.000000 617.981147
1036.000000 617.840475
1035.000000 617.699939
1034.000000 617.505768
1033.000000 617.390223
1032.000000 617.344030
1031.000000 617.226555
1030.000000 617.005961
1029.000000 616.745230
1028.000000 616.404015
1027.000000 616.062951
1026.000000 615.802677
1025.000000 615.582843
1024.000000 615.466432
1023.000000 615.421541
1022.000000 615.305519
1021.000000 615.088479
1020.000000 614.853952
1019.000000 614.608168
1018.000000 614.347052
1017.000000 614.009770
1016.000000 613.697444
1015.000000 613.557704
1014.000000 613.510050
1013.000000 613.370671
1012.000000 613.058998
1011.000000 612.720649
1010.000000 612.436127
1009.000000 612.095940
1008.000000 611.758027
1007.000000 611.498794
1006.000000 611.253180
1005.000000 610.994409
1004.000000 610.659434
1003.000000 610.345211
1002.000000 610.156193
1001.000000 609.896088
1000.000000 609.481303
999.000000 609.129712
998.000000 608.860967
997.000000 608.601646
996.000000 608.266206
995.000000 607.930987
994.000000 607.672327
993.000000 607.404682
992.000000 607.054565
991.000000 606.639612
990.000000 606.357083
989.000000 606.074720
988.000000 605.658317
987.000000 605.284518
986.000000 604.922298
985.000000 604.560185
984.000000 604.182812
983.000000 603.717922
982.000000 603.244902
981.000000 602.755797
980.000000 602.285427
979.000000 601.846318
978.000000 601.564504
977.000000 601.285029
976.000000 600.871472
975.000000 600.496379
974.000000 600.087626
973.000000 599.540584
972.000000 599.009313
971.000000 598.704493
970.000000 598.422573
969.000000 597.986036
968.000000 597.518831
967.000000 597.033350
966.000000 596.562400
965.000000 596.077341
964.000000 595.606950
963.000000 595.122453
962.000000 594.652627
961.000000 594.168699
960.000000 593.699378
959.000000 593.213876
958.000000 592.720419
957.000000 592.143655
956.000000 591.597008
955.000000 591.191157
954.000000 590.792794
953.000000 590.239770
952.000000 589.669457
951.000000 589.143873
950.000000 588.547229
949.000000 587.874480
948.000000 587.280586
947.000000 586.780918
946.000000 586.304183
945.000000 585.805121
944.000000 585.212374
943.000000 584.539297
942.000000 583.920232
941.000000 583.301408
940.000000 582.627035
939.000000 582.008826
938.000000 581.390992
937.000000 580.719693
936.000000 580.127122
935.000000 579.602056
934.000000 578.985392
933.000000 578.221274
932.000000 577.524661
931.000000 576.962632
930.000000 576.291285
929.000000 575.620248
928.000000 575.059148
927.000000 574.364017
926.000000 573.599851
925.000000 572.958977
924.000000 572.316329
923.000000 571.528308
922.000000 570.740594
921.000000 570.098735
920.000000 569.455099
919.000000 568.643523
918.000000 567.763041
917.000000 567.043980
916.000000 566.482195
915.000000 565.790599
914.000000 565.030094
913.000000 564.392804
912.000000 563.751514
911.000000 562.937976
910.000000 562.008180
909.000000 561.078676
908.000000 560.266017
907.000000 559.626057
906.000000 558.986385
905.000000 558.174590
904.000000 557.246458
903.000000 556.316458
902.000000 555.478513
901.000000 554.719331
900.000000 553.884086
899.000000 552.979904
898.000000 552.145203
897.000000 551.387107
896.000000 550.550722
895.000000 549.620676
894.000000 548.668259
893.000000 547.738729
892.000000 546.903375
891.000000 546.146758
890.000000 545.311901
889.000000 544.383298
888.000000 543.430156
887.000000 542.475102
886.000000 541.520281
885.000000 540.567838
884.000000 539.640401
883.000000 538.807177
882.000000 538.052656
881.000000 537.219863
880.000000 536.293291
879.000000 535.342144
878.000000 534.389050
877.000000 533.436087
876.000000 532.483316
875.000067 531.530730
874.002283 530.578225
873.029278 529.624712
872.150264 528.666850
871.349736 527.705340
870.470722 526.747727
869.497717 525.794791
868.499933 524.843207
867.500000 523.891879
866.500000 522.940700
865.500000 521.989662
864.500000 521.038759
863.500067 520.087982
862.502283 519.137224
861.529278 518.185356
860.650264 517.228931
859.849736 516.268687
858.970789 515.312414
858.000000 514.360798
857.029211 513.409269
856.150264 512.453223
855.349803 511.493308
854.473004 510.537270
853.527062 509.584759
852.652480 508.628717
851.879014 507.667630
851.121053 506.705795
850.349736 505.744660
849.499933 504.787509
848.647981 503.830494
847.849669 502.870794
846.970855 501.915178
846.002283 500.964112
845.058490 500.011807
844.300528 499.050117
843.699472 498.080497
842.941510 497.118806
841.997784 496.166498
841.031561 495.215447
840.184242 494.262805
839.563256 493.352712
839.184242 492.672368
