613.165494 483.974845
612.587008 484.662687
611.845103 485.589203
610.972938 486.567072
610.029278 487.547917
609.179476 488.530774
608.500000 489.517059
607.820457 490.503337
606.968573 491.486128
606.002216 492.466599
605.058490 493.447522
604.300528 494.432199
603.699472 495.420047
602.941510 496.404723
601.997717 497.385645
601.029145 498.366071
600.150331 499.348318
599.352019 500.332198
598.500067 501.315004
597.650264 502.297864
596.878947 503.282318
596.120986 504.267052
595.347520 505.251487
594.472938 506.233904
593.526996 507.214908
592.650197 508.197323
591.849736 509.181289
590.970789 510.163707
590.000000 511.144319
589.029211 512.124966
588.150264 513.107475
587.349736 514.091572
586.470722 515.074142
585.497717 516.054889
584.499933 517.035193
583.500000 518.015503
582.500000 518.995865
581.500000 519.976280
580.500000 520.956751
579.500067 521.937283
578.502283 522.917916
577.529278 523.899091
576.650264 524.882136
575.849736 525.866740
574.970722 526.849885
573.997717 527.831290
572.999933 528.812292
572.000000 529.793326
571.000000 530.774435
570.000000 531.755620
569.000000 532.736818
568.000000 533.715947
567.000000 534.670378
566.000000 535.530904
565.000000 536.313029
564.000000 537.173728
563.000000 538.128505
562.000000 539.108152
561.000000 540.090041
560.000000 541.072022
559.000000 542.051950
558.000000 543.007193
557.000000 543.868545
556.000000 544.651509
555.000000 545.513059
554.000000 546.468633
553.000000 547.446941
552.000000 548.402722
551.000000 549.264684
550.000000 550.048200
549.000000 550.908159
548.000000 551.837437
547.000000 552.697614
546.000000 553.481564
545.000000 554.344110
544.000000 555.298543
543.000000 556.250939
542.000000 557.086829
541.000000 557.750423
540.000000 558.414132
539.000000 559.250367
538.000000 560.203272
537.000000 561.156294
536.000000 561.992880
535.000000 562.657041
534.000000 563.317024
533.000000 564.100042
532.000000 564.813971
531.000000 565.397909
530.000000 566.138940
529.000000 567.041212
528.000000 567.874394
527.000000 568.539454
526.000000 569.202553
525.000000 570.011323
524.000000 570.820216
523.000000 571.483551
522.000000 572.144926
521.000000 572.929410
520.000000 573.644672
519.000000 574.225717
518.000000 574.916514
517.000000 575.607435
516.000000 576.188852
515.000000 576.904667
514.000000 577.687801
513.000000 578.323296
512.000000 578.867006
511.000000 579.478036
510.000000 580.167608
509.000000 580.803530
508.000000 581.439643
507.000000 582.131734
506.000000 582.768093
505.000000 583.404507
504.000000 584.094751
503.000000 584.704481
502.000000 585.220343
501.000000 585.713697
500.000000 586.229802
499.000000 586.839951
498.000000 587.528773
497.000000 588.141312
496.000000 588.682611
495.000000 589.268459
494.000000 589.836841
493.000000 590.250384
492.000000 590.671238
491.000000 591.232713
490.000000 591.824128
489.000000 592.332063
488.000000 592.831869
487.000000 593.315322
486.000000 593.813209
485.000000 594.296823
484.000000 594.794938
483.000000 595.278778
482.000000 595.777118
481.000000 596.261182
480.000000 596.759610
479.000000 597.239597
478.000000 597.688752
477.000000 597.983127
476.000000 598.300239
475.000000 598.843642
474.000000 599.402656
473.000000 599.823221
472.000000 600.209969
471.000000 600.635024
470.000000 600.925842
469.000000 601.218844
468.000000 601.668988
467.000000 602.150241
466.000000 602.650079
465.000000 603.133681
464.000000 603.609005
463.000000 603.996666
462.000000 604.368919
461.000000 604.741135
460.000000 605.124787
459.000000 605.550901
458.000000 605.842833
457.000000 606.134792
456.000000 606.559036
455.000000 606.918307
454.000000 607.194969
453.000000 607.462513
452.000000 607.806483
451.000000 608.150540
450.000000 608.418348
449.000000 608.695451
448.000000 609.055271
447.000000 609.478158
446.000000 609.746240
445.000000 609.943111
444.000000 610.265063
443.000000 610.607645
442.000000 610.873903
441.000000 611.126886
440.000000 611.393369
439.000000 611.738416
438.000000 612.085622
437.000000 612.377048
436.000000 612.722189
435.000000 613.040543
434.000000 613.186493
433.000000 613.240608
432.000000 613.386703
431.000000 613.705278
430.000000 614.048702
429.000000 614.315859
428.000000 614.567579
427.000000 614.807943
426.000000 615.030720
425.000000 615.152379
424.000000 615.202810
423.000000 615.324665
422.000000 615.549849
421.000000 615.815379
420.000000 616.161606
419.000000 616.507893
418.000000 616.773606
417.000000 616.999094
416.000000 617.121375
415.000000 617.172286
414.000000 617.292465
413.000000 617.491187
412.000000 617.636190
411.000000 617.781247
410.000000 617.980065
409.000000 618.098368
408.000000 618.124814
407.000000 618.151379
406.000000 618.271985
405.000000 618.495840
404.000000 618.735248
403.000000 618.959200
402.000000 619.080001
401.000000 619.106860
400.000000 619.133697
399.000000 619.252488
398.000000 619.451893
397.000000 619.597635
396.000000 619.743421
395.000000 619.942956
394.000000 620.061965
393.000000 620.089108
392.000000 620.116292
391.000000 620.235423
390.000000 620.435163
389.000000 620.581235
388.000000 620.727346
387.000000 620.927200
386.000000 621.046457
385.000000 621.071693
384.000000 621.072252
383.000000 621.072846
382.000000 621.098255
381.000000 621.219837
380.000000 621.444718
379.000000 621.685137
378.000000 621.910083
377.000000 622.031796
376.000000 622.057400
375.000000 622.058189
374.000000 622.056926
373.000000 622.057775
372.000000 622.083499
371.000000 622.205391
370.000000 622.430577
369.000000 622.671295
368.000000 622.896535
367.000000 623.018537
366.000000 623.044425
365.000000 623.045492
364.000000 623.044436
363.000000 623.043404
362.000000 623.044546
361.000000 623.070491
360.000000 623.190382
359.000000 623.386634
358.000000 623.479642
357.000000 623.384692
356.000000 623.186498
355.000000 623.064662
354.000000 623.036770
353.000000 623.033678
352.000000 623.032755
351.000000 623.031918
350.000000 623.031034
349.000000 623.027953
348.000000 622.997961
347.000000 622.849218
346.000000 622.528017
345.000000 622.206832
344.000000 622.058141
343.000000 622.028237
342.000000 622.025277
341.000000 622.024549
340.000000 622.023904
339.000000 622.023140
338.000000 622.018094
337.000000 621.963503
336.000000 621.720945
335.000000 621.321430
334.000000 621.078901
333.000000 621.024366
332.000000 621.019403
331.000000 621.018751
330.000000 621.018178
329.000000 621.015403
328.000000 620.985710
327.000000 620.837260
326.000000 620.516345
325.000000 620.195441
324.000000 620.047025
323.000000 620.017389
322.000000 620.014559
321.000000 620.009657
320.000000 619.955273
319.000000 619.712918
318.000000 619.313602
317.000000 619.071266
316.000000 619.016921
315.000000 619.012143
314.000000 619.011606
313.000000 619.008995
312.000000 618.979464
311.000000 618.831171
310.000000 618.510410
309.000000 618.189657
308.000000 618.041389
307.000000 618.011830
306.000000 618.006991
305.000000 617.977447
304.000000 617.829207
303.000000 617.508431
302.000000 617.185513
301.000000 617.010297
300.000000 616.859801
299.000000 616.655604
298.000000 616.507269
297.000000 616.356791
296.000000 616.125683
295.000000 615.856447
294.000000 615.508797
293.000000 615.185864
292.000000 615.035414
291.000000 614.978958
290.000000 614.853297
289.000000 614.626524
288.000000 614.382170
287.000000 614.128478
286.000000 613.881917
285.000000 613.628166
284.000000 613.381614
283.000000 613.127872
282.000000 612.881328
281.000000 612.627661
280.000000 612.383273
279.000000 612.154327
278.000000 612.001721
277.000000 611.824339
276.000000 611.474484
275.000000 611.030643
274.000000 610.656015
273.000000 610.382508
272.000000 610.126589
271.000000 609.879949
270.000000 609.624104
269.000000 609.352757
268.000000 609.002860
267.000000 608.650817
266.000000 608.352483
265.000000 607.975666
264.000000 607.529573
263.000000 607.152761
262.000000 606.854436
261.000000 606.502341
260.000000 606.150315
259.000000 605.854147
258.000000 605.502125
257.000000 605.150039
256.000000 604.851728
255.000000 604.474932
254.000000 604.028862
253.000000 603.652003
252.000000 603.351484
251.000000 602.972413
250.000000 602.499421
249.000000 602.003800
248.000000 601.530811
247.000000 601.151747
246.000000 600.851170
245.000000 600.472109
244.000000 599.999126
243.000000 599.503447
242.000000 599.028318
241.000000 598.624415
240.000000 598.227641
239.000000 597.743173
238.000000 597.229847
237.000000 596.653474
236.000000 596.176136
235.000000 595.825881
234.000000 595.348478
233.000000 594.769893
232.000000 594.229645
231.000000 593.626349
230.000000 593.054961
229.000000 592.626225
228.000000 592.227381
227.000000 591.744941
226.000000 591.254258
225.000000 590.747107
224.000000 590.254209
223.000000 589.744844
222.000000 589.227168
221.000000 588.623814
220.000000 588.027587
219.000000 587.500571
218.000000 586.973555
217.000000 586.377263
216.000000 585.771763
215.000000 585.229179
214.000000 584.621464
213.000000 583.998246
212.000000 583.352331
211.000000 582.648478
210.000000 582.000415
209.000000 581.352419
208.000000 580.650651
207.000000 580.027368
206.000000 579.473364
205.000000 578.850083
204.000000 578.148316
203.000000 577.500323
202.000000 576.852263
201.000000 576.148348
200.000000 575.500289
199.000000 574.852231
198.000000 574.148250
197.000000 573.497977
196.000000 572.822923
195.000000 571.998025
194.000000 571.150497
193.000000 570.381454
192.000000 569.650480
191.000000 568.997925
190.000000 568.320658
189.000000 567.470982
188.000000 566.529398
187.000000 565.679655
186.000000 565.000173
185.000000 564.320691
184.000000 563.470882
183.000000 562.527083
182.000000 561.650413
181.000000 560.852162
180.000000 560.000138
179.000000 559.148181
178.000000 558.352080
177.000000 557.500123
176.000000 556.648100
175.000000 555.849783
174.000000 554.970831
173.000000 553.997823
172.000000 553.000035
171.000000 552.000165
170.000000 551.002377
169.000000 550.029369
168.000000 549.150351
167.000000 548.349820
166.000000 547.470869
165.000000 546.500078
164.000000 545.529286
163.000000 544.650336
162.000067 543.849805
161.002283 542.970788
160.029278 541.997781
159.150264 540.999995
158.349736 540.000060
157.470722 539.000058
156.497717 538.000056
155.499933 537.000054
154.500000 536.000051
153.500067 535.000049
152.502283 534.000048
151.529278 533.000046
150.650331 532.000044
149.852019 531.000043
149.000000 530.000041
148.147981 529.000040
147.349736 528.000039
146.473004 527.000037
145.527062 526.000036
144.652480 525.000035
143.879014 524.000034
143.121053 523.000033
142.349803 522.000032
141.502216 521.000031
140.677260 520.000030
140.000067 519.000029
139.325023 518.000028
138.526996 517.000027
137.798179 516.000026
137.199539 515.000026
136.446009 514.000025
135.553991 513.000024
134.800461 512.000023
134.201821 511.000023
133.473004 510.000022
132.675044 509.000021
132.002216 508.000021
131.352019 507.000020
130.648048 506.000020
129.999933 505.000019
129.349736 504.000019
128.621053 503.000018
127.879014 502.000018
127.152547 501.000017
126.529278 500.000017
126.000000 499.000016
125.470789 498.000016
124.849669 497.000015
124.147981 496.000015
123.500000 495.000015
122.852019 494.000014
122.150331 493.000014
121.529278 492.000013
121.002216 491.000013
120.497851 490.000013
119.972938 489.000013
119.376731 488.000012
118.771250 487.000012
118.228750 486.000012
117.623269 485.000011
117.027062 484.000011
116.502149 483.000011
115.997851 482.000011
115.472938 481.000010
114.876798 480.000010
114.273466 479.000010
113.755813 478.000010
113.246470 477.000009
112.753597 476.000009
112.246470 475.000009
111.755813 474.000009
111.273466 473.000009
110.876798 472.000009
110.473004 471.000008
110.000000 470.000008
109.526996 469.000008
109.123202 468.000008
108.726534 467.000008
108.244187 466.000008
107.753530 465.000008
107.246470 464.000007
106.755813 463.000007
106.273533 462.000007
105.879081 461.000007
105.502216 460.000007
105.148115 459.000007
104.851885 458.000007
104.497784 457.000007
104.120986 456.000006
103.728683 455.000006
103.271317 454.000006
102.878947 453.000006
102.500000 452.000006
102.121053 451.000006
101.728683 450.000006
101.271317 449.000006
100.879014 448.000006
100.502216 447.000005
100.148115 446.000005
99.851885 445.000005
99.497784 444.000005
99.121053 443.000005
98.730966 442.000005
98.300528 441.000005
98.027062 440.000005
97.825023 439.000005
97.500067 438.000005
97.177193 437.000005
97.000000 436.000005
96.822740 435.000005
96.497717 434.000005
96.147981 433.000005
95.852019 432.000004
95.502350 431.000004
95.179543 430.000004
95.029211 429.000004
94.970789 428.000004
94.820457 427.000004
94.497650 426.000004
94.147981 425.000004
93.852019 424.000004
93.502350 423.000004
93.179609 422.000004
93.031494 421.000004
93.000000 420.000004
92.968506 419.000004
92.820457 418.000004
92.500000 417.000004
92.179409 416.000004
92.026996 415.000004
91.943793 414.000004
91.699539 413.000004
91.300461 412.000004
91.056274 411.000004
90.975220 410.000004
90.847587 409.000004
90.620986 408.000004
90.379014 407.000004
90.152480 406.000003
90.027062 405.000003
89.972938 404.000003
89.847520 403.000003
89.620986 402.000003
89.379014 401.000003
89.152547 400.000003
89.029278 399.000003
89.000000 398.000003
88.970722 397.000003
88.847453 396.000003
88.620986 395.000003
88.379014 394.000003
88.152547 393.000003
88.029345 392.000003
88.002216 391.000003
87.997784 390.000003
87.970655 389.000003
87.847453 388.000003
87.620986 387.000003
87.379014 386.000003
87.152547 385.000003
87.029278 384.000003
87.000000 383.000003
86.970789 382.000003
86.849669 381.000003
86.647981 380.000003
86.500000 379.000003
86.352019 378.000003
86.150331 377.000003
86.029278 376.000003
86.002216 375.000003
85.997784 374.000003
85.970722 373.000003
85.849736 372.000003
85.650197 371.000003
85.526996 370.000003
85.473004 369.000003
85.349803 368.000003
85.150264 367.000003
85.029211 366.000003
85.000000 365.000003
84.970789 364.000003
84.849736 363.000003
84.650264 362.000003
84.529278 361.000003
84.502216 360.000003
84.497784 359.000003
84.470722 358.000003
84.349736 357.000003
84.150264 356.000003
84.029345 355.000003
84.004566 354.000003
84.029345 353.000003
84.150264 352.000003
84.349736 351.000003
84.470722 350.000003
84.497717 349.000003
84.499933 348.000003
84.500000 347.000003
84.500000 346.000003
84.500067 345.000003
84.502350 344.000003
84.531561 343.000003
84.679543 342.000003
85.000000 341.000003
85.320457 340.000003
85.468439 339.000003
85.497650 338.000003
85.499933 337.000003
85.500067 336.000003
85.502283 335.000003
85.529345 334.000003
85.652547 333.000003
85.879014 332.000003
86.120986 331.000003
86.347453 330.000003
86.470655 329.000003
86.497717 328.000003
86.500000 327.000003
86.502350 326.000003
86.531561 325.000003
86.679543 324.000003
87.000000 323.000003
87.320457 322.000003
87.468439 321.000003
87.497717 320.000003
87.502283 319.000003
87.531561 318.000003
87.679543 317.000003
88.000000 316.000003
88.320457 315.000003
88.468439 314.000003
88.497650 313.000003
88.500067 312.000003
88.504566 311.000003
88.558557 310.000003
88.800528 309.000003
89.199472 308.000003
89.441443 307.000003
89.495434 306.000003
89.499933 305.000003
89.502350 304.000003
89.531561 303.000003
89.679543 302.000003
90.000000 301.000003
90.320457 300.000004
90.468506 299.000004
90.500000 298.000004
90.531494 297.000004
90.679609 296.000004
91.002350 295.000004
91.352019 294.000004
91.647981 293.000004
91.997650 292.000004
92.320391 291.000004
92.468439 290.000004
92.497784 289.000004
92.504499 288.000004
92.558557 287.000004
92.800528 286.000004
93.199539 285.000004
93.443726 284.000004
93.524780 283.000004
93.652413 282.000004
93.879081 281.000004
94.123335 280.000004
94.379014 279.000004
94.650264 278.000004
95.000000 277.000004
95.349736 276.000004
95.620986 275.000004
95.876731 274.000004
96.123202 273.000005
96.376798 272.000005
96.623202 271.000005
96.876865 270.000005
97.125484 269.000005
97.406077 268.000005
97.773466 267.000005
98.226534 266.000005
98.593990 265.000005
98.876731 264.000005
99.150197 263.000005
99.500000 262.000005
99.849803 261.000005
100.123269 260.000005
100.406010 259.000005
100.773533 258.000006
101.228817 257.000006
101.623202 256.000006
102.024713 255.000006
102.470722 254.000006
102.822740 253.000006
103.026996 252.000006
103.300528 251.000006
103.731033 250.000006
104.123335 249.000006
104.526996 248.000007
105.000000 247.000007
105.473071 246.000007
105.879014 245.000007
106.300461 244.000007
106.876798 243.000007
107.445942 242.000007
107.874516 241.000008
108.271183 240.000008
108.728750 239.000008
109.123269 238.000008
109.527062 237.000008
110.002216 236.000008
110.500000 235.000008
110.997784 234.000009
111.473004 233.000009
111.879014 232.000009
112.300528 231.000009
112.879014 230.000009
113.473004 229.000010
113.997784 228.000010
114.499933 227.000010
115.000000 226.000010
115.500067 225.000010
116.002283 224.000011
116.529278 223.000011
117.150264 222.000011
117.849736 221.000012
118.470722 220.000012
118.997717 219.000012
119.500000 218.000012
120.002283 217.000013
120.529278 216.000013
121.150331 215.000013
121.851952 214.000014
122.497784 213.000014
123.120986 212.000014
123.728750 211.000015
124.273533 210.000015
124.906010 209.000015
125.623202 208.000016
126.347587 207.000016
126.972938 206.000017
127.526996 205.000017
128.150264 204.000018
128.852019 203.000018
129.500000 202.000019
130.148048 201.000019
130.852019 200.000020
131.502216 199.000020
132.175044 198.000021
132.973004 197.000022
133.701755 196.000022
134.298312 195.000023
135.029211 194.000024
135.852019 193.000024
136.621120 192.000025
137.378947 191.000026
138.150264 190.000027
139.000000 189.000028
139.849736 188.000029
140.621053 187.000030
141.379014 186.000030
142.152547 185.000031
143.029278 184.000033
144.000000 183.000034
144.970722 182.000035
145.847453 181.000036
146.620986 180.000038
147.378947 179.000039
148.150264 178.000040
149.000067 177.000041
149.851952 176.000043
150.648048 175.000044
151.500000 174.000046
152.352019 173.000047
153.150331 172.000049
154.029278 171.000050
155.002283 170.000052
156.000067 169.000055
157.000000 168.000057
158.000000 167.000059
158.999933 166.000061
159.997717 165.000064
160.970722 164.000133
161.849736 163.002352
162.650264 162.029349
163.529278 161.150337
164.502283 160.349812
165.500067 159.470801
166.500000 158.497799
167.500000 157.500019
168.500000 156.500089
169.500000 155.500159
170.500000 154.502379
171.500000 153.529378
172.500000 152.650368
173.500000 151.849910
174.500000 150.973116
175.500000 150.027179
176.500000 149.152601
177.500000 148.379140
178.500000 147.621116
179.500000 146.847655
180.500000 145.973078
181.500000 145.027208
182.500000 144.152632
183.500000 143.379238
184.500000 142.623432
185.500000 141.876968
186.500000 141.123378
187.500000 140.376914
188.500000 139.621175
189.500000 138.849933
190.500000 138.000204
191.500000 137.150476
192.500000 136.379167
193.500000 135.621348
194.500000 134.852255
195.500000 134.029457
196.500000 133.298500
197.500000 132.699803
198.500000 131.946283
199.500000 131.054342
200.500000 130.303039
201.500000 129.731406
202.500000 129.123652
203.500000 128.527324
204.500000 128.000274
205.500000 127.471142
206.500000 126.850035
207.500000 126.148361
208.500000 125.500393
209.500000 124.852359
210.500000 124.148538
211.500000 123.502654
212.500000 122.879468
213.500000 122.271787
214.500000 121.729170
215.500000 121.121557
216.500000 120.500523
217.500000 119.879489
218.500000 119.271877
219.500000 118.729331
220.500000 118.123870
221.500000 117.527618
222.500000 117.000645
223.500000 116.473672
224.500000 115.877490
225.500000 115.274248
226.500000 114.758769
227.500000 114.274300
228.500000 113.877525
229.500000 113.471476
230.500000 112.969423
231.500000 112.352765
232.500000 111.678237
233.500000 111.153422
234.500000 110.729792
235.500000 110.245329
236.500000 109.756789
237.500000 109.274545
238.500000 108.877914
239.500000 108.474092
240.500000 107.999045
241.500000 107.503450
242.500000 107.030488
243.500000 106.649301
244.500000 106.321889
245.500000 105.824151
246.500000 105.178718
247.500000 104.681050
248.500000 104.355793
249.500000 103.999461
250.500000 103.622650
251.500000 103.230403
252.500000 102.773094
253.500000 102.380850
254.500000 102.004113
255.500000 101.650008
256.500000 101.351693
257.500000 100.972880
258.500000 100.502093
259.500000 100.029226
260.500000 99.625639
261.500000 99.233479
262.500000 98.805201
263.500000 98.556595
264.500000 98.448628
265.500000 98.202176
266.500000 97.798754
267.500000 97.502814
268.500000 97.204662
269.500000 96.772170
270.500000 96.382182
271.500000 96.007768
272.500000 95.680700
273.500000 95.503480
274.500000 95.326398
275.500000 95.003638
276.500000 94.678799
277.500000 94.476947
278.500000 94.205754
279.500000 93.800223
280.500000 93.504325
281.500000 93.208431
282.500000 92.802979
283.500000 92.533954
284.500000 92.356908
285.500000 92.126160
286.500000 91.884077
287.500000 91.653338
288.500000 91.476310
289.500000 91.207445
290.500000 90.806393
291.500000 90.562318
292.500000 90.481448
293.500000 90.354004
294.500000 90.127597
295.500000 89.885826
296.500000 89.659497
297.500000 89.534291
298.500000 89.480383
299.500000 89.355188
300.500000 89.128883
301.500000 88.887080
302.500000 88.658572
303.500000 88.506407
304.500000 88.331619
305.500000 88.009207
306.500000 87.688885
307.500000 87.538965
308.500000 87.483042
309.500000 87.359998
310.500000 87.158542
311.500000 87.010868
312.500000 86.863202
313.500000 86.661772
314.500000 86.538835
315.500000 86.485185
316.500000 86.362334
317.500000 86.163087
318.500000 86.040254
319.500000 85.986641
320.500000 85.863761
321.500000 85.662404
322.500000 85.514831
323.500000 85.367269
324.500000 85.166011
325.500000 85.045399
326.500000 85.018788
327.500000 85.014819
328.500000 84.988232
329.500000 84.867666
330.500000 84.666478
331.500000 84.519008
332.500000 84.371552
333.500000 84.170402
334.500000 84.049900
335.500000 84.023402
336.500000 84.019549
337.500000 83.993079
338.500000 83.872634
339.500000 83.671569
340.500000 83.524225
341.500000 83.376896
342.500000 83.175878
343.500000 83.055510
344.500000 83.029216
345.500000 83.027718
346.500000 83.028387
347.500000 83.029073
348.500000 83.027628
349.500000 83.001354
350.499933 82.878960
351.497650 82.653318
352.468372 82.412168
353.318108 82.186434
354.531628 80.035028
355.502350 82.035841
356.500067 82.036767
357.500000 82.037716
358.500000 82.038687
359.500000 82.039680
360.500000 82.040696
361.500000 82.041735
362.500000 82.042797
363.500000 82.043884
364.500000 82.044995
365.500000 82.046197
366.500000 82.049574
367.500000 82.077824
368.500000 82.202239
369.500000 82.429947
370.500000 82.673186
371.500000 82.900948
372.500000 83.025474
373.500000 83.053889
374.500000 83.057487
375.500000 83.058966
376.500000 83.060475
377.500000 83.064164
378.500000 83.092732
379.500000 83.217470
380.500000 83.445507
381.500000 83.689082
382.500000 83.917185
383.500000 84.042058
384.500000 84.070827
385.500000 84.074784
386.500000 84.076696
387.500000 84.080793
388.500000 84.111856
389.500000 84.261727
390.500000 84.584113
391.500000 84.906539
392.500000 85.056528
393.500000 85.087787
394.500000 85.092227
395.500000 85.096641
396.500000 85.125877
397.500000 85.251296
398.500000 85.480024
399.500000 85.724302
400.500000 85.953120
401.500000 86.078718
402.500000 86.108291
403.500000 86.115214
404.500000 86.144816
405.500000 86.268457
406.500000 86.472782
407.500000 86.623451
408.500000 86.774172
409.500000 86.978717
410.500000 87.104829
411.500000 87.161717
412.500000 87.287936
413.500000 87.492763
414.500000 87.646022
415.500000 87.824116
416.500000 88.150032
417.500000 88.476005
418.500000 88.654273
419.500000 88.807889
420.500000 89.015271
421.500000 89.166859
422.500000 89.320658
423.500000 89.555155
424.500000 89.827851
425.500000 90.179096
426.500000 90.507777
427.500000 90.686678
428.500000 90.840867
429.500000 91.048829
430.500000 91.200939
431.500000 91.353184
432.500000 91.563504
433.500000 91.742820
434.500000 92.016198
435.500000 92.423991
436.500000 92.697582
437.500000 92.879340
438.500000 93.114881
439.500000 93.361837
440.500000 93.597531
441.500000 93.779663
442.500000 94.055865
443.500000 94.489118
444.500000 94.859471
445.500000 95.145190
446.500000 95.399152
447.500000 95.660324
448.500000 95.937085
449.500000 96.294566
450.500000 96.676912
451.500000 97.074916
452.500000 97.538071
453.500000 97.936185
454.500000 98.316801
455.500000 98.652179
456.500000 98.860501
457.500000 99.140207
458.500000 99.576977
459.500000 99.973490
460.500000 100.356743
461.500000 100.717527
462.500000 101.022618
463.500000 101.408308
464.500000 101.886004
465.500000 102.363798
466.500000 102.749783
467.500000 103.055367
468.500000 103.416841
469.500000 103.801047
470.500000 104.200860
471.500000 104.665840
472.500000 105.065927
473.500000 105.452696
474.500000 105.839639
475.500000 106.242191
476.500000 106.732612
477.500000 107.231519
478.500000 107.746936
479.500000 108.246060
480.500000 108.736983
481.500000 109.142338
482.500000 109.554997
483.500000 110.039060
484.500000 110.545933
485.500000 111.055002
486.500000 111.564251
487.500000 112.073548
488.500000 112.580877
489.500000 113.065691
490.500000 113.481411
491.500000 113.912751
492.500000 114.501181
493.500000 115.105299
494.500000 115.642407
495.500000 116.179700
496.500000 116.786323
497.500000 117.400192
498.500000 117.928568
499.500000 118.450835
500.500000 118.979386
501.500000 119.591587
502.500000 120.174153
503.500000 120.618420
504.500000 121.078313
505.500000 121.764577
506.500000 122.475677
507.500000 123.054774
508.500000 123.676428
509.500000 124.309544
510.500000 124.942718
511.500000 125.562592
512.500000 126.117594
513.500000 126.737783
514.500000 127.373600
515.500000 128.032171
516.500000 128.746656
517.500000 129.380762
518.500000 129.923152
519.500000 130.467748
520.500000 131.127006
521.500000 131.936233
522.500000 132.678523
523.500000 133.288743
524.500000 134.031346
525.500000 134.843350
526.500000 135.532425
527.500000 136.221623
528.500000 137.033994
529.500000 137.777277
530.500000 138.390570
531.500000 139.160957
532.500000 140.092583
533.500000 140.955119
534.500000 141.649596
535.500000 142.344260
536.500000 143.209369
537.500000 144.168520
538.500000 145.058578
539.500000 145.847702
540.500000 146.621439
541.500000 147.408580
542.500000 148.272172
543.500000 149.113248
544.500000 149.806807
545.500000 150.502628
546.500000 151.370969
547.500000 152.353892
548.500000 153.314295
549.500000 154.089041
550.500000 154.706990
551.500000 155.482018
552.500000 156.445064
553.500000 157.455558
554.500000 158.443525
555.500000 159.312957
556.500000 160.009947
557.500000 160.704888
558.500000 161.547623
559.500000 162.415235
560.500000 163.231384
561.500000 164.128263
562.500000 165.117142
563.500000 166.106113
564.500000 167.003332
565.500000 167.822220
566.500000 168.719680
567.500000 169.711216
568.500000 170.727614
569.500000 171.746242
570.500000 172.765018
571.500000 173.783871
572.500000 174.802800
573.500000 175.821804
574.500000 176.840881
575.500000 177.860027
576.500000 178.879243
577.500000 179.898525
578.500000 180.917872
579.500000 181.937281
580.500000 182.956751
581.500000 183.976280
582.500000 184.995865
583.499933 186.015502
584.497717 187.035149
585.470655 188.054355
586.347453 189.071701
587.120986 190.087033
587.879014 191.102083
588.652547 192.117466
589.529278 193.134931
590.500000 194.154301
591.470789 195.173706
592.349669 196.191301
593.147981 197.207304
594.000000 198.224404
594.852019 199.241523
595.650331 200.257579
596.529211 201.275273
597.500000 202.294834
598.470789 203.314413
599.349669 204.332150
600.147981 205.348270
601.000000 206.365482
601.851952 207.382699
602.648048 208.398790
603.500000 209.416014
604.352019 210.433240
605.150264 211.449378
606.026996 212.467100
606.973004 213.486218
607.849736 214.503928
608.647981 215.520047
609.500000 216.537241
610.351952 217.554423
611.148048 218.570466
612.000000 219.587621
612.852019 220.604760
613.650264 221.620800
614.526996 222.638397
615.472938 223.657356
616.347520 224.674859
617.120986 225.690315
617.879014 226.705439
618.652480 227.720848
619.526996 228.738239
620.470722 229.756966
621.320524 230.773792
622.000000 231.787219
622.679543 232.800623
623.531427 233.817389
624.497784 234.836357
625.441510 235.854825
626.199472 236.869616
626.800528 237.881318
627.558557 238.896041
628.504432 239.914355
629.495568 240.933473
630.441443 241.951648
631.199472 242.966162
631.800528 243.977636
632.558557 244.992063
633.504499 246.009997
634.497851 247.028742
635.470655 248.047010
636.347453 249.063398
637.120986 250.077792
637.879014 251.091838
638.652547 252.106110
639.529278 253.122209
640.499933 254.139935
641.468506 255.157516
642.320457 256.172892
643.000000 257.185094
643.679476 258.197240
644.529278 259.212350
645.473004 260.229025
646.347520 261.244374
647.120986 262.257867
647.879014 263.271013
648.652547 264.284348
649.529278 265.299361
650.500000 266.315857
651.470722 267.332218
652.347453 268.346876
653.120986 269.359713
653.879014 270.372205
654.652480 271.384860
655.527062 272.399056
656.472938 273.414272
657.347520 274.428213
658.120986 275.440437
658.879014 276.452320
659.652480 277.464344
660.526996 278.477817
661.470722 279.492206
662.320524 280.505028
663.000000 281.515188
663.679543 282.525265
664.531427 283.537778
665.497784 284.551810
666.441510 285.565343
667.199472 286.576090
667.800528 287.584534
668.558557 288.595082
669.504566 289.608088
670.500134 290.621583
671.500000 291.634935
672.500000 292.648085
673.500000 293.660961
674.500000 294.671479
675.500000 295.656939
676.500000 296.545912
677.500000 297.327037
678.500000 298.040664
679.500000 298.554598
680.500000 298.893550
681.500000 299.283766
682.500000 299.740815
683.500000 300.128356
684.500000 300.439261
685.500000 300.826335
686.500000 301.282384
687.500000 301.668983
688.500000 301.978937
689.500000 302.365053
690.500000 302.820134
691.500000 303.205692
692.500000 303.512516
693.500000 303.872863
694.500000 304.232959
695.500000 304.539095
696.500000 304.925544
697.500000 305.403645
698.500000 305.881488
699.500000 306.267164
700.500000 306.572011
701.500000 306.930302
702.500000 307.288263
703.500000 307.590104
704.500000 307.947535
705.500000 308.304698
706.500000 308.605739
707.500000 308.962366
708.500000 309.318789
709.500000 309.621236
710.500000 310.003979
711.500000 310.478357
712.500000 310.952463
713.500000 311.334386
714.500000 311.635466
715.500000 311.989978
716.500000 312.344214
717.500000 312.644400
718.500000 313.022796
719.500000 313.470193
720.500000 313.848035
721.500000 314.146979
722.500000 314.494988
723.500000 314.788795
724.500000 314.788795
725.500000 314.494988
726.500000 314.146979
727.500000 313.848035
728.500000 313.470193
729.500000 313.022796
730.500000 312.644400
731.500000 312.344214
732.500000 311.989978
733.500000 311.635466
734.500000 311.334386
735.500000 310.952463
736.500000 310.478357
737.500000 310.003979
738.500000 309.621236
739.500000 309.318789
740.500000 308.962366
741.500000 308.605739
742.500000 308.304698
743.500000 307.947535
744.500000 307.590104
745.500000 307.288263
746.500000 306.930302
747.500000 306.572011
748.500000 306.267164
749.500000 305.881488
750.500000 305.403645
751.500000 304.925544
752.500000 304.539095
753.500000 304.232959
754.500000 303.872863
755.500000 303.512516
756.500000 303.205692
757.500000 302.820134
758.500000 302.365053
759.500000 301.978937
760.500000 301.668983
761.500000 301.282384
762.500000 300.826335
763.500000 300.439261
764.500000 300.128356
765.500000 299.740815
766.500000 299.283766
767.500000 298.893550
768.500000 298.554598
769.500000 298.040664
770.500000 297.327037
771.500000 296.545912
772.500000 295.656939
773.500000 294.671479
774.500000 293.660961
775.500000 292.648085
776.500000 291.634935
777.499866 290.621583
778.495434 289.608088
779.441443 288.595082
780.199472 287.584534
780.800528 286.576090
781.558490 285.565343
782.502216 284.551810
783.468573 283.537778
784.320457 282.525265
785.000000 281.515188
785.679476 280.505028
786.529278 279.492206
787.473004 278.477817
788.347520 277.464344
789.120986 276.452320
789.879014 275.440437
790.652480 274.428213
791.527062 273.414272
792.472938 272.399056
793.347520 271.384860
794.120986 270.372205
794.879014 269.359713
795.652547 268.346876
796.529278 267.332218
797.500000 266.315857
798.470722 265.299361
799.347453 264.284348
800.120986 263.271013
800.879014 262.257867
801.652480 261.244374
802.526996 260.229025
803.470722 259.212350
804.320524 258.197240
805.000000 257.185094
805.679543 256.172892
806.531494 255.157516
807.500067 254.139935
808.470722 253.122209
809.347453 252.106110
810.120986 251.091838
810.879014 250.077792
811.652547 249.063398
812.529345 248.047010
813.502149 247.028742
814.495501 246.009997
815.441443 244.992063
816.199472 243.977636
816.800528 242.966162
817.558557 241.951648
818.504432 240.933473
819.495568 239.914355
820.441443 238.896041
821.199472 237.881318
821.800528 236.869616
822.558490 235.854825
823.502216 234.836357
824.468573 233.817389
825.320457 232.800623
826.000000 231.787219
826.679476 230.773792
827.529278 229.756966
828.473004 228.738239
829.347520 227.720848
830.120986 226.705439
830.879014 225.690315
831.652480 224.674859
832.527062 223.657356
833.473004 222.638397
834.349736 221.620800
835.147981 220.604760
836.000000 219.587621
836.851952 218.570466
837.648048 217.554423
838.500000 216.537241
839.352019 215.520047
840.150264 214.503928
841.026996 213.486218
841.973004 212.467100
842.849736 211.449378
843.647981 210.433240
844.500000 209.416014
845.351952 208.398790
846.148048 207.382699
847.000000 206.365482
847.852019 205.348270
848.650331 204.332150
849.529211 203.314413
850.500000 202.294834
851.470789 201.275273
852.349669 200.257579
853.147981 199.241523
854.000000 198.224404
854.852019 197.207304
855.650331 196.191301
856.529211 195.173706
857.500000 194.154301
858.470722 193.134931
859.347453 192.117466
860.120986 191.102083
860.879014 190.087033
861.652547 189.071701
862.529345 188.054355
863.502283 187.035149
864.500067 186.015502
865.500000 184.995865
866.500000 183.976280
867.500000 182.956751
868.500000 181.937281
869.500000 180.917872
870.500000 179.898525
871.500000 178.879243
872.500000 177.860027
873.500000 176.840881
874.500000 175.821804
875.500000 174.802800
876.500000 173.783871
877.500000 172.765018
878.500000 171.746242
879.500000 170.727614
880.500000 169.711216
881.500000 168.719680
882.500000 167.822220
883.500000 167.003332
884.500000 166.106113
885.500000 165.117142
886.500000 164.128263
887.500000 163.231384
888.500000 162.415235
889.500000 161.547623
890.500000 160.704888
891.500000 160.009947
892.500000 159.312957
893.500000 158.443525
894.500000 157.455558
895.500000 156.445064
896.500000 155.482018
897.500000 154.706990
898.500000 154.089041
899.500000 153.314295
900.500000 152.353892
901.500000 151.370969
902.500000 150.502628
903.500000 149.806807
904.500000 149.113248
905.500000 148.272172
906.500000 147.408580
907.500000 146.621439
908.500000 145.847702
909.500000 145.058578
910.500000 144.168520
911.500000 143.209369
912.500000 142.344260
913.500000 141.649596
914.500000 140.955119
915.500000 140.092583
916.500000 139.160957
917.500000 138.390570
918.500000 137.777277
919.500000 137.033994
920.500000 136.221623
921.500000 135.532425
922.500000 134.843350
923.500000 134.031346
924.500000 133.288743
925.500000 132.678523
926.500000 131.936233
927.500000 131.127006
928.500000 130.467748
929.500000 129.923152
930.500000 129.380762
931.500000 128.746656
932.500000 128.032171
933.500000 127.373600
934.500000 126.737783
935.500000 126.117594
936.500000 125.562592
937.500000 124.942718
938.500000 124.309544
939.500000 123.676428
940.500000 123.054774
941.500000 122.475677
942.500000 121.764577
943.500000 121.078313
944.500000 120.618420
945.500000 120.174153
946.500000 119.591587
947.500000 118.979386
948.500000 118.450835
949.500000 117.928568
950.500000 117.400192
951.500000 116.786323
952.500000 116.179700
953.500000 115.642407
954.500000 115.105299
955.500000 114.501181
956.500000 113.912751
957.500000 113.481411
958.500000 113.065691
959.500000 112.580877
960.500000 112.073548
961.500000 111.564251
962.500000 111.055002
963.500000 110.545933
964.500000 110.039060
965.500000 109.554997
966.500000 109.142338
967.500000 108.736983
968.500000 108.246060
969.500000 107.746936
970.500000 107.231519
971.500000 106.732612
972.500000 106.242191
973.500000 105.839639
974.500000 105.452696
975.500000 105.065927
976.500000 104.665840
977.500000 104.200860
978.500000 103.801047
979.500000 103.416841
980.500000 103.055367
981.500000 102.749783
982.500000 102.363798
983.500000 101.886004
984.500000 101.408308
985.500000 101.022618
986.500000 100.717527
987.500000 100.356743
988.500000 99.973490
989.500000 99.576977
990.500000 99.140207
991.500000 98.860501
992.500000 98.652179
993.500000 98.316801
994.500000 97.936185
995.500000 97.538071
996.500000 97.074916
997.500000 96.676912
998.500000 96.294566
999.500000 95.937085
1000.500000 95.660324
1001.500000 95.399152
1002.500000 95.145190
1003.500000 94.859471
1004.500000 94.489118
1005.500000 94.055865
1006.500000 93.779663
1007.500000 93.597531
1008.500000 93.361837
1009.500000 93.114881
1010.500000 92.879340
1011.500000 92.697582
1012.500000 92.423991
1013.500000 92.016198
1014.500000 91.742820
1015.500000 91.563504
1016.500000 91.353184
1017.500000 91.200939
1018.500000 91.048829
1019.500000 90.840867
1020.500000 90.686678
1021.500000 90.507777
1022.500000 90.179096
1023.500000 89.827851
1024.500000 89.555155
1025.500000 89.320658
1026.500000 89.166859
1027.500000 89.015271
1028.500000 88.807889
1029.500000 88.654273
1030.500000 88.476005
1031.500000 88.150032
1032.500000 87.824116
1033.500000 87.646022
1034.500000 87.492763
1035.500000 87.287936
1036.500000 87.161717
1037.500000 87.104829
1038.500000 86.978717
1039.500000 86.774172
1040.500000 86.623451
1041.500000 86.472782
1042.500000 86.268457
1043.500000 86.144816
1044.500000 86.115214
1045.500000 86.108291
1046.500000 86.078718
1047.500000 85.953120
1048.500000 85.724302
1049.500000 85.480024
1050.500000 85.251296
1051.500000 85.125877
1052.500000 85.096641
1053.500000 85.092227
1054.500000 85.087787
1055.500000 85.056528
1056.500000 84.906539
1057.500000 84.584113
1058.500000 84.261727
1059.500000 84.111856
1060.500000 84.080793
1061.500000 84.076696
1062.500000 84.074784
1063.500000 84.070827
1064.500000 84.042058
1065.500000 83.917185
1066.500000 83.689082
1067.500000 83.445507
1068.500000 83.217470
1069.500000 83.092732
1070.500000 83.064164
1071.500000 83.060475
1072.500000 83.058966
1073.500000 83.057487
1074.500000 83.053889
1075.500000 83.025474
1076.500000 82.900948
1077.500000 82.673186
1078.500000 82.429947
1079.500000 82.202239
1080.500000 82.077824
1081.500000 82.049574
1082.500000 82.046197
1083.500000 82.044995
1084.500000 82.043884
1085.500000 82.042797
1086.500000 82.041735
1087.500000 82.040696
1088.500000 82.039680
1089.500000 82.038687
1090.500000 82.037716
1091.499933 82.036767
1092.497650 82.035841
1093.468372 82.035028
1094.681892 82.186434
1095.531628 82.412168
1096.502350 82.653318
1097.500067 82.878960
1098.500000 83.001354
1099.500000 83.027628
1100.500000 83.029073
1101.500000 83.028387
1102.500000 83.027718
1103.500000 83.029216
1104.500000 83.055510
1105.500000 83.175878
1106.500000 83.376896
1107.500000 83.524225
1108.500000 83.671569
1109.500000 83.872634
1110.500000 83.993079
1111.500000 84.019549
1112.500000 84.023402
1113.500000 84.049900
1114.500000 84.170402
1115.500000 84.371552
1116.500000 84.519008
1117.500000 84.666478
1118.500000 84.867666
1119.500000 84.988232
1120.500000 85.014819
1121.500000 85.018788
1122.500000 85.045399
1123.500000 85.166011
1124.500000 85.367269
1125.500000 85.514831
1126.500000 85.662404
1127.500000 85.863761
1128.500000 85.986641
1129.500000 86.040254
1130.500000 86.163087
1131.500000 86.362334
1132.500000 86.485185
1133.500000 86.538835
1134.500000 86.661772
1135.500000 86.863202
1136.500000 87.010868
1137.500000 87.158542
1138.500000 87.359998
1139.500000 87.483042
1140.500000 87.538965
1141.500000 87.688885
1142.500000 88.009207
1143.500000 88.331619
1144.500000 88.506407
1145.500000 88.658572
1146.500000 88.887080
1147.500000 89.128883
1148.500000 89.355188
1149.500000 89.480383
1150.500000 89.534291
1151.500000 89.659497
1152.500000 89.885826
1153.500000 90.127597
1154.500000 90.354004
1155.500000 90.481448
1156.500000 90.562318
1157.500000 90.806393
1158.500000 91.207445
1159.500000 91.476310
1160.500000 91.653338
1161.500000 91.884077
1162.500000 92.126160
1163.500000 92.356908
1164.500000 92.533954
1165.500000 92.802979
1166.500000 93.208431
1167.500000 93.504325
1168.500000 93.800223
1169.500000 94.205754
1170.500000 94.476947
1171.500000 94.678799
1172.500000 95.003638
1173.500000 95.326398
1174.500000 95.503480
1175.500000 95.680700
1176.500000 96.007768
1177.500000 96.382182
1178.500000 96.772170
1179.500000 97.204662
1180.500000 97.502814
1181.500000 97.798754
1182.500000 98.202176
1183.500000 98.448628
1184.500000 98.556595
1185.500000 98.805201
1186.500000 99.233479
1187.500000 99.625639
1188.500000 100.029226
1189.500000 100.502093
1190.500000 100.972880
1191.500000 101.351693
1192.500000 101.650008
1193.500000 102.004113
1194.500000 102.380850
1195.500000 102.773094
1196.500000 103.230403
1197.500000 103.622650
1198.500000 103.999461
1199.500000 104.355793
1200.500000 104.681050
1201.500000 105.178718
1202.500000 105.824151
1203.500000 106.321889
1204.500000 106.649301
1205.500000 107.030488
1206.500000 107.503450
1207.500000 107.999045
1208.500000 108.474092
1209.500000 108.877914
1210.500000 109.274545
1211.500000 109.756789
1212.500000 110.245329
1213.500000 110.729792
1214.500000 111.153422
1215.500000 111.678237
1216.500000 112.352765
1217.500000 112.969423
1218.500000 113.471476
1219.500000 113.877525
1220.500000 114.274300
1221.500000 114.758769
1222.500000 115.274248
1223.500000 115.877490
1224.500000 116.473672
1225.500000 117.000645
1226.500000 117.527618
1227.500000 118.123870
1228.500000 118.729331
1229.500000 119.271877
1230.500000 119.879489
1231.500000 120.500523
1232.500000 121.121557
1233.500000 121.729170
1234.500000 122.271787
1235.500000 122.879468
1236.500000 123.502654
1237.500000 124.148538
1238.500000 124.852359
1239.500000 125.500393
1240.500000 126.148361
1241.500000 126.850035
1242.500000 127.471142
1243.500000 128.000274
1244.500000 128.527324
1245.500000 129.123652
1246.500000 129.731406
1247.500000 130.303039
1248.500000 131.054342
1249.500000 131.946283
1250.500000 132.699803
1251.500000 133.298500
1252.500000 134.029457
1253.500000 134.852255
1254.500000 135.621348
1255.500000 136.379167
1256.500000 137.150476
1257.500000 138.000204
1258.500000 138.849933
1259.500000 139.621175
1260.500000 140.376914
1261.500000 141.123378
1262.500000 141.876968
1263.500000 142.623432
1264.500000 143.379238
1265.500000 144.152632
1266.500000 145.027208
1267.500000 145.973078
1268.500000 146.847655
1269.500000 147.621116
1270.500000 148.379140
1271.500000 149.152601
1272.500000 150.027179
1273.500000 150.973116
1274.500000 151.849910
1275.500000 152.650368
1276.500000 153.529378
1277.500000 154.502379
1278.500000 155.500159
1279.500000 156.500089
1280.500000 157.500019
1281.500000 158.497799
1282.499933 159.470801
1283.497717 160.349812
1284.470722 161.150337
1285.349736 162.029349
1286.150264 163.002352
1287.029278 164.000133
1288.002283 165.000064
1289.000067 166.000061
1290.000000 167.000059
1291.000000 168.000057
1291.999933 169.000055
1292.997717 170.000052
1293.970722 171.000050
1294.849669 172.000049
1295.647981 173.000047
1296.500000 174.000046
1297.351952 175.000044
1298.148048 176.000043
1298.999933 177.000041
1299.849736 178.000040
1300.621053 179.000039
1301.379014 180.000038
1302.152547 181.000036
1303.029278 182.000035
1304.000000 183.000034
1304.970722 184.000033
1305.847453 185.000031
1306.620986 186.000030
1307.378947 187.000030
1308.150264 188.000029
1309.000000 189.000028
1309.849736 190.000027
1310.621053 191.000026
1311.378880 192.000025
1312.147981 193.000024
1312.970789 194.000024
1313.701688 195.000023
1314.298245 196.000022
1315.026996 197.000022
1315.824956 198.000021
1316.497784 199.000020
1317.147981 200.000020
1317.851952 201.000019
1318.500000 202.000019
1319.147981 203.000018
1319.849736 204.000018
1320.473004 205.000017
1321.027062 206.000017
1321.652413 207.000016
1322.376798 208.000016
1323.093990 209.000015
1323.726467 210.000015
1324.271250 211.000015
1324.879014 212.000014
1325.502216 213.000014
1326.148048 214.000014
1326.849669 215.000013
1327.470722 216.000013
1327.997717 217.000013
1328.500000 218.000012
1329.002283 219.000012
1329.529278 220.000012
1330.150264 221.000012
1330.849736 222.000011
1331.470722 223.000011
1331.997717 224.000011
1332.499933 225.000010
1333.000000 226.000010
1333.500067 227.000010
1334.002216 228.000010
1334.526996 229.000010
1335.120986 230.000009
1335.699472 231.000009
1336.120986 232.000009
1336.526996 233.000009
1337.002216 234.000009
1337.500000 235.000008
1337.997784 236.000008
1338.472938 237.000008
1338.876731 238.000008
1339.271250 239.000008
1339.728817 240.000008
1340.125484 241.000008
1340.554058 242.000007
1341.123202 243.000007
1341.699539 244.000007
1342.120986 245.000007
1342.526929 246.000007
1343.000000 247.000007
1343.473004 248.000007
1343.876665 249.000006
1344.268967 250.000006
1344.699472 251.000006
1344.973004 252.000006
1345.177260 253.000006
1345.529278 254.000006
1345.975287 255.000006
1346.376798 256.000006
1346.771183 257.000006
1347.226467 258.000006
1347.593990 259.000005
1347.876731 260.000005
1348.150197 261.000005
1348.500000 262.000005
1348.849803 263.000005
1349.123269 264.000005
1349.406010 265.000005
1349.773466 266.000005
1350.226534 267.000005
1350.593923 268.000005
1350.874516 269.000005
1351.123135 270.000005
1351.376798 271.000005
1351.623202 272.000005
1351.876798 273.000005
1352.123269 274.000004
1352.379014 275.000004
1352.650264 276.000004
1353.000000 277.000004
1353.349736 278.000004
1353.620986 279.000004
1353.876665 280.000004
1354.120919 281.000004
1354.347587 282.000004
1354.475220 283.000004
1354.556274 284.000004
1354.800461 285.000004
1355.199472 286.000004
1355.441443 287.000004
1355.495501 288.000004
1355.502216 289.000004
1355.531561 290.000004
1355.679609 291.000004
1356.002350 292.000004
1356.352019 293.000004
1356.647981 294.000004
1356.997650 295.000004
1357.320391 296.000004
1357.468506 297.000004
1357.500000 298.000004
1357.531494 299.000004
1357.679543 300.000004
1358.000000 301.000003
1358.320457 302.000003
1358.468439 303.000003
1358.497650 304.000003
1358.500067 305.000003
1358.504566 306.000003
1358.558557 307.000003
1358.800528 308.000003
1359.199472 309.000003
1359.441443 310.000003
1359.495434 311.000003
1359.499933 312.000003
1359.502350 313.000003
1359.531561 314.000003
1359.679543 315.000003
1360.000000 316.000003
1360.320457 317.000003
1360.468439 318.000003
1360.497717 319.000003
1360.502283 320.000003
1360.531561 321.000003
1360.679543 322.000003
1361.000000 323.000003
1361.320457 324.000003
1361.468439 325.000003
1361.497650 326.000003
1361.500000 327.000003
1361.502283 328.000003
1361.529345 329.000003
1361.652547 330.000003
1361.879014 331.000003
1362.120986 332.000003
1362.347453 333.000003
1362.470655 334.000003
1362.497717 335.000003
1362.499933 336.000003
1362.500067 337.000003
1362.502350 338.000003
1362.531561 339.000003
1362.679543 340.000003
1363.000000 341.000003
1363.320457 342.000003
1363.468439 343.000003
1363.497650 344.000003
1363.499933 345.000003
1363.500000 346.000003
1363.500000 347.000003
1363.500067 348.000003
1363.502283 349.000003
1363.529278 350.000003
1363.650264 351.000003
1363.849736 352.000003
1363.970655 353.000003
1363.995434 354.000003
1363.970655 355.000003
1363.849736 356.000003
1363.650264 357.000003
1363.529278 358.000003
1363.502216 359.000003
1363.497784 360.000003
1363.470722 361.000003
1363.349736 362.000003
1363.150264 363.000003
1363.029211 364.000003
1363.000000 365.000003
1362.970789 366.000003
1362.849736 367.000003
1362.650197 368.000003
1362.526996 369.000003
1362.473004 370.000003
1362.349803 371.000003
1362.150264 372.000003
1362.029278 373.000003
1362.002216 374.000003
1361.997784 375.000003
1361.970722 376.000003
1361.849669 377.000003
1361.647981 378.000003
1361.500000 379.000003
1361.352019 380.000003
1361.150331 381.000003
1361.029211 382.000003
1361.000000 383.000003
1360.970722 384.000003
1360.847453 385.000003
1360.620986 386.000003
1360.379014 387.000003
1360.152547 388.000003
1360.029345 389.000003
1360.002216 390.000003
1359.997784 391.000003
1359.970655 392.000003
1359.847453 393.000003
1359.620986 394.000003
1359.379014 395.000003
1359.152547 396.000003
1359.029278 397.000003
1359.000000 398.000003
1358.970722 399.000003
1358.847453 400.000003
1358.620986 401.000003
1358.379014 402.000003
1358.152480 403.000003
1358.027062 404.000003
1357.972938 405.000003
1357.847520 406.000003
1357.620986 407.000004
1357.379014 408.000004
1357.152413 409.000004
1357.024780 410.000004
1356.943726 411.000004
1356.699539 412.000004
1356.300461 413.000004
1356.056207 414.000004
1355.973004 415.000004
1355.820591 416.000004
1355.500000 417.000004
1355.179543 418.000004
1355.031494 419.000004
1355.000000 420.000004
1354.968506 421.000004
1354.820391 422.000004
1354.497650 423.000004
1354.147981 424.000004
1353.852019 425.000004
1353.502350 426.000004
1353.179543 427.000004
1353.029211 428.000004
1352.970789 429.000004
1352.820457 430.000004
1352.497650 431.000004
1352.147981 432.000004
1351.852019 433.000005
1351.502283 434.000005
1351.177260 435.000005
1351.000000 436.000005
1350.822807 437.000005
1350.499933 438.000005
1350.174977 439.000005
1349.972938 440.000005
1349.699472 441.000005
1349.269034 442.000005
1348.878947 443.000005
1348.502216 444.000005
1348.148115 445.000005
1347.851885 446.000005
1347.497784 447.000005
1347.120986 448.000006
1346.728683 449.000006
1346.271317 450.000006
1345.878947 451.000006
1345.500000 452.000006
1345.121053 453.000006
1344.728683 454.000006
1344.271317 455.000006
1343.879014 456.000006
1343.502216 457.000007
1343.148115 458.000007
1342.851885 459.000007
1342.497784 460.000007
1342.120919 461.000007
1341.726467 462.000007
1341.244187 463.000007
1340.753530 464.000007
1340.246470 465.000008
1339.755813 466.000008
1339.273466 467.000008
1338.876798 468.000008
1338.473004 469.000008
1338.000000 470.000008
1337.526996 471.000008
1337.123202 472.000009
1336.726534 473.000009
1336.244187 474.000009
1335.753530 475.000009
1335.246403 476.000009
1334.753530 477.000009
1334.244187 478.000010
1333.726534 479.000010
1333.123202 480.000010
1332.527062 481.000010
1332.002149 482.000011
1331.497851 483.000011
1330.972938 484.000011
1330.376731 485.000011
1329.771250 486.000012
1329.228750 487.000012
1328.623269 488.000012
1328.027062 489.000013
1327.502149 490.000013
1326.997784 491.000013
1326.470722 492.000013
1325.849669 493.000014
1325.147981 494.000014
1324.500000 495.000015
1323.852019 496.000015
1323.150331 497.000015
1322.529211 498.000016
1322.000000 499.000016
1321.470722 500.000017
1320.847453 501.000017
1320.120986 502.000018
1319.378947 503.000018
1318.650264 504.000019
1318.000067 505.000019
1317.351952 506.000020
1316.647981 507.000020
1315.997784 508.000021
1315.324956 509.000021
1314.526996 510.000022
1313.798179 511.000023
1313.199539 512.000023
1312.446009 513.000024
1311.553991 514.000025
1310.800461 515.000026
1310.201821 516.000026
1309.473004 517.000027
1308.674977 518.000028
1307.999933 519.000029
1307.322740 520.000030
1306.497784 521.000031
1305.650197 522.000032
1304.878947 523.000033
1304.120986 524.000034
1303.347520 525.000035
1302.472938 526.000036
1301.526996 527.000037
1300.650264 528.000039
1299.852019 529.000040
1299.000000 530.000041
1298.147981 531.000043
1297.349669 532.000044
1296.470722 533.000046
1295.497717 534.000048
1294.499933 535.000049
1293.500000 536.000051
1292.500067 537.000054
1291.502283 538.000056
1290.529278 539.000058
1289.650264 540.000060
1288.849736 540.999995
1287.970722 541.997781
1286.997717 542.970788
1285.999933 543.849805
1285.000000 544.650336
1284.000000 545.529286
1283.000000 546.500078
1282.000000 547.470869
1281.000000 548.349820
1280.000000 549.150351
1279.000000 550.029369
1278.000000 551.002377
1277.000000 552.000165
1276.000000 553.000035
1275.000000 553.997823
1274.000000 554.970831
1273.000000 555.849783
1272.000000 556.648100
1271.000000 557.500123
1270.000000 558.352080
1269.000000 559.148181
1268.000000 560.000138
1267.000000 560.852162
1266.000000 561.650413
1265.000000 562.527083
1264.000000 563.470882
1263.000000 564.320691
1262.000000 565.000173
1261.000000 565.679655
1260.000000 566.529398
1259.000000 567.470982
1258.000000 568.320658
1257.000000 568.997925
1256.000000 569.650480
1255.000000 570.381454
1254.000000 571.150497
1253.000000 571.998025
1252.000000 572.822923
1251.000000 573.497977
1250.000000 574.148250
1249.000000 574.852231
1248.000000 575.500289
1247.000000 576.148348
1246.000000 576.852263
1245.000000 577.500323
1244.000000 578.148316
1243.000000 578.850083
1242.000000 579.473364
1241.000000 580.027368
1240.000000 580.650651
1239.000000 581.352419
1238.000000 582.000415
1237.000000 582.648478
1236.000000 583.352331
1235.000000 583.998246
1234.000000 584.621464
1233.000000 585.229179
1232.000000 585.771763
1231.000000 586.377263
1230.000000 586.973555
1229.000000 587.500571
1228.000000 588.027587
1227.000000 588.623814
1226.000000 589.227168
1225.000000 589.744844
1224.000000 590.254209
1223.000000 590.747107
1222.000000 591.254258
1221.000000 591.744941
1220.000000 592.227381
1219.000000 592.626225
1218.000000 593.054961
1217.000000 593.626349
1216.000000 594.229645
1215.000000 594.769893
1214.000000 595.348478
1213.000000 595.825881
1212.000000 596.176136
1211.000000 596.653474
1210.000000 597.229847
1209.000000 597.743173
1208.000000 598.227641
1207.000000 598.624415
1206.000000 599.028318
1205.000000 599.503447
1204.000000 599.999126
1203.000000 600.472109
1202.000000 600.851170
1201.000000 601.151747
1200.000000 601.530811
1199.000000 602.003800
1198.000000 602.499421
1197.000000 602.972413
1196.000000 603.351484
1195.000000 603.652003
1194.000000 604.028862
1193.000000 604.474932
1192.000000 604.851728
1191.000000 605.150039
1190.000000 605.502125
1189.000000 605.854147
1188.000000 606.150315
1187.000000 606.502341
1186.000000 606.854436
1185.000000 607.152761
1184.000000 607.529573
1183.000000 607.975666
1182.000000 608.352483
1181.000000 608.650817
1180.000000 609.002860
1179.000000 609.352757
1178.000000 609.624104
1177.000000 609.879949
1176.000000 610.126589
1175.000000 610.382508
1174.000000 610.656015
1173.000000 611.030643
1172.000000 611.474484
1171.000000 611.824339
1170.000000 612.001721
1169.000000 612.154327
1168.000000 612.383273
1167.000000 612.627661
1166.000000 612.881328
1165.000000 613.127872
1164.000000 613.381614
1163.000000 613.628166
1162.000000 613.881917
1161.000000 614.128478
1160.000000 614.382170
1159.000000 614.626524
1158.000000 614.853297
1157.000000 614.978958
1156.000000 615.035414
1155.000000 615.185864
1154.000000 615.508797
1153.000000 615.856447
1152.000000 616.125683
1151.000000 616.356791
1150.000000 616.507269
1149.000000 616.655604
1148.000000 616.859801
1147.000000 617.010297
1146.000000 617.185513
1145.000000 617.508431
1144.000000 617.829207
1143.000000 617.977447
1142.000000 618.006991
1141.000000 618.011830
1140.000000 618.041389
1139.000000 618.189657
1138.000000 618.510410
1137.000000 618.831171
1136.000000 618.979464
1135.000000 619.008995
1134.000000 619.011606
1133.000000 619.012143
1132.000000 619.016921
1131.000000 619.071266
1130.000000 619.313602
1129.000000 619.712918
1128.000000 619.955273
1127.000000 620.009657
1126.000000 620.014559
1125.000000 620.017389
1124.000000 620.047025
1123.000000 620.195441
1122.000000 620.516345
1121.000000 620.837260
1120.000000 620.985710
1119.000000 621.015403
1118.000000 621.018178
1117.000000 621.018751
1116.000000 621.019403
1115.000000 621.024366
1114.000000 621.078901
1113.000000 621.321430
1112.000000 621.720945
1111.000000 621.963503
1110.000000 622.018094
1109.000000 622.023140
1108.000000 622.023904
1107.000000 622.024549
1106.000000 622.025277
1105.000000 622.028237
1104.000000 622.058141
1103.000000 622.206832
1102.000000 622.528017
1101.000000 622.849218
1100.000000 622.997961
1099.000000 623.027953
1098.000000 623.031034
1097.000000 623.031918
1096.000000 623.032755
1095.000000 623.033678
1094.000000 623.036770
1093.000000 623.064662
1092.000000 623.186498
1091.000000 623.384692
1090.000000 623.479642
1089.000000 623.386634
1088.000000 623.190382
1087.000000 623.070491
1086.000000 623.044546
1085.000000 623.043404
1084.000000 623.044436
1083.000000 623.045492
1082.000000 623.044425
1081.000000 623.018537
1080.000000 622.896535
1079.000000 622.671295
1078.000000 622.430577
1077.000000 622.205391
1076.000000 622.083499
1075.000000 622.057775
1074.000000 622.056926
1073.000000 622.058189
1072.000000 622.057400
1071.000000 622.031796
1070.000000 621.910083
1069.000000 621.685137
1068.000000 621.444718
1067.000000 621.219837
1066.000000 621.098255
1065.000000 621.072846
1064.000000 621.072252
1063.000000 621.071693
1062.000000 621.046457
1061.000000 620.927200
1060.000000 620.727346
1059.000000 620.581235
1058.000000 620.435163
1057.000000 620.235423
1056.000000 620.116292
1055.000000 620.089108
1054.000000 620.061965
1053.000000 619.942956
1052.000000 619.743421
1051.000000 619.597635
1050.000000 619.451893
1049.000000 619.252488
1048.000000 619.133697
1047.000000 619.106860
1046.000000 619.080001
1045.000000 618.959200
1044.000000 618.735248
1043.000000 618.495840
1042.000000 618.271985
1041.000000 618.151379
1040.000000 618.124814
1039.000000 618.098368
1038.000000 617.980065
1037.000000 617.781247
1036.000000 617.636190
1035.000000 617.491187
1034.000000 617.292465
1033.000000 617.172286
1032.000000 617.121375
1031.000000 616.999094
1030.000000 616.773606
1029.000000 616.507893
1028.000000 616.161606
1027.000000 615.815379
1026.000000 615.549849
1025.000000 615.324665
1024.000000 615.202810
1023.000000 615.152379
1022.000000 615.030720
1021.000000 614.807943
1020.000000 614.567579
1019.000000 614.315859
1018.000000 614.048702
1017.000000 613.705278
1016.000000 613.386703
1015.000000 613.240608
1014.000000 613.186493
1013.000000 613.040543
1012.000000 612.722189
1011.000000 612.377048
1010.000000 612.085622
1009.000000 611.738416
1008.000000 611.393369
1007.000000 611.126886
1006.000000 610.873903
1005.000000 610.607645
1004.000000 610.265063
1003.000000 609.943111
1002.000000 609.746240
1001.000000 609.478158
1000.000000 609.055271
999.000000 608.695451
998.000000 608.418348
997.000000 608.150540
996.000000 607.806483
995.000000 607.462513
994.000000 607.194969
993.000000 606.918307
992.000000 606.559036
991.000000 606.134792
990.000000 605.842833
989.000000 605.550901
988.000000 605.124787
987.000000 604.741135
986.000000 604.368919
985.000000 603.996666
984.000000 603.609005
983.000000 603.133681
982.000000 602.650079
981.000000 602.150241
980.000000 601.668988
979.000000 601.218844
978.000000 600.925842
977.000000 600.635024
976.000000 600.209969
975.000000 599.823221
974.000000 599.402656
973.000000 598.843642
972.000000 598.300239
971.000000 597.983127
970.000000 597.688752
969.000000 597.239597
968.000000 596.759610
967.000000 596.261182
966.000000 595.777118
965.000000 595.278778
964.000000 594.794938
963.000000 594.296823
962.000000 593.813209
961.000000 593.315322
960.000000 592.831869
959.000000 592.332063
958.000000 591.824128
957.000000 591.232713
956.000000 590.671238
955.000000 590.250384
954.000000 589.836841
953.000000 589.268459
952.000000 588.682611
951.000000 588.141312
950.000000 587.528773
949.000000 586.839951
948.000000 586.229802
947.000000 585.713697
946.000000 585.220343
945.000000 584.704481
944.000000 584.094751
943.000000 583.404507
942.000000 582.768093
941.000000 582.131734
940.000000 581.439643
939.000000 580.803530
938.000000 580.167608
937.000000 579.478036
936.000000 578.867006
935.000000 578.323296
934.000000 577.687801
933.000000 576.904667
932.000000 576.188852
931.000000 575.607435
930.000000 574.916514
929.000000 574.225717
928.000000 573.644672
927.000000 572.929410
926.000000 572.144926
925.000000 571.483551
924.000000 570.820216
923.000000 570.011323
922.000000 569.202553
921.000000 568.539454
920.000000 567.874394
919.000000 567.041212
918.000000 566.138940
917.000000 565.397909
916.000000 564.813971
915.000000 564.100042
914.000000 563.317024
913.000000 562.657041
912.000000 561.992880
911.000000 561.156294
910.000000 560.203272
909.000000 559.250367
908.000000 558.414132
907.000000 557.750423
906.000000 557.086829
905.000000 556.250939
904.000000 555.298543
903.000000 554.344110
902.000000 553.481564
901.000000 552.697614
900.000000 551.837437
899.000000 550.908159
898.000000 550.048200
897.000000 549.264684
896.000000 548.402722
895.000000 547.446941
894.000000 546.468633
893.000000 545.513059
892.000000 544.651509
891.000000 543.868545
890.000000 543.007193
889.000000 542.051950
888.000000 541.072022
887.000000 540.090041
886.000000 539.108152
885.000000 538.128505
884.000000 537.173728
883.000000 536.313029
882.000000 535.530904
881.000000 534.670378
880.000000 533.715947
879.000000 532.736818
878.000000 531.755620
877.000000 530.774435
876.000000 529.793326
875.000067 528.812292
874.002283 527.831290
873.029278 526.849885
872.150264 525.866740
871.349736 524.882136
870.470722 523.899091
869.497717 522.917916
868.499933 521.937283
867.500000 520.956751
866.500000 519.976280
865.500000 518.995865
864.500000 518.015503
863.500067 517.035193
862.502283 516.054889
861.529278 515.074142
860.650264 514.091572
859.849736 513.107475
858.970789 512.124966
858.000000 511.144319
857.029211 510.163707
856.150264 509.181289
855.349803 508.197323
854.473004 507.214908
853.527062 506.233904
852.652480 505.251487
851.879014 504.267052
851.121053 503.282318
850.349736 502.297864
849.499933 501.315004
848.647981 500.332198
847.849669 499.348318
846.970855 498.366071
846.002283 497.385645
845.058490 496.404723
844.300528 495.420047
843.699472 494.432199
842.941510 493.447522
841.997784 492.466599
841.031427 491.486128
840.179543 490.503337
839.500000 489.517059
838.820524 488.530774
837.970722 487.547917
837.027062 486.567072
836.154897 485.589203
835.412992 484.662687
834.834506 483.974845
