608.815758 489.454458
608.436744 490.140444
607.815758 491.059825
606.968439 492.025222
606.002216 492.990934
605.058490 493.957680
604.300528 494.931052
603.699472 495.909987
602.941510 496.883491
601.997717 497.850606
601.029145 498.816987
600.150331 499.786601
599.352019 500.759097
598.500067 501.729853
597.650264 502.700796
596.878947 503.674524
596.120986 504.648802
595.347520 505.622653
594.472938 506.593210
593.526996 507.561516
592.650197 508.532282
591.849736 509.505717
590.970789 510.476685
590.000000 511.444791
589.029211 512.413080
588.150264 513.384530
587.349736 514.358663
586.470722 515.330410
585.497717 516.299324
584.499933 517.267654
583.500000 518.236131
582.500000 519.204822
581.500000 520.173735
580.500000 521.142872
579.500067 522.112238
578.502283 523.081898
577.529278 524.052535
576.650264 525.026200
575.849736 526.002376
574.970722 526.976392
573.997717 527.947848
572.999933 528.918816
572.000000 529.889967
571.000000 530.861364
570.000000 531.833010
569.000000 532.804841
568.000000 533.774776
567.000000 534.720186
566.000000 535.571862
565.000000 536.345309
564.000000 537.197502
563.000000 538.143945
562.000000 539.115430
561.000000 540.089325
560.000000 541.063484
559.000000 542.035758
558.000000 542.983517
557.000000 543.837552
556.000000 544.613367
555.000000 545.467935
554.000000 546.416692
553.000000 547.388348
552.000000 548.337641
551.000000 549.193278
550.000000 549.970630
549.000000 550.824587
548.000000 551.748021
547.000000 552.602513
546.000000 553.380935
545.000000 554.238110
544.000000 555.187325
543.000000 556.134658
542.000000 556.965635
541.000000 557.624467
540.000000 558.283564
539.000000 559.115333
538.000000 560.063919
537.000000 561.012767
536.000000 561.845321
535.000000 562.505592
534.000000 563.161824
533.000000 563.941230
532.000000 564.651682
531.000000 565.232278
530.000000 565.970101
529.000000 566.869295
528.000000 567.699530
527.000000 568.361769
526.000000 569.022174
525.000000 569.828374
524.000000 570.634819
523.000000 571.295826
522.000000 571.954993
521.000000 572.737384
520.000000 573.450670
519.000000 574.029850
518.000000 574.718895
517.000000 575.408172
516.000000 575.988052
515.000000 576.702436
514.000000 577.484243
513.000000 578.118513
512.000000 578.661097
511.000000 579.271099
510.000000 579.959739
509.000000 580.594824
508.000000 581.230190
507.000000 581.921626
506.000000 582.557418
505.000000 583.193351
504.000000 583.883199
503.000000 584.492616
502.000000 585.008245
501.000000 585.501445
500.000000 586.017473
499.000000 586.627621
498.000000 587.316516
497.000000 587.929198
496.000000 588.470711
495.000000 589.056841
494.000000 589.625571
493.000000 590.039526
492.000000 590.460855
491.000000 591.022866
490.000000 591.614876
489.000000 592.123464
488.000000 592.623978
487.000000 593.108194
486.000000 593.606896
485.000000 594.091376
484.000000 594.590405
483.000000 595.075208
482.000000 595.574556
481.000000 596.059673
480.000000 596.559197
479.000000 597.040321
478.000000 597.490653
477.000000 597.786242
476.000000 598.104606
475.000000 598.649296
474.000000 599.209630
473.000000 599.631548
472.000000 600.019681
471.000000 600.446151
470.000000 600.738411
469.000000 601.032883
468.000000 601.484522
467.000000 601.967295
466.000000 602.468675
465.000000 602.953843
464.000000 603.430752
463.000000 603.820018
462.000000 604.193895
461.000000 604.567752
460.000000 604.953060
459.000000 605.380845
458.000000 605.674463
457.000000 605.968121
456.000000 606.394075
455.000000 606.755067
454.000000 607.033460
453.000000 607.302743
452.000000 607.648460
451.000000 607.994272
450.000000 608.263840
449.000000 608.542708
448.000000 608.904298
447.000000 609.328959
446.000000 609.598816
445.000000 609.797465
444.000000 610.121196
443.000000 610.465556
442.000000 610.733593
441.000000 610.988353
440.000000 611.256612
439.000000 611.603432
438.000000 611.952407
437.000000 612.245600
436.000000 612.592502
435.000000 612.912612
434.000000 613.060313
433.000000 613.116173
432.000000 613.264006
431.000000 613.584311
430.000000 613.929459
429.000000 614.198330
428.000000 614.451757
427.000000 614.693817
426.000000 614.918281
425.000000 615.041618
424.000000 615.093716
423.000000 615.217228
422.000000 615.444057
421.000000 615.711221
420.000000 616.059070
419.000000 616.406967
418.000000 616.674277
417.000000 616.901349
416.000000 617.025202
415.000000 617.077672
414.000000 617.199396
413.000000 617.399649
412.000000 617.546169
411.000000 617.692730
410.000000 617.893037
409.000000 618.012814
408.000000 618.040720
407.000000 618.068730
406.000000 618.190765
405.000000 618.416035
404.000000 618.656842
403.000000 618.882178
402.000000 619.004348
401.000000 619.032559
400.000000 619.060734
399.000000 619.180847
398.000000 619.381558
397.000000 619.528590
396.000000 619.675650
395.000000 619.876444
394.000000 619.996696
393.000000 620.025065
392.000000 620.053459
391.000000 620.173786
390.000000 620.374704
389.000000 620.521939
388.000000 620.669196
387.000000 620.870182
386.000000 620.990554
385.000000 621.016889
384.000000 621.018532
383.000000 621.020195
382.000000 621.046656
381.000000 621.169275
380.000000 621.395177
379.000000 621.636601
378.000000 621.862538
377.000000 621.985226
376.000000 622.011791
375.000000 622.013525
374.000000 622.013192
373.000000 622.014956
372.000000 622.041580
371.000000 622.164358
370.000000 622.390415
369.000000 622.631990
368.000000 622.858073
367.000000 622.980902
366.000000 623.007605
365.000000 623.009473
364.000000 623.009203
363.000000 623.008944
362.000000 623.010845
361.000000 623.037535
360.000000 623.158159
359.000000 623.355130
358.000000 623.448845
357.000000 623.354588
356.000000 623.157075
355.000000 623.035907
354.000000 623.008671
353.000000 623.006223
352.000000 623.005932
351.000000 623.005715
350.000000 623.005438
349.000000 623.002953
348.000000 622.973546
347.000000 622.825376
346.000000 622.504737
345.000000 622.184103
344.000000 622.035952
343.000000 622.006577
342.000000 622.004136
341.000000 622.003916
340.000000 622.003769
339.000000 622.003493
338.000000 621.998924
337.000000 621.944800
336.000000 621.702701
335.000000 621.303635
334.000000 621.061545
333.000000 621.007439
332.000000 621.002897
331.000000 621.002657
330.000000 621.002487
329.000000 621.000106
328.000000 620.970799
327.000000 620.822726
326.000000 620.502180
325.000000 620.181637
324.000000 620.033574
323.000000 620.004284
322.000000 620.001791
321.000000 619.997219
320.000000 619.943157
319.000000 619.701118
318.000000 619.302109
317.000000 619.060074
316.000000 619.006023
315.000000 619.001532
314.000000 619.001276
313.000000 618.998939
312.000000 618.969675
311.000000 618.821644
310.000000 618.501139
309.000000 618.180635
308.000000 618.032609
307.000000 618.003288
306.000000 617.998681
305.000000 617.969363
304.000000 617.821344
303.000000 617.500783
302.000000 617.178075
301.000000 617.003064
300.000000 616.852768
299.000000 616.648766
298.000000 616.500621
297.000000 616.350328
296.000000 616.119401
295.000000 615.850341
294.000000 615.502862
293.000000 615.180098
292.000000 615.029810
291.000000 614.973514
290.000000 614.848008
289.000000 614.621386
288.000000 614.377178
287.000000 614.123630
286.000000 613.877208
285.000000 613.623594
284.000000 613.377173
283.000000 613.123561
282.000000 612.877142
281.000000 612.623597
280.000000 612.379329
279.000000 612.150498
278.000000 611.998005
277.000000 611.820732
276.000000 611.470985
275.000000 611.027247
274.000000 610.652720
273.000000 610.379311
272.000000 610.123488
271.000000 609.876941
270.000000 609.621186
269.000000 609.349928
268.000000 609.000116
267.000000 608.648156
266.000000 608.349903
265.000000 607.973164
264.000000 607.527148
263.000000 607.150410
262.000000 606.852158
261.000000 606.500133
260.000000 606.148175
259.000000 605.852073
258.000000 605.500116
257.000000 605.148092
256.000000 604.849841
255.000000 604.473105
254.000000 604.027091
253.000000 603.650289
252.000000 603.349823
251.000000 602.970805
250.000000 602.497863
249.000000 602.002292
248.000000 601.529351
247.000000 601.150333
246.000000 600.849801
245.000000 600.470784
244.000000 599.997844
243.000000 599.502206
242.000000 599.027117
241.000000 598.623253
240.000000 598.226516
239.000000 597.742085
238.000000 597.228795
237.000000 596.652456
236.000000 596.175151
235.000000 595.824928
234.000000 595.347557
233.000000 594.769002
232.000000 594.228783
231.000000 593.625516
230.000000 593.054155
229.000000 592.625446
228.000000 592.226628
227.000000 591.744213
226.000000 591.253554
225.000000 590.746427
224.000000 590.253552
223.000000 589.744209
222.000000 589.226554
221.000000 588.623221
220.000000 588.027014
219.000000 587.500017
218.000000 586.973021
217.000000 586.376747
216.000000 585.771265
215.000000 585.228697
214.000000 584.620999
213.000000 583.997797
212.000000 583.351897
211.000000 582.648060
210.000000 582.000011
209.000000 581.352029
208.000000 580.650274
207.000000 580.027005
206.000000 579.473013
205.000000 578.849744
204.000000 578.147989
203.000000 577.500008
202.000000 576.851959
201.000000 576.148055
200.000000 575.500007
199.000000 574.851958
198.000000 574.147987
197.000000 573.497723
196.000000 572.822679
195.000000 571.997789
194.000000 571.150269
193.000000 570.381235
192.000000 569.650268
191.000000 568.997721
190.000000 568.320461
189.000000 567.470792
188.000000 566.529215
187.000000 565.679479
186.000000 565.000003
185.000000 564.320527
184.000000 563.470724
183.000000 562.526931
182.000000 561.650267
181.000000 560.852021
180.000000 560.000002
179.000000 559.148050
178.000000 558.351954
177.000000 557.500002
176.000000 556.647983
175.000000 555.849671
174.000000 554.970723
173.000000 553.997719
172.000000 552.999935
171.000000 552.000068
170.000000 551.002284
169.000000 550.029280
168.000000 549.150265
167.000000 548.349737
166.000000 547.470790
165.000000 546.500001
164.000000 545.529212
163.000000 544.650265
162.000067 543.849737
161.002283 542.970722
160.029278 541.997718
159.150264 540.999934
158.349736 540.000001
157.470722 539.000001
156.497717 538.000001
155.499933 537.000001
154.500000 536.000001
153.500067 535.000001
152.502283 534.000000
151.529278 533.000000
150.650331 532.000000
149.852019 531.000000
149.000000 530.000000
148.147981 529.000000
147.349736 528.000000
146.473004 527.000000
145.527062 526.000000
144.652480 525.000000
143.879014 524.000000
143.121053 523.000000
142.349803 522.000000
141.502216 521.000000
140.677260 520.000000
140.000067 519.000000
139.325023 518.000000
138.526996 517.000000
137.798179 516.000000
137.199539 515.000000
136.446009 514.000000
135.553991 513.000000
134.800461 512.000000
134.201821 511.000000
133.473004 510.000000
132.675044 509.000000
132.002216 508.000000
131.352019 507.000000
130.648048 506.000000
129.999933 505.000000
129.349736 504.000000
128.621053 503.000000
127.879014 502.000000
127.152547 501.000000
126.529278 500.000000
126.000000 499.000000
125.470789 498.000000
124.849669 497.000000
124.147981 496.000000
123.500000 495.000000
122.852019 494.000000
122.150331 493.000000
121.529278 492.000000
121.002216 491.000000
120.497851 490.000000
119.972938 489.000000
119.376731 488.000000
118.771250 487.000000
118.228750 486.000000
117.623269 485.000000
117.027062 484.000000
116.502149 483.000000
115.997851 482.000000
115.472938 481.000000
114.876798 480.000000
114.273466 479.000000
113.755813 478.000000
113.246470 477.000000
112.753597 476.000000
112.246470 475.000000
111.755813 474.000000
111.273466 473.000000
110.876798 472.000000
110.473004 471.000000
110.000000 470.000000
109.526996 469.000000
109.123202 468.000000
108.726534 467.000000
108.244187 466.000000
107.753530 465.000000
107.246470 464.000000
106.755813 463.000000
106.273533 462.000000
105.879081 461.000000
105.502216 460.000000
105.148115 459.000000
104.851885 458.000000
104.497784 457.000000
104.120986 456.000000
103.728683 455.000000
103.271317 454.000000
102.878947 453.000000
102.500000 452.000000
102.121053 451.000000
101.728683 450.000000
101.271317 449.000000
100.879014 448.000000
100.502216 447.000000
100.148115 446.000000
99.851885 445.000000
99.497784 444.000000
99.121053 443.000000
98.730966 442.000000
98.300528 441.000000
98.027062 440.000000
97.825023 439.000000
97.500067 438.000000
97.177193 437.000000
97.000000 436.000000
96.822740 435.000000
96.497717 434.000000
96.147981 433.000000
95.852019 432.000000
95.502350 431.000000
95.179543 430.000000
95.029211 429.000000
94.970789 428.000000
94.820457 427.000000
94.497650 426.000000
94.147981 425.000000
93.852019 424.000000
93.502350 423.000000
93.179609 422.000000
93.031494 421.000000
93.000000 420.000000
92.968506 419.000000
92.820457 418.000000
92.500000 417.000000
92.179409 416.000000
92.026996 415.000000
91.943793 414.000000
91.699539 413.000000
91.300461 412.000000
91.056274 411.000000
90.975220 410.000000
90.847587 409.000000
90.620986 408.000000
90.379014 407.000000
90.152480 406.000000
90.027062 405.000000
89.972938 404.000000
89.847520 403.000000
89.620986 402.000000
89.379014 401.000000
89.152547 400.000000
89.029278 399.000000
89.000000 398.000000
88.970722 397.000000
88.847453 396.000000
88.620986 395.000000
88.379014 394.000000
88.152547 393.000000
88.029345 392.000000
88.002216 391.000000
87.997784 390.000000
87.970655 389.000000
87.847453 388.000000
87.620986 387.000000
87.379014 386.000000
87.152547 385.000000
87.029278 384.000000
87.000000 383.000000
86.970789 382.000000
86.849669 381.000000
86.647981 380.000000
86.500000 379.000000
86.352019 378.000000
86.150331 377.000000
86.029278 376.000000
86.002216 375.000000
85.997784 374.000000
85.970722 373.000000
85.849736 372.000000
85.650197 371.000000
85.526996 370.000000
85.473004 369.000000
85.349803 368.000000
85.150264 367.000000
85.029211 366.000000
85.000000 365.000000
84.970789 364.000000
84.849736 363.000000
84.650264 362.000000
84.529278 361.000000
84.502216 360.000000
84.497784 359.000000
84.470722 358.000000
84.349736 357.000000
84.150264 356.000000
84.029345 355.000000
84.004566 354.000000
84.029345 353.000000
84.150264 352.000000
84.349736 351.000000
84.470722 350.000000
84.497717 349.000000
84.499933 348.000000
84.500000 347.000000
84.500000 346.000000
84.500067 345.000000
84.502350 344.000000
84.531561 343.000000
84.679543 342.000000
85.000000 341.000000
85.320457 340.000000
85.468439 339.000000
85.497650 338.000000
85.499933 337.000000
85.500067 336.000000
85.502283 335.000000
85.529345 334.000000
85.652547 333.000000
85.879014 332.000000
86.120986 331.000000
86.347453 330.000000
86.470655 329.000000
86.497717 328.000000
86.500000 327.000000
86.502350 326.000000
86.531561 325.000000
86.679543 324.000000
87.000000 323.000000
87.320457 322.000000
87.468439 321.000000
87.497717 320.000000
87.502283 319.000000
87.531561 318.000000
87.679543 317.000000
88.000000 316.000000
88.320457 315.000000
88.468439 314.000000
88.497650 313.000000
88.500067 312.000000
88.504566 311.000000
88.558557 310.000000
88.800528 309.000000
89.199472 308.000000
89.441443 307.000000
89.495434 306.000000
89.499933 305.000000
89.502350 304.000000
89.531561 303.000000
89.679543 302.000000
90.000000 301.000000
90.320457 300.000000
90.468506 299.000000
90.500000 298.000000
90.531494 297.000000
90.679609 296.000000
91.002350 295.000000
91.352019 294.000000
91.647981 293.000000
91.997650 292.000000
92.320391 291.000000
92.468439 290.000000
92.497784 289.000000
92.504499 288.000000
92.558557 287.000000
92.800528 286.000000
93.199539 285.000000
93.443726 284.000000
93.524780 283.000000
93.652413 282.000000
93.879081 281.000000
94.123335 280.000000
94.379014 279.000000
94.650264 278.000000
95.000000 277.000000
95.349736 276.000000
95.620986 275.000000
95.876731 274.000000
96.123202 273.000000
96.376798 272.000000
96.623202 271.000000
96.876865 270.000000
97.125484 269.000000
97.406077 268.000000
97.773466 267.000000
98.226534 266.000000
98.593990 265.000000
98.876731 264.000000
99.150197 263.000000
99.500000 262.000000
99.849803 261.000000
100.123269 260.000000
100.406010 259.000000
100.773533 258.000000
101.228817 257.000000
101.623202 256.000000
102.024713 255.000000
102.470722 254.000000
102.822740 253.000000
103.026996 252.000000
103.300528 251.000000
103.731033 250.000000
104.123335 249.000000
104.526996 248.000000
105.000000 247.000000
105.473071 246.000000
105.879014 245.000000
106.300461 244.000000
106.876798 243.000000
107.445942 242.000000
107.874516 241.000000
108.271183 240.000000
108.728750 239.000000
109.123269 238.000000
109.527062 237.000000
110.002216 236.000000
110.500000 235.000000
110.997784 234.000000
111.473004 233.000000
111.879014 232.000000
112.300528 231.000000
112.879014 230.000000
113.473004 229.000000
113.997784 228.000000
114.499933 227.000000
115.000000 226.000000
115.500067 225.000000
116.002283 224.000000
116.529278 223.000000
117.150264 222.000000
117.849736 221.000000
118.470722 220.000000
118.997717 219.000000
119.500000 218.000000
120.002283 217.000000
120.529278 216.000000
121.150331 215.000000
121.851952 214.000000
122.497784 213.000000
123.120986 212.000000
123.728750 211.000000
124.273533 210.000000
124.906010 209.000000
125.623202 208.000000
126.347587 207.000000
126.972938 206.000000
127.526996 205.000000
128.150264 204.000000
128.852019 203.000000
129.500000 202.000000
130.148048 201.000000
130.852019 200.000000
131.502216 199.000000
132.175044 198.000000
132.973004 197.000000
133.701755 196.000000
134.298312 195.000000
135.029211 194.000000
135.852019 193.000000
136.621120 192.000000
137.378947 191.000000
138.150264 190.000000
139.000000 189.000000
139.849736 188.000000
140.621053 187.000000
141.379014 186.000000
142.152547 185.000000
143.029278 184.000000
144.000000 183.000000
144.970722 182.000000
145.847453 181.000000
146.620986 180.000000
147.378947 179.000000
148.150264 178.000000
149.000067 177.000000
149.851952 176.000000
150.648048 175.000000
151.500000 174.000000
152.352019 173.000000
153.150331 172.000001
154.029278 171.000001
155.002283 170.000001
156.000067 169.000001
157.000000 168.000001
158.000000 167.000001
158.999933 166.000001
159.997717 165.000001
160.970722 164.000068
161.849736 163.002284
162.650264 162.029279
163.529278 161.150265
164.502283 160.349737
165.500067 159.470723
166.500000 158.497718
167.500000 157.499934
168.500000 156.500001
169.500000 155.500068
170.500000 154.502284
171.500000 153.529280
172.500000 152.650266
173.500000 151.849804
174.500000 150.973006
175.500000 150.027064
176.500000 149.152482
177.500000 148.379016
178.500000 147.620988
179.500000 146.847522
180.500000 145.972940
181.500000 145.027065
182.500000 144.152483
183.500000 143.379084
184.500000 142.623271
185.500000 141.876801
186.500000 141.123205
187.500000 140.376735
188.500000 139.620989
189.500000 138.849740
190.500000 138.000004
191.500000 137.150268
192.500000 136.378952
193.500000 135.621124
194.500000 134.852024
195.500000 134.029217
196.500000 133.298251
197.500000 132.699544
198.500000 131.946015
199.500000 131.054064
200.500000 130.302751
201.500000 129.731107
202.500000 129.123343
203.500000 128.527003
204.500000 127.999941
205.500000 127.470797
206.500000 126.849678
207.500000 126.147991
208.500000 125.500010
209.500000 124.851963
210.500000 124.148126
211.500000 123.502228
212.500000 122.879027
213.500000 122.271330
214.500000 121.728697
215.500000 121.121067
216.500000 120.500015
217.500000 119.878963
218.500000 119.271334
219.500000 118.728768
220.500000 118.123287
221.500000 117.527015
222.500000 117.000021
223.500000 116.473026
224.500000 115.876821
225.500000 115.273557
226.500000 114.758054
227.500000 114.273559
228.500000 113.876759
229.500000 113.470684
230.500000 112.968603
231.500000 112.351917
232.500000 111.677361
233.500000 111.152516
234.500000 110.728855
235.500000 110.244361
236.500000 109.755787
237.500000 109.273509
238.500000 108.876844
239.500000 108.472985
240.500000 107.997901
241.500000 107.502269
242.500000 107.029267
243.500000 106.648039
244.500000 106.320585
245.500000 105.822804
246.500000 105.177327
247.500000 104.679613
248.500000 104.354309
249.500000 103.997928
250.500000 103.621067
251.500000 103.228768
252.500000 102.771406
253.500000 102.379108
254.500000 102.002314
255.500000 101.648151
256.500000 101.349777
257.500000 100.970901
258.500000 100.500051
259.500000 100.027119
260.500000 99.623465
261.500000 99.231236
262.500000 98.802887
263.500000 98.554207
264.500000 98.446165
265.500000 98.199635
266.500000 97.796134
267.500000 97.500112
268.500000 97.201875
269.500000 96.769297
270.500000 96.379220
271.500000 96.004714
272.500000 95.677551
273.500000 95.500235
274.500000 95.323053
275.500000 95.000190
276.500000 94.675246
277.500000 94.473286
278.500000 94.201982
279.500000 93.796337
280.500000 93.500321
281.500000 93.204306
282.500000 92.798730
283.500000 92.529578
284.500000 92.352402
285.500000 92.121520
286.500000 91.879299
287.500000 91.648419
288.500000 91.471245
289.500000 91.202232
290.500000 90.801027
291.500000 90.556794
292.500000 90.475764
293.500000 90.348154
294.500000 90.121578
295.500000 89.879632
296.500000 89.653125
297.500000 89.527736
298.500000 89.473640
299.500000 89.348253
300.500000 89.121751
301.500000 88.879745
302.500000 88.651029
303.500000 88.498652
304.500000 88.323646
305.500000 88.001011
306.500000 87.680460
307.500000 87.530305
308.500000 87.474141
309.500000 87.350851
310.500000 87.149144
311.500000 87.001211
312.500000 86.853281
313.500000 86.651579
314.500000 86.528366
315.500000 86.474432
316.500000 86.351290
317.500000 86.151746
318.500000 86.028608
319.500000 85.974684
320.500000 85.851485
321.500000 85.649802
322.500000 85.501895
323.500000 85.353992
324.500000 85.152384
325.500000 85.031415
326.500000 85.004440
327.500000 85.000098
328.500000 84.973129
329.500000 84.852173
330.500000 84.650586
331.500000 84.502709
332.500000 84.354836
333.500000 84.153261
334.500000 84.032325
335.500000 84.005383
336.500000 84.001077
337.500000 83.974144
338.500000 83.853226
339.500000 83.651678
340.500000 83.503842
341.500000 83.356010
342.500000 83.154478
343.500000 83.033587
344.500000 83.006758
345.500000 83.004715
346.500000 83.004827
347.500000 83.004945
348.500000 83.002922
349.500000 82.976058
350.499933 82.853062
351.497650 82.626808
352.468372 82.385050
353.318108 82.158776
354.531628 80.006582
355.502350 82.006753
356.500067 82.007006
357.500000 82.007267
358.500000 82.007538
359.500000 82.007819
360.500000 82.008108
361.500000 82.008408
362.500000 82.008718
363.500000 82.009039
364.500000 82.009370
365.500000 82.009779
366.500000 82.012349
367.500000 82.039778
368.500000 82.163357
369.500000 82.390215
370.500000 82.632590
371.500000 82.859475
372.500000 82.983107
373.500000 83.010614
374.500000 83.013290
375.500000 83.013831
376.500000 83.014388
377.500000 83.017109
378.500000 83.044694
379.500000 83.168434
380.500000 83.395457
381.500000 83.638003
382.500000 83.865062
383.500000 83.988874
384.500000 84.016567
385.500000 84.019433
386.500000 84.020237
387.500000 84.023211
388.500000 84.053136
389.500000 84.201852
390.500000 84.523067
391.500000 84.844306
392.500000 84.993092
393.500000 85.023133
394.500000 85.026338
395.500000 85.029501
396.500000 85.057472
397.500000 85.181608
398.500000 85.409038
399.500000 85.652002
400.500000 85.879490
401.500000 86.003744
402.500000 86.031956
403.500000 86.037502
404.500000 86.065712
405.500000 86.187946
406.500000 86.390849
407.500000 86.540081
408.500000 86.689349
409.500000 86.892427
410.500000 87.017058
411.500000 87.072450
412.500000 87.197159
413.500000 87.400462
414.500000 87.552182
415.500000 87.728725
416.500000 88.053075
417.500000 88.377470
418.500000 88.554147
419.500000 88.706159
420.500000 88.911925
421.500000 89.061885
422.500000 89.214045
423.500000 89.446891
424.500000 89.717925
425.500000 90.067498
426.500000 90.394496
427.500000 90.571705
428.500000 90.724192
429.500000 90.930444
430.500000 91.080834
431.500000 91.231353
432.500000 91.439939
433.500000 91.617513
434.500000 91.889143
435.500000 92.295182
436.500000 92.567015
437.500000 92.747009
438.500000 92.980781
439.500000 93.225967
440.500000 93.459886
441.500000 93.640242
442.500000 93.914666
443.500000 94.346140
444.500000 94.714714
445.500000 94.998655
446.500000 95.250840
447.500000 95.510238
448.500000 95.785227
449.500000 96.140940
450.500000 96.521523
451.500000 96.917769
452.500000 97.379174
453.500000 97.775544
454.500000 98.154425
455.500000 98.488077
456.500000 98.694683
457.500000 98.972684
458.500000 99.407763
459.500000 99.802597
460.500000 100.184185
461.500000 100.543321
462.500000 100.846780
463.500000 101.230855
464.500000 101.706955
465.500000 102.183174
466.500000 102.567605
467.500000 102.871658
468.500000 103.231624
469.500000 103.614347
470.500000 104.012704
471.500000 104.476255
472.500000 104.874943
473.500000 105.260344
474.500000 105.645948
475.500000 106.047197
476.500000 106.536349
477.500000 107.034022
478.500000 107.548243
479.500000 108.046210
480.500000 108.536017
481.500000 108.940297
482.500000 109.351925
483.500000 109.835003
484.500000 110.340937
485.500000 110.849115
486.500000 111.357524
487.500000 111.866032
488.500000 112.372625
489.500000 112.856759
490.500000 113.271854
491.500000 113.702629
492.500000 114.290553
493.500000 114.894227
494.500000 115.430954
495.500000 115.967933
496.500000 116.574308
497.500000 117.187997
498.500000 117.716265
499.500000 118.238497
500.500000 118.767086
501.500000 119.379403
502.500000 119.962161
503.500000 120.406701
504.500000 120.866948
505.500000 121.553651
506.500000 122.265274
507.500000 122.844983
508.500000 123.467336
509.500000 124.101245
510.500000 124.735303
511.500000 125.356157
512.500000 125.912235
513.500000 126.533600
514.500000 127.170693
515.500000 127.830644
516.500000 128.546611
517.500000 129.182308
518.500000 129.726395
519.500000 130.272799
520.500000 130.933978
521.500000 131.745239
522.500000 132.489679
523.500000 133.102167
524.500000 133.847158
525.500000 134.661670
526.500000 135.353378
527.500000 136.045333
528.500000 136.860588
529.500000 137.606882
530.500000 138.223319
531.500000 138.996980
532.500000 139.932015
533.500000 140.798095
534.500000 141.496254
535.500000 142.194738
536.500000 143.063808
537.500000 144.027062
538.500000 144.921366
539.500000 145.714883
540.500000 146.493159
541.500000 147.284986
542.500000 148.153416
543.500000 148.999479
544.500000 149.698179
545.500000 150.399294
546.500000 151.273085
547.500000 152.261614
548.500000 153.227781
549.500000 154.008450
550.500000 154.632482
551.500000 155.413754
552.500000 156.383207
553.500000 157.400271
554.500000 158.394972
555.500000 159.271304
556.500000 159.975359
557.500000 160.677533
558.500000 161.527668
559.500000 162.402848
560.500000 163.226736
561.500000 164.131523
562.500000 165.128480
563.500000 166.125699
564.500000 167.031338
565.500000 167.858817
566.500000 168.765041
567.500000 169.765512
568.500000 170.791018
569.500000 171.818927
570.500000 172.847156
571.500000 173.875634
572.500000 174.904362
573.500000 175.933336
574.500000 176.962555
575.500000 177.992016
576.500000 179.021717
577.500000 180.051655
578.500000 181.081829
579.500000 182.112236
580.500000 183.142872
581.500000 184.173735
582.500000 185.204822
583.499933 186.236129
584.497717 187.267584
585.470655 188.298463
586.347453 189.326461
587.120986 190.351295
587.879014 191.375750
588.652547 192.400826
589.529278 193.429391
590.500000 194.461195
591.470789 195.493182
592.349669 196.522294
593.147981 197.548862
594.000000 198.577344
594.852019 199.605956
595.650331 200.632878
596.529211 201.662643
597.500000 202.695671
598.470789 203.728850
599.349669 204.759016
600.147981 205.786520
601.000000 206.815978
601.851952 207.845538
602.648048 208.873252
603.500000 209.903007
604.352019 210.932858
605.150264 211.960909
606.026996 212.991808
606.973004 214.025250
607.849736 215.056331
608.647981 216.084702
609.500000 217.115056
610.351952 218.145477
611.148048 219.173964
612.000000 220.204511
612.852019 221.235119
613.650264 222.263846
614.526996 223.295449
615.472938 224.329604
616.347520 225.361229
617.120986 226.389232
617.879014 227.416704
618.652480 228.444761
619.526996 229.476510
620.470722 230.510800
621.320524 231.541696
622.000000 232.566410
622.679543 233.591133
623.531427 234.622132
624.497784 235.657299
625.441510 236.691640
626.199472 237.719214
626.800528 238.741074
627.558557 239.768631
628.504432 240.802996
629.495568 241.838974
630.441443 242.873271
631.199472 243.900726
631.800528 244.922473
632.558557 245.949870
633.504499 246.984005
634.497851 248.019782
635.470655 249.054743
636.347453 250.086182
637.120986 251.113858
637.879014 252.140921
638.652547 253.168474
639.529278 254.199621
640.499933 255.233997
641.468506 256.268178
642.320457 257.298139
643.000000 258.321962
643.679476 259.345714
644.529278 260.375320
645.473004 261.408061
646.347520 262.438267
647.120986 263.464871
647.879014 264.490838
648.652547 265.517224
649.529278 266.546988
650.500000 267.579762
651.470722 268.612337
652.347453 269.641581
653.120986 270.667239
653.879014 271.692248
654.652480 272.717625
655.527062 273.746143
656.472938 274.776768
657.347520 275.804879
658.120986 276.829569
658.879014 277.853608
659.652480 278.877971
660.526996 279.905310
661.470722 280.934562
662.320524 281.960674
663.000000 282.981392
663.679543 284.001969
664.531427 285.027556
665.497784 286.056295
666.441510 287.084062
667.199472 288.106144
667.800528 289.123514
668.558557 290.145239
669.504566 291.172064
670.500134 292.199943
671.500000 293.227572
672.500000 294.254826
673.500000 295.281628
674.500000 296.305886
675.500000 297.304898
676.500000 298.207228
677.500000 299.001513
678.500000 299.728096
679.500000 300.254779
680.500000 300.606267
681.500000 301.008802
682.500000 301.477950
683.500000 301.877365
684.500000 302.199914
685.500000 302.598399
686.500000 303.065619
687.500000 303.463149
688.500000 303.783788
689.500000 304.180338
690.500000 304.645601
691.500000 305.041083
692.500000 305.357570
693.500000 305.727316
694.500000 306.096542
695.500000 306.411538
696.500000 306.806572
697.500000 307.292981
698.500000 307.778851
699.500000 308.172269
700.500000 308.484573
701.500000 308.850031
702.500000 309.214867
703.500000 309.523289
704.500000 309.887003
705.500000 310.250150
706.500000 310.556873
707.500000 310.918878
708.500000 311.280375
709.500000 311.587586
710.500000 311.974785
711.500000 312.453308
712.500000 312.931244
713.500000 313.316685
714.500000 313.620967
715.500000 313.978364
716.500000 314.335167
717.500000 314.637603
718.500000 315.017927
719.500000 315.466933
720.500000 315.846062
721.500000 316.145973
722.500000 316.494626
723.500000 316.788754
724.500000 316.788754
725.500000 316.494626
726.500000 316.145973
727.500000 315.846062
728.500000 315.466933
729.500000 315.017927
730.500000 314.637603
731.500000 314.335167
732.500000 313.978364
733.500000 313.620967
734.500000 313.316685
735.500000 312.931244
736.500000 312.453308
737.500000 311.974785
738.500000 311.587586
739.500000 311.280375
740.500000 310.918878
741.500000 310.556873
742.500000 310.250150
743.500000 309.887003
744.500000 309.523289
745.500000 309.214867
746.500000 308.850031
747.500000 308.484573
748.500000 308.172269
749.500000 307.778851
750.500000 307.292981
751.500000 306.806572
752.500000 306.411538
753.500000 306.096542
754.500000 305.727316
755.500000 305.357570
756.500000 305.041083
757.500000 304.645601
758.500000 304.180338
759.500000 303.783788
760.500000 303.463149
761.500000 303.065619
762.500000 302.598399
763.500000 302.199914
764.500000 301.877365
765.500000 301.477950
766.500000 301.008802
767.500000 300.606267
768.500000 300.254779
769.500000 299.728096
770.500000 299.001513
771.500000 298.207228
772.500000 297.304898
773.500000 296.305886
774.500000 295.281628
775.500000 294.254826
776.500000 293.227572
777.499866 292.199943
778.495434 291.172064
779.441443 290.145239
780.199472 289.123514
780.800528 288.106144
781.558490 287.084062
782.502216 286.056295
783.468573 285.027556
784.320457 284.001969
785.000000 282.981392
785.679476 281.960674
786.529278 280.934562
787.473004 279.905310
788.347520 278.877971
789.120986 277.853608
789.879014 276.829569
790.652480 275.804879
791.527062 274.776768
792.472938 273.746143
793.347520 272.717625
794.120986 271.692248
794.879014 270.667239
795.652547 269.641581
796.529278 268.612337
797.500000 267.579762
798.470722 266.546988
799.347453 265.517224
800.120986 264.490838
800.879014 263.464871
801.652480 262.438267
802.526996 261.408061
803.470722 260.375320
804.320524 259.345714
805.000000 258.321962
805.679543 257.298139
806.531494 256.268178
807.500067 255.233997
808.470722 254.199621
809.347453 253.168474
810.120986 252.140921
810.879014 251.113858
811.652547 250.086182
812.529345 249.054743
813.502149 248.019782
814.495501 246.984005
815.441443 245.949870
816.199472 244.922473
816.800528 243.900726
817.558557 242.873271
818.504432 241.838974
819.495568 240.802996
820.441443 239.768631
821.199472 238.741074
821.800528 237.719214
822.558490 236.691640
823.502216 235.657299
824.468573 234.622132
825.320457 233.591133
826.000000 232.566410
826.679476 231.541696
827.529278 230.510800
828.473004 229.476510
829.347520 228.444761
830.120986 227.416704
830.879014 226.389232
831.652480 225.361229
832.527062 224.329604
833.473004 223.295449
834.349736 222.263846
835.147981 221.235119
836.000000 220.204511
836.851952 219.173964
837.648048 218.145477
838.500000 217.115056
839.352019 216.084702
840.150264 215.056331
841.026996 214.025250
841.973004 212.991808
842.849736 211.960909
843.647981 210.932858
844.500000 209.903007
845.351952 208.873252
846.148048 207.845538
847.000000 206.815978
847.852019 205.786520
848.650331 204.759016
849.529211 203.728850
850.500000 202.695671
851.470789 201.662643
852.349669 200.632878
853.147981 199.605956
854.000000 198.577344
854.852019 197.548862
855.650331 196.522294
856.529211 195.493182
857.500000 194.461195
858.470722 193.429391
859.347453 192.400826
860.120986 191.375750
860.879014 190.351295
861.652547 189.326461
862.529345 188.298463
863.502283 187.267584
864.500067 186.236129
865.500000 185.204822
866.500000 184.173735
867.500000 183.142872
868.500000 182.112236
869.500000 181.081829
870.500000 180.051655
871.500000 179.021717
872.500000 177.992016
873.500000 176.962555
874.500000 175.933336
875.500000 174.904362
876.500000 173.875634
877.500000 172.847156
878.500000 171.818927
879.500000 170.791018
880.500000 169.765512
881.500000 168.765041
882.500000 167.858817
883.500000 167.031338
884.500000 166.125699
885.500000 165.128480
886.500000 164.131523
887.500000 163.226736
888.500000 162.402848
889.500000 161.527668
890.500000 160.677533
891.500000 159.975359
892.500000 159.271304
893.500000 158.394972
894.500000 157.400271
895.500000 156.383207
896.500000 155.413754
897.500000 154.632482
898.500000 154.008450
899.500000 153.227781
900.500000 152.261614
901.500000 151.273085
902.500000 150.399294
903.500000 149.698179
904.500000 148.999479
905.500000 148.153416
906.500000 147.284986
907.500000 146.493159
908.500000 145.714883
909.500000 144.921366
910.500000 144.027062
911.500000 143.063808
912.500000 142.194738
913.500000 141.496254
914.500000 140.798095
915.500000 139.932015
916.500000 138.996980
917.500000 138.223319
918.500000 137.606882
919.500000 136.860588
920.500000 136.045333
921.500000 135.353378
922.500000 134.661670
923.500000 133.847158
924.500000 133.102167
925.500000 132.489679
926.500000 131.745239
927.500000 130.933978
928.500000 130.272799
929.500000 129.726395
930.500000 129.182308
931.500000 128.546611
932.500000 127.830644
933.500000 127.170693
934.500000 126.533600
935.500000 125.912235
936.500000 125.356157
937.500000 124.735303
938.500000 124.101245
939.500000 123.467336
940.500000 122.844983
941.500000 122.265274
942.500000 121.553651
943.500000 120.866948
944.500000 120.406701
945.500000 119.962161
946.500000 119.379403
947.500000 118.767086
948.500000 118.238497
949.500000 117.716265
950.500000 117.187997
951.500000 116.574308
952.500000 115.967933
953.500000 115.430954
954.500000 114.894227
955.500000 114.290553
956.500000 113.702629
957.500000 113.271854
958.500000 112.856759
959.500000 112.372625
960.500000 111.866032
961.500000 111.357524
962.500000 110.849115
963.500000 110.340937
964.500000 109.835003
965.500000 109.351925
966.500000 108.940297
967.500000 108.536017
968.500000 108.046210
969.500000 107.548243
970.500000 107.034022
971.500000 106.536349
972.500000 106.047197
973.500000 105.645948
974.500000 105.260344
975.500000 104.874943
976.500000 104.476255
977.500000 104.012704
978.500000 103.614347
979.500000 103.231624
980.500000 102.871658
981.500000 102.567605
982.500000 102.183174
983.500000 101.706955
984.500000 101.230855
985.500000 100.846780
986.500000 100.543321
987.500000 100.184185
988.500000 99.802597
989.500000 99.407763
990.500000 98.972684
991.500000 98.694683
992.500000 98.488077
993.500000 98.154425
994.500000 97.775544
995.500000 97.379174
996.500000 96.917769
997.500000 96.521523
998.500000 96.140940
999.500000 95.785227
1000.500000 95.510238
1001.500000 95.250840
1002.500000 94.998655
1003.500000 94.714714
1004.500000 94.346140
1005.500000 93.914666
1006.500000 93.640242
1007.500000 93.459886
1008.500000 93.225967
1009.500000 92.980781
1010.500000 92.747009
1011.500000 92.567015
1012.500000 92.295182
1013.500000 91.889143
1014.500000 91.617513
1015.500000 91.439939
1016.500000 91.231353
1017.500000 91.080834
1018.500000 90.930444
1019.500000 90.724192
1020.500000 90.571705
1021.500000 90.394496
1022.500000 90.067498
1023.500000 89.717925
1024.500000 89.446891
1025.500000 89.214045
1026.500000 89.061885
1027.500000 88.911925
1028.500000 88.706159
1029.500000 88.554147
1030.500000 88.377470
1031.500000 88.053075
1032.500000 87.728725
1033.500000 87.552182
1034.500000 87.400462
1035.500000 87.197159
1036.500000 87.072450
1037.500000 87.017058
1038.500000 86.892427
1039.500000 86.689349
1040.500000 86.540081
1041.500000 86.390849
1042.500000 86.187946
1043.500000 86.065712
1044.500000 86.037502
1045.500000 86.031956
1046.500000 86.003744
1047.500000 85.879490
1048.500000 85.652002
1049.500000 85.409038
1050.500000 85.181608
1051.500000 85.057472
1052.500000 85.029501
1053.500000 85.026338
1054.500000 85.023133
1055.500000 84.993092
1056.500000 84.844306
1057.500000 84.523067
1058.500000 84.201852
1059.500000 84.053136
1060.500000 84.023211
1061.500000 84.020237
1062.500000 84.019433
1063.500000 84.016567
1064.500000 83.988874
1065.500000 83.865062
1066.500000 83.638003
1067.500000 83.395457
1068.500000 83.168434
1069.500000 83.044694
1070.500000 83.017109
1071.500000 83.014388
1072.500000 83.013831
1073.500000 83.013290
1074.500000 83.010614
1075.500000 82.983107
1076.500000 82.859475
1077.500000 82.632590
1078.500000 82.390215
1079.500000 82.163357
1080.500000 82.039778
1081.500000 82.012349
1082.500000 82.009779
1083.500000 82.009370
1084.500000 82.009039
1085.500000 82.008718
1086.500000 82.008408
1087.500000 82.008108
1088.500000 82.007819
1089.500000 82.007538
1090.500000 82.007267
1091.499933 82.007006
1092.497650 82.006753
1093.468372 82.006582
1094.681892 82.158776
1095.531628 82.385050
1096.502350 82.626808
1097.500067 82.853062
1098.500000 82.976058
1099.500000 83.002922
1100.500000 83.004945
1101.500000 83.004827
1102.500000 83.004715
1103.500000 83.006758
1104.500000 83.033587
1105.500000 83.154478
1106.500000 83.356010
1107.500000 83.503842
1108.500000 83.651678
1109.500000 83.853226
1110.500000 83.974144
1111.500000 84.001077
1112.500000 84.005383
1113.500000 84.032325
1114.500000 84.153261
1115.500000 84.354836
1116.500000 84.502709
1117.500000 84.650586
1118.500000 84.852173
1119.500000 84.973129
1120.500000 85.000098
1121.500000 85.004440
1122.500000 85.031415
1123.500000 85.152384
1124.500000 85.353992
1125.500000 85.501895
1126.500000 85.649802
1127.500000 85.851485
1128.500000 85.974684
1129.500000 86.028608
1130.500000 86.151746
1131.500000 86.351290
1132.500000 86.474432
1133.500000 86.528366
1134.500000 86.651579
1135.500000 86.853281
1136.500000 87.001211
1137.500000 87.149144
1138.500000 87.350851
1139.500000 87.474141
1140.500000 87.530305
1141.500000 87.680460
1142.500000 88.001011
1143.500000 88.323646
1144.500000 88.498652
1145.500000 88.651029
1146.500000 88.879745
1147.500000 89.121751
1148.500000 89.348253
1149.500000 89.473640
1150.500000 89.527736
1151.500000 89.653125
1152.500000 89.879632
1153.500000 90.121578
1154.500000 90.348154
1155.500000 90.475764
1156.500000 90.556794
1157.500000 90.801027
1158.500000 91.202232
1159.500000 91.471245
1160.500000 91.648419
1161.500000 91.879299
1162.500000 92.121520
1163.500000 92.352402
1164.500000 92.529578
1165.500000 92.798730
1166.500000 93.204306
1167.500000 93.500321
1168.500000 93.796337
1169.500000 94.201982
1170.500000 94.473286
1171.500000 94.675246
1172.500000 95.000190
1173.500000 95.323053
1174.500000 95.500235
1175.500000 95.677551
1176.500000 96.004714
1177.500000 96.379220
1178.500000 96.769297
1179.500000 97.201875
1180.500000 97.500112
1181.500000 97.796134
1182.500000 98.199635
1183.500000 98.446165
1184.500000 98.554207
1185.500000 98.802887
1186.500000 99.231236
1187.500000 99.623465
1188.500000 100.027119
1189.500000 100.500051
1190.500000 100.970901
1191.500000 101.349777
1192.500000 101.648151
1193.500000 102.002314
1194.500000 102.379108
1195.500000 102.771406
1196.500000 103.228768
1197.500000 103.621067
1198.500000 103.997928
1199.500000 104.354309
1200.500000 104.679613
1201.500000 105.177327
1202.500000 105.822804
1203.500000 106.320585
1204.500000 106.648039
1205.500000 107.029267
1206.500000 107.502269
1207.500000 107.997901
1208.500000 108.472985
1209.500000 108.876844
1210.500000 109.273509
1211.500000 109.755787
1212.500000 110.244361
1213.500000 110.728855
1214.500000 111.152516
1215.500000 111.677361
1216.500000 112.351917
1217.500000 112.968603
1218.500000 113.470684
1219.500000 113.876759
1220.500000 114.273559
1221.500000 114.758054
1222.500000 115.273557
1223.500000 115.876821
1224.500000 116.473026
1225.500000 117.000021
1226.500000 117.527015
1227.500000 118.123287
1228.500000 118.728768
1229.500000 119.271334
1230.500000 119.878963
1231.500000 120.500015
1232.500000 121.121067
1233.500000 121.728697
1234.500000 122.271330
1235.500000 122.879027
1236.500000 123.502228
1237.500000 124.148126
1238.500000 124.851963
1239.500000 125.500010
1240.500000 126.147991
1241.500000 126.849678
1242.500000 127.470797
1243.500000 127.999941
1244.500000 128.527003
1245.500000 129.123343
1246.500000 129.731107
1247.500000 130.302751
1248.500000 131.054064
1249.500000 131.946015
1250.500000 132.699544
1251.500000 133.298251
1252.500000 134.029217
1253.500000 134.852024
1254.500000 135.621124
1255.500000 136.378952
1256.500000 137.150268
1257.500000 138.000004
1258.500000 138.849740
1259.500000 139.620989
1260.500000 140.376735
1261.500000 141.123205
1262.500000 141.876801
1263.500000 142.623271
1264.500000 143.379084
1265.500000 144.152483
1266.500000 145.027065
1267.500000 145.972940
1268.500000 146.847522
1269.500000 147.620988
1270.500000 148.379016
1271.500000 149.152482
1272.500000 150.027064
1273.500000 150.973006
1274.500000 151.849804
1275.500000 152.650266
1276.500000 153.529280
1277.500000 154.502284
1278.500000 155.500068
1279.500000 156.500001
1280.500000 157.499934
1281.500000 158.497718
1282.499933 159.470723
1283.497717 160.349737
1284.470722 161.150265
1285.349736 162.029279
1286.150264 163.002284
1287.029278 164.000068
1288.002283 165.000001
1289.000067 166.000001
1290.000000 167.000001
1291.000000 168.000001
1291.999933 169.000001
1292.997717 170.000001
1293.970722 171.000001
1294.849669 172.000001
1295.647981 173.000000
1296.500000 174.000000
1297.351952 175.000000
1298.148048 176.000000
1298.999933 177.000000
1299.849736 178.000000
1300.621053 179.000000
1301.379014 180.000000
1302.152547 181.000000
1303.029278 182.000000
1304.000000 183.000000
1304.970722 184.000000
1305.847453 185.000000
1306.620986 186.000000
1307.378947 187.000000
1308.150264 188.000000
1309.000000 189.000000
1309.849736 190.000000
1310.621053 191.000000
1311.378880 192.000000
1312.147981 193.000000
1312.970789 194.000000
1313.701688 195.000000
1314.298245 196.000000
1315.026996 197.000000
1315.824956 198.000000
1316.497784 199.000000
1317.147981 200.000000
1317.851952 201.000000
1318.500000 202.000000
1319.147981 203.000000
1319.849736 204.000000
1320.473004 205.000000
1321.027062 206.000000
1321.652413 207.000000
1322.376798 208.000000
1323.093990 209.000000
1323.726467 210.000000
1324.271250 211.000000
1324.879014 212.000000
1325.502216 213.000000
1326.148048 214.000000
1326.849669 215.000000
1327.470722 216.000000
1327.997717 217.000000
1328.500000 218.000000
1329.002283 219.000000
1329.529278 220.000000
1330.150264 221.000000
1330.849736 222.000000
1331.470722 223.000000
1331.997717 224.000000
1332.499933 225.000000
1333.000000 226.000000
1333.500067 227.000000
1334.002216 228.000000
1334.526996 229.000000
1335.120986 230.000000
1335.699472 231.000000
1336.120986 232.000000
1336.526996 233.000000
1337.002216 234.000000
1337.500000 235.000000
1337.997784 236.000000
1338.472938 237.000000
1338.876731 238.000000
1339.271250 239.000000
1339.728817 240.000000
1340.125484 241.000000
1340.554058 242.000000
1341.123202 243.000000
1341.699539 244.000000
1342.120986 245.000000
1342.526929 246.000000
1343.000000 247.000000
1343.473004 248.000000
1343.876665 249.000000
1344.268967 250.000000
1344.699472 251.000000
1344.973004 252.000000
1345.177260 253.000000
1345.529278 254.000000
1345.975287 255.000000
1346.376798 256.000000
1346.771183 257.000000
1347.226467 258.000000
1347.593990 259.000000
1347.876731 260.000000
1348.150197 261.000000
1348.500000 262.000000
1348.849803 263.000000
1349.123269 264.000000
1349.406010 265.000000
1349.773466 266.000000
1350.226534 267.000000
1350.593923 268.000000
1350.874516 269.000000
1351.123135 270.000000
1351.376798 271.000000
1351.623202 272.000000
1351.876798 273.000000
1352.123269 274.000000
1352.379014 275.000000
1352.650264 276.000000
1353.000000 277.000000
1353.349736 278.000000
1353.620986 279.000000
1353.876665 280.000000
1354.120919 281.000000
1354.347587 282.000000
1354.475220 283.000000
1354.556274 284.000000
1354.800461 285.000000
1355.199472 286.000000
1355.441443 287.000000
1355.495501 288.000000
1355.502216 289.000000
1355.531561 290.000000
1355.679609 291.000000
1356.002350 292.000000
1356.352019 293.000000
1356.647981 294.000000
1356.997650 295.000000
1357.320391 296.000000
1357.468506 297.000000
1357.500000 298.000000
1357.531494 299.000000
1357.679543 300.000000
1358.000000 301.000000
1358.320457 302.000000
1358.468439 303.000000
1358.497650 304.000000
1358.500067 305.000000
1358.504566 306.000000
1358.558557 307.000000
1358.800528 308.000000
1359.199472 309.000000
1359.441443 310.000000
1359.495434 311.000000
1359.499933 312.000000
1359.502350 313.000000
1359.531561 314.000000
1359.679543 315.000000
1360.000000 316.000000
1360.320457 317.000000
1360.468439 318.000000
1360.497717 319.000000
1360.502283 320.000000
1360.531561 321.000000
1360.679543 322.000000
1361.000000 323.000000
1361.320457 324.000000
1361.468439 325.000000
1361.497650 326.000000
1361.500000 327.000000
1361.502283 328.000000
1361.529345 329.000000
1361.652547 330.000000
1361.879014 331.000000
1362.120986 332.000000
1362.347453 333.000000
1362.470655 334.000000
1362.497717 335.000000
1362.499933 336.000000
1362.500067 337.000000
1362.502350 338.000000
1362.531561 339.000000
1362.679543 340.000000
1363.000000 341.000000
1363.320457 342.000000
1363.468439 343.000000
1363.497650 344.000000
1363.499933 345.000000
1363.500000 346.000000
1363.500000 347.000000
1363.500067 348.000000
1363.502283 349.000000
1363.529278 350.000000
1363.650264 351.000000
1363.849736 352.000000
1363.970655 353.000000
1363.995434 354.000000
1363.970655 355.000000
1363.849736 356.000000
1363.650264 357.000000
1363.529278 358.000000
1363.502216 359.000000
1363.497784 360.000000
1363.470722 361.000000
1363.349736 362.000000
1363.150264 363.000000
1363.029211 364.000000
1363.000000 365.000000
1362.970789 366.000000
1362.849736 367.000000
1362.650197 368.000000
1362.526996 369.000000
1362.473004 370.000000
1362.349803 371.000000
1362.150264 372.000000
1362.029278 373.000000
1362.002216 374.000000
1361.997784 375.000000
1361.970722 376.000000
1361.849669 377.000000
1361.647981 378.000000
1361.500000 379.000000
1361.352019 380.000000
1361.150331 381.000000
1361.029211 382.000000
1361.000000 383.000000
1360.970722 384.000000
1360.847453 385.000000
1360.620986 386.000000
1360.379014 387.000000
1360.152547 388.000000
1360.029345 389.000000
1360.002216 390.000000
1359.997784 391.000000
1359.970655 392.000000
1359.847453 393.000000
1359.620986 394.000000
1359.379014 395.000000
1359.152547 396.000000
1359.029278 397.000000
1359.000000 398.000000
1358.970722 399.000000
1358.847453 400.000000
1358.620986 401.000000
1358.379014 402.000000
1358.152480 403.000000
1358.027062 404.000000
1357.972938 405.000000
1357.847520 406.000000
1357.620986 407.000000
1357.379014 408.000000
1357.152413 409.000000
1357.024780 410.000000
1356.943726 411.000000
1356.699539 412.000000
1356.300461 413.000000
1356.056207 414.000000
1355.973004 415.000000
1355.820591 416.000000
1355.500000 417.000000
1355.179543 418.000000
1355.031494 419.000000
1355.000000 420.000000
1354.968506 421.000000
1354.820391 422.000000
1354.497650 423.000000
1354.147981 424.000000
1353.852019 425.000000
1353.502350 426.000000
1353.179543 427.000000
1353.029211 428.000000
1352.970789 429.000000
1352.820457 430.000000
1352.497650 431.000000
1352.147981 432.000000
1351.852019 433.000000
1351.502283 434.000000
1351.177260 435.000000
1351.000000 436.000000
1350.822807 437.000000
1350.499933 438.000000
1350.174977 439.000000
1349.972938 440.000000
1349.699472 441.000000
1349.269034 442.000000
1348.878947 443.000000
1348.502216 444.000000
1348.148115 445.000000
1347.851885 446.000000
1347.497784 447.000000
1347.120986 448.000000
1346.728683 449.000000
1346.271317 450.000000
1345.878947 451.000000
1345.500000 452.000000
1345.121053 453.000000
1344.728683 454.000000
1344.271317 455.000000
1343.879014 456.000000
1343.502216 457.000000
1343.148115 458.000000
1342.851885 459.000000
1342.497784 460.000000
1342.120919 461.000000
1341.726467 462.000000
1341.244187 463.000000
1340.753530 464.000000
1340.246470 465.000000
1339.755813 466.000000
1339.273466 467.000000
1338.876798 468.000000
1338.473004 469.000000
1338.000000 470.000000
1337.526996 471.000000
1337.123202 472.000000
1336.726534 473.000000
1336.244187 474.000000
1335.753530 475.000000
1335.246403 476.000000
1334.753530 477.000000
1334.244187 478.000000
1333.726534 479.000000
1333.123202 480.000000
1332.527062 481.000000
1332.002149 482.000000
1331.497851 483.000000
1330.972938 484.000000
1330.376731 485.000000
1329.771250 486.000000
1329.228750 487.000000
1328.623269 488.000000
1328.027062 489.000000
1327.502149 490.000000
1326.997784 491.000000
1326.470722 492.000000
1325.849669 493.000000
1325.147981 494.000000
1324.500000 495.000000
1323.852019 496.000000
1323.150331 497.000000
1322.529211 498.000000
1322.000000 499.000000
1321.470722 500.000000
1320.847453 501.000000
1320.120986 502.000000
1319.378947 503.000000
1318.650264 504.000000
1318.000067 505.000000
1317.351952 506.000000
1316.647981 507.000000
1315.997784 508.000000
1315.324956 509.000000
1314.526996 510.000000
1313.798179 511.000000
1313.199539 512.000000
1312.446009 513.000000
1311.553991 514.000000
1310.800461 515.000000
1310.201821 516.000000
1309.473004 517.000000
1308.674977 518.000000
1307.999933 519.000000
1307.322740 520.000000
1306.497784 521.000000
1305.650197 522.000000
1304.878947 523.000000
1304.120986 524.000000
1303.347520 525.000000
1302.472938 526.000000
1301.526996 527.000000
1300.650264 528.000000
1299.852019 529.000000
1299.000000 530.000000
1298.147981 531.000000
1297.349669 532.000000
1296.470722 533.000000
1295.497717 534.000000
1294.499933 535.000001
1293.500000 536.000001
1292.500067 537.000001
1291.502283 538.000001
1290.529278 539.000001
1289.650264 540.000001
1288.849736 540.999934
1287.970722 541.997718
1286.997717 542.970722
1285.999933 543.849737
1285.000000 544.650265
1284.000000 545.529212
1283.000000 546.500001
1282.000000 547.470790
1281.000000 548.349737
1280.000000 549.150265
1279.000000 550.029280
1278.000000 551.002284
1277.000000 552.000068
1276.000000 552.999935
1275.000000 553.997719
1274.000000 554.970723
1273.000000 555.849671
1272.000000 556.647983
1271.000000 557.500002
1270.000000 558.351954
1269.000000 559.148050
1268.000000 560.000002
1267.000000 560.852021
1266.000000 561.650267
1265.000000 562.526931
1264.000000 563.470724
1263.000000 564.320527
1262.000000 565.000003
1261.000000 565.679479
1260.000000 566.529215
1259.000000 567.470792
1258.000000 568.320461
1257.000000 568.997721
1256.000000 569.650268
1255.000000 570.381235
1254.000000 571.150269
1253.000000 571.997789
1252.000000 572.822679
1251.000000 573.497723
1250.000000 574.147987
1249.000000 574.851958
1248.000000 575.500007
1247.000000 576.148055
1246.000000 576.851959
1245.000000 577.500008
1244.000000 578.147989
1243.000000 578.849744
1242.000000 579.473013
1241.000000 580.027005
1240.000000 580.650274
1239.000000 581.352029
1238.000000 582.000011
1237.000000 582.648060
1236.000000 583.351897
1235.000000 583.997797
1234.000000 584.620999
1233.000000 585.228697
1232.000000 585.771265
1231.000000 586.376747
1230.000000 586.973021
1229.000000 587.500017
1228.000000 588.027014
1227.000000 588.623221
1226.000000 589.226554
1225.000000 589.744209
1224.000000 590.253552
1223.000000 590.746427
1222.000000 591.253554
1221.000000 591.744213
1220.000000 592.226628
1219.000000 592.625446
1218.000000 593.054155
1217.000000 593.625516
1216.000000 594.228783
1215.000000 594.769002
1214.000000 595.347557
1213.000000 595.824928
1212.000000 596.175151
1211.000000 596.652456
1210.000000 597.228795
1209.000000 597.742085
1208.000000 598.226516
1207.000000 598.623253
1206.000000 599.027117
1205.000000 599.502206
1204.000000 599.997844
1203.000000 600.470784
1202.000000 600.849801
1201.000000 601.150333
1200.000000 601.529351
1199.000000 602.002292
1198.000000 602.497863
1197.000000 602.970805
1196.000000 603.349823
1195.000000 603.650289
1194.000000 604.027091
1193.000000 604.473105
1192.000000 604.849841
1191.000000 605.148092
1190.000000 605.500116
1189.000000 605.852073
1188.000000 606.148175
1187.000000 606.500133
1186.000000 606.852158
1185.000000 607.150410
1184.000000 607.527148
1183.000000 607.973164
1182.000000 608.349903
1181.000000 608.648156
1180.000000 609.000116
1179.000000 609.349928
1178.000000 609.621186
1177.000000 609.876941
1176.000000 610.123488
1175.000000 610.379311
1174.000000 610.652720
1173.000000 611.027247
1172.000000 611.470985
1171.000000 611.820732
1170.000000 611.998005
1169.000000 612.150498
1168.000000 612.379329
1167.000000 612.623597
1166.000000 612.877142
1165.000000 613.123561
1164.000000 613.377173
1163.000000 613.623594
1162.000000 613.877208
1161.000000 614.123630
1160.000000 614.377178
1159.000000 614.621386
1158.000000 614.848008
1157.000000 614.973514
1156.000000 615.029810
1155.000000 615.180098
1154.000000 615.502862
1153.000000 615.850341
1152.000000 616.119401
1151.000000 616.350328
1150.000000 616.500621
1149.000000 616.648766
1148.000000 616.852768
1147.000000 617.003064
1146.000000 617.178075
1145.000000 617.500783
1144.000000 617.821344
1143.000000 617.969363
1142.000000 617.998681
1141.000000 618.003288
1140.000000 618.032609
1139.000000 618.180635
1138.000000 618.501139
1137.000000 618.821644
1136.000000 618.969675
1135.000000 618.998939
1134.000000 619.001276
1133.000000 619.001532
1132.000000 619.006023
1131.000000 619.060074
1130.000000 619.302109
1129.000000 619.701118
1128.000000 619.943157
1127.000000 619.997219
1126.000000 620.001791
1125.000000 620.004284
1124.000000 620.033574
1123.000000 620.181637
1122.000000 620.502180
1121.000000 620.822726
1120.000000 620.970799
1119.000000 621.000106
1118.000000 621.002487
1117.000000 621.002657
1116.000000 621.002897
1115.000000 621.007439
1114.000000 621.061545
1113.000000 621.303635
1112.000000 621.702701
1111.000000 621.944800
1110.000000 621.998924
1109.000000 622.003493
1108.000000 622.003769
1107.000000 622.003916
1106.000000 622.004136
1105.000000 622.006577
1104.000000 622.035952
1103.000000 622.184103
1102.000000 622.504737
1101.000000 622.825376
1100.000000 622.973546
1099.000000 623.002953
1098.000000 623.005438
1097.000000 623.005715
1096.000000 623.005932
1095.000000 623.006223
1094.000000 623.008671
1093.000000 623.035907
1092.000000 623.157075
1091.000000 623.354588
1090.000000 623.448845
1089.000000 623.355130
1088.000000 623.158159
1087.000000 623.037535
1086.000000 623.010845
1085.000000 623.008944
1084.000000 623.009203
1083.000000 623.009473
1082.000000 623.007605
1081.000000 622.980902
1080.000000 622.858073
1079.000000 622.631990
1078.000000 622.390415
1077.000000 622.164358
1076.000000 622.041580
1075.000000 622.014956
1074.000000 622.013192
1073.000000 622.013525
1072.000000 622.011791
1071.000000 621.985226
1070.000000 621.862538
1069.000000 621.636601
1068.000000 621.395177
1067.000000 621.169275
1066.000000 621.046656
1065.000000 621.020195
1064.000000 621.018532
1063.000000 621.016889
1062.000000 620.990554
1061.000000 620.870182
1060.000000 620.669196
1059.000000 620.521939
1058.000000 620.374704
1057.000000 620.173786
1056.000000 620.053459
1055.000000 620.025065
1054.000000 619.996696
1053.000000 619.876444
1052.000000 619.675650
1051.000000 619.528590
1050.000000 619.381558
1049.000000 619.180847
1048.000000 619.060734
1047.000000 619.032559
1046.000000 619.004348
1045.000000 618.882178
1044.000000 618.656842
1043.000000 618.416035
1042.000000 618.190765
1041.000000 618.068730
1040.000000 618.040720
1039.000000 618.012814
1038.000000 617.893037
1037.000000 617.692730
1036.000000 617.546169
1035.000000 617.399649
1034.000000 617.199396
1033.000000 617.077672
1032.000000 617.025202
1031.000000 616.901349
1030.000000 616.674277
1029.000000 616.406967
1028.000000 616.059070
1027.000000 615.711221
1026.000000 615.444057
1025.000000 615.217228
1024.000000 615.093716
1023.000000 615.041618
1022.000000 614.918281
1021.000000 614.693817
1020.000000 614.451757
1019.000000 614.198330
1018.000000 613.929459
1017.000000 613.584311
1016.000000 613.264006
1015.000000 613.116173
1014.000000 613.060313
1013.000000 612.912612
1012.000000 612.592502
1011.000000 612.245600
1010.000000 611.952407
1009.000000 611.603432
1008.000000 611.256612
1007.000000 610.988353
1006.000000 610.733593
1005.000000 610.465556
1004.000000 610.121196
1003.000000 609.797465
1002.000000 609.598816
1001.000000 609.328959
1000.000000 608.904298
999.000000 608.542708
998.000000 608.263840
997.000000 607.994272
996.000000 607.648460
995.000000 607.302743
994.000000 607.033460
993.000000 606.755067
992.000000 606.394075
991.000000 605.968121
990.000000 605.674463
989.000000 605.380845
988.000000 604.953060
987.000000 604.567752
986.000000 604.193895
985.000000 603.820018
984.000000 603.430752
983.000000 602.953843
982.000000 602.468675
981.000000 601.967295
980.000000 601.484522
979.000000 601.032883
978.000000 600.738411
977.000000 600.446151
976.000000 600.019681
975.000000 599.631548
974.000000 599.209630
973.000000 598.649296
972.000000 598.104606
971.000000 597.786242
970.000000 597.490653
969.000000 597.040321
968.000000 596.559197
967.000000 596.059673
966.000000 595.574556
965.000000 595.075208
964.000000 594.590405
963.000000 594.091376
962.000000 593.606896
961.000000 593.108194
960.000000 592.623978
959.000000 592.123464
958.000000 591.614876
957.000000 591.022866
956.000000 590.460855
955.000000 590.039526
954.000000 589.625571
953.000000 589.056841
952.000000 588.470711
951.000000 587.929198
950.000000 587.316516
949.000000 586.627621
948.000000 586.017473
947.000000 585.501445
946.000000 585.008245
945.000000 584.492616
944.000000 583.883199
943.000000 583.193351
942.000000 582.557418
941.000000 581.921626
940.000000 581.230190
939.000000 580.594824
938.000000 579.959739
937.000000 579.271099
936.000000 578.661097
935.000000 578.118513
934.000000 577.484243
933.000000 576.702436
932.000000 575.988052
931.000000 575.408172
930.000000 574.718895
929.000000 574.029850
928.000000 573.450670
927.000000 572.737384
926.000000 571.954993
925.000000 571.295826
924.000000 570.634819
923.000000 569.828374
922.000000 569.022174
921.000000 568.361769
920.000000 567.699530
919.000000 566.869295
918.000000 565.970101
917.000000 565.232278
916.000000 564.651682
915.000000 563.941230
914.000000 563.161824
913.000000 562.505592
912.000000 561.845321
911.000000 561.012767
910.000000 560.063919
909.000000 559.115333
908.000000 558.283564
907.000000 557.624467
906.000000 556.965635
905.000000 556.134658
904.000000 555.187325
903.000000 554.238110
902.000000 553.380935
901.000000 552.602513
900.000000 551.748021
899.000000 550.824587
898.000000 549.970630
897.000000 549.193278
896.000000 548.337641
895.000000 547.388348
894.000000 546.416692
893.000000 545.467935
892.000000 544.613367
891.000000 543.837552
890.000000 542.983517
889.000000 542.035758
888.000000 541.063484
887.000000 540.089325
886.000000 539.115430
885.000000 538.143945
884.000000 537.197502
883.000000 536.345309
882.000000 535.571862
881.000000 534.720186
880.000000 533.774776
879.000000 532.804841
878.000000 531.833010
877.000000 530.861364
876.000000 529.889967
875.000067 528.918816
874.002283 527.947848
873.029278 526.976392
872.150264 526.002376
871.349736 525.026200
870.470722 524.052535
869.497717 523.081898
868.499933 522.112238
867.500000 521.142872
866.500000 520.173735
865.500000 519.204822
864.500000 518.236131
863.500067 517.267654
862.502283 516.299324
861.529278 515.330410
860.650264 514.358663
859.849736 513.384530
858.970789 512.413080
858.000000 511.444791
857.029211 510.476685
856.150264 509.505717
855.349803 508.532282
854.473004 507.561516
853.527062 506.593210
852.652480 505.622653
851.879014 504.648802
851.121053 503.674524
850.349736 502.700796
849.499933 501.729853
848.647981 500.759097
847.849669 499.786601
846.970855 498.816987
846.002283 497.850606
845.058490 496.883491
844.300528 495.909987
843.699472 494.931052
842.941510 493.957680
841.997784 492.990934
841.031561 492.025222
840.184242 491.059825
839.563256 490.140444
839.184242 489.454458
