624.357152 468.939556
623.986344 469.672280
623.486740 470.635628
622.872455 471.621385
622.127139 472.605040
621.499604 473.591271
620.859993 474.577225
619.999604 475.558315
619.127143 476.539122
618.372854 477.522517
617.500000 478.503291
616.627146 479.484055
615.872854 480.467426
615.000004 481.448178
614.127538 482.428936
613.385319 483.412566
612.614678 484.395570
611.872070 485.379196
610.987535 486.359697
610.012861 487.338222
609.140395 488.319010
608.500000 489.304916
607.859601 490.290831
606.986751 491.271647
606.000392 492.249992
605.025718 493.228619
604.255076 494.211741
603.744924 495.200580
602.974282 496.183736
601.999604 497.162466
601.012853 498.140972
600.127542 499.121724
599.372857 500.105345
598.500004 501.086437
597.627538 502.067577
596.885319 503.051565
596.114678 504.034973
595.372070 505.019018
594.487531 506.000057
593.512465 506.979214
592.627535 507.960353
591.872462 508.944301
590.987143 509.925534
590.000000 510.904675
589.012857 511.883891
588.127538 512.865315
587.372462 513.849523
586.487139 514.831067
585.499604 515.810559
584.499996 516.789887
583.500000 517.769297
582.500000 518.748799
581.500000 519.728396
580.500000 520.708090
579.500004 521.687883
578.500396 522.667785
577.512861 523.648031
576.627538 524.630408
575.872462 525.615445
574.987139 526.597980
573.999604 527.578600
572.999996 528.559095
572.000000 529.539696
571.000000 530.520412
570.000000 531.501246
569.000000 532.482196
568.000000 533.462878
567.000000 534.431609
566.000000 535.298251
565.000000 536.034773
564.000000 536.901667
563.000000 537.870902
562.000000 538.852339
561.000000 539.834295
560.000000 540.816384
559.000000 541.798216
558.000000 542.768110
557.000000 543.635927
556.000000 544.373634
555.000000 545.241724
554.000000 546.212161
553.000000 547.194422
552.000000 548.165138
551.000000 549.033786
550.000000 549.772326
549.000000 550.640865
548.000000 551.599687
547.000000 552.468512
546.000000 553.207624
545.000000 554.077126
544.000000 555.048594
543.000000 556.019819
542.000000 556.877292
541.000000 557.502457
540.000000 558.127768
539.000000 558.985681
538.000000 559.957634
537.000000 560.929734
536.000000 561.788088
535.000000 562.414127
534.000000 563.039537
533.000000 563.873407
532.000000 564.617285
531.000000 565.113277
530.000000 565.869907
529.000000 566.818653
528.000000 567.677406
527.000000 568.304620
526.000000 568.931597
525.000000 569.778717
524.000000 570.625984
523.000000 571.253392
522.000000 571.880561
521.000000 572.716191
520.000000 573.461819
519.000000 573.958785
518.000000 574.692632
517.000000 575.426623
516.000000 575.924019
515.000000 576.670362
514.000000 577.506604
513.000000 578.122599
512.000000 578.636906
511.000000 579.241112
510.000000 579.975700
509.000000 580.592250
508.000000 581.208942
507.000000 581.944332
506.000000 582.561298
505.000000 583.178396
504.000000 583.913801
503.000000 584.518707
502.000000 585.021533
501.000000 585.512808
500.000000 586.015899
499.000000 586.621329
498.000000 587.357139
497.000000 587.963217
496.000000 588.478895
495.000000 589.072766
494.000000 589.694413
493.000000 590.056074
492.000000 590.457581
491.000000 591.039875
490.000000 591.673697
489.000000 592.138058
488.000000 592.670298
487.000000 593.122830
486.000000 593.654919
485.000000 594.107682
484.000000 594.640004
483.000000 595.092998
482.000000 595.625549
481.000000 596.078770
480.000000 596.611539
479.000000 597.064205
478.000000 597.573052
477.000000 597.821900
476.000000 598.082540
475.000000 598.693918
474.000000 599.277367
473.000000 599.680634
472.000000 600.031832
471.000000 600.529339
470.000000 600.778138
469.000000 601.027422
468.000000 601.537300
467.000000 601.991209
466.000000 602.525422
465.000000 602.979910
464.000000 603.502244
463.000000 603.854318
462.000000 604.234517
461.000000 604.614799
460.000000 604.966368
459.000000 605.465001
458.000000 605.714918
457.000000 605.964917
456.000000 606.463420
455.000000 606.803342
454.000000 607.081623
453.000000 607.319882
452.000000 607.688080
451.000000 608.056357
450.000000 608.294855
449.000000 608.573533
448.000000 608.914008
447.000000 609.412839
446.000000 609.651636
445.000000 609.799982
444.000000 610.157097
443.000000 610.525583
442.000000 610.764278
441.000000 611.031463
440.000000 611.270298
439.000000 611.639446
438.000000 612.009045
437.000000 612.260147
436.000000 612.629482
435.000000 612.986422
434.000000 613.110966
433.000000 613.133742
432.000000 613.258407
431.000000 613.615585
430.000000 613.984894
429.000000 614.224403
428.000000 614.492002
427.000000 614.719161
426.000000 614.974019
425.000000 615.086996
424.000000 615.109501
423.000000 615.222587
422.000000 615.478042
421.000000 615.717586
420.000000 616.087814
419.000000 616.458089
418.000000 616.697778
417.000000 616.953474
416.000000 617.066897
415.000000 617.089832
414.000000 617.202952
413.000000 617.446360
412.000000 617.571635
411.000000 617.696951
410.000000 617.940481
409.000000 618.053421
408.000000 618.064572
407.000000 618.075765
406.000000 618.189210
405.000000 618.445006
404.000000 618.672806
403.000000 618.928675
402.000000 619.042264
401.000000 619.053675
400.000000 619.065116
399.000000 619.178418
398.000000 619.422383
397.000000 619.548207
396.000000 619.674062
395.000000 619.918121
394.000000 620.031579
393.000000 620.043239
392.000000 620.054928
391.000000 620.168472
390.000000 620.412675
389.000000 620.538732
388.000000 620.664815
387.000000 620.909098
386.000000 621.022771
385.000000 621.034253
384.000000 621.033690
383.000000 621.033151
382.000000 621.044708
381.000000 621.158889
380.000000 621.415411
379.000000 621.643922
378.000000 621.900487
377.000000 622.014754
376.000000 622.026441
375.000000 622.026071
374.000000 622.025336
373.000000 622.025005
372.000000 622.036769
371.000000 622.151152
370.000000 622.407872
369.000000 622.636576
368.000000 622.893331
367.000000 623.007783
366.000000 623.019650
365.000000 623.019457
364.000000 623.018891
363.000000 623.018340
362.000000 623.018193
361.000000 623.030132
360.000000 623.144295
359.000000 623.388329
358.000000 623.490058
357.000000 623.387375
356.000000 623.142385
355.000000 623.027266
354.000000 623.014367
353.000000 623.013554
352.000000 623.013141
351.000000 623.012742
350.000000 623.012351
349.000000 623.011579
348.000000 622.998356
347.000000 622.870858
346.000000 622.510911
345.000000 622.150974
344.000000 622.023505
343.000000 622.010330
342.000000 622.009627
341.000000 622.009323
340.000000 622.009033
339.000000 622.008743
338.000000 622.007684
337.000000 621.982488
336.000000 621.752874
335.000000 621.262776
334.000000 621.033177
333.000000 621.008010
332.000000 621.006996
331.000000 621.006766
330.000000 621.006546
329.000000 621.005940
328.000000 620.992879
327.000000 620.865539
326.000000 620.505746
325.000000 620.145958
324.000000 620.018635
323.000000 620.005603
322.000000 620.005030
321.000000 620.004078
320.000000 619.978988
319.000000 619.749478
318.000000 619.259481
317.000000 619.029980
316.000000 619.004909
315.000000 619.003989
314.000000 619.003845
313.000000 619.003321
312.000000 618.990340
311.000000 618.863077
310.000000 618.503359
309.000000 618.143645
308.000000 618.016392
307.000000 618.003426
306.000000 618.002532
305.000000 617.989571
304.000000 617.862333
303.000000 617.502635
302.000000 617.142551
301.000000 617.002856
300.000000 616.875233
299.000000 616.629440
298.000000 616.502211
297.000000 616.374596
296.000000 616.116349
295.000000 615.874454
294.000000 615.502318
293.000000 615.142254
292.000000 615.014651
291.000000 614.989262
290.000000 614.873736
289.000000 614.616282
288.000000 614.386478
287.000000 614.116566
286.000000 613.886373
285.000000 613.616461
284.000000 613.386272
283.000000 613.116364
282.000000 612.886178
281.000000 612.616276
280.000000 612.386482
279.000000 612.128652
278.000000 612.000682
277.000000 611.860639
276.000000 611.488140
275.000000 611.013429
274.000000 610.628859
273.000000 610.386221
272.000000 610.115935
271.000000 609.885757
270.000000 609.615478
269.000000 609.373232
268.000000 609.000738
267.000000 608.627857
266.000000 608.373150
265.000000 607.988197
264.000000 607.513103
263.000000 607.128152
262.000000 606.873448
261.000000 606.500569
260.000000 606.127694
259.000000 605.873381
258.000000 605.500507
257.000000 605.127630
256.000000 604.872931
255.000000 604.487986
254.000000 604.012899
253.000000 603.627952
252.000000 603.372864
251.000000 602.987526
250.000000 602.499979
249.000000 602.000749
248.000000 601.513204
247.000000 601.127868
246.000000 600.872779
245.000000 600.487445
244.000000 599.999901
243.000000 599.500670
242.000000 599.012739
241.000000 598.615330
240.000000 598.257639
239.000000 597.729599
238.000000 597.258015
237.000000 596.628148
236.000000 596.139828
235.000000 595.860590
234.000000 595.372266
233.000000 594.742009
232.000000 594.257965
231.000000 593.615639
230.000000 593.025104
229.000000 592.615622
228.000000 592.257550
227.000000 591.729895
226.000000 591.269999
225.000000 590.730275
224.000000 590.269988
223.000000 589.729872
222.000000 589.257512
221.000000 588.615185
220.000000 588.012576
219.000000 587.500106
218.000000 586.987637
217.000000 586.385024
216.000000 585.742309
215.000000 585.257870
214.000000 584.614764
213.000000 583.999690
212.000000 583.372929
211.000000 582.627222
210.000000 582.000073
209.000000 581.372927
208.000000 580.627605
207.000000 580.012529
206.000000 579.487596
205.000000 578.872520
204.000000 578.127199
203.000000 577.500054
202.000000 576.872905
201.000000 576.127196
200.000000 575.500047
199.000000 574.872899
198.000000 574.127186
197.000000 573.499646
196.000000 572.860033
195.000000 571.999646
194.000000 571.127575
193.000000 570.385749
192.000000 569.627572
191.000000 568.999636
190.000000 568.359632
189.000000 567.487172
188.000000 566.512885
187.000000 565.640422
186.000000 565.000026
185.000000 564.359629
184.000000 563.487163
183.000000 562.512484
182.000000 561.627560
181.000000 560.872878
180.000000 560.000020
179.000000 559.127165
178.000000 558.372872
177.000000 557.500017
176.000000 556.627159
175.000000 555.872474
174.000000 554.987154
173.000000 553.999619
172.000000 553.000010
171.000000 552.000017
170.000000 551.000408
169.000000 550.012873
168.000000 549.127550
167.000000 548.372473
166.000000 547.487153
165.000000 546.500010
164.000000 545.512866
163.000000 544.627547
162.000004 543.872470
161.000396 542.987148
160.012861 541.999612
159.127538 541.000004
158.372462 540.000007
157.487139 539.000007
156.499604 538.000007
155.499996 537.000006
154.500000 536.000006
153.500004 535.000006
152.500396 534.000006
151.512861 533.000005
150.627542 532.000005
149.872857 531.000005
149.000000 530.000005
148.127143 529.000004
147.372462 528.000004
146.487535 527.000004
145.512469 526.000004
144.627930 525.000004
143.885322 524.000004
143.114681 523.000004
142.372465 522.000003
141.500392 521.000003
140.640003 520.000003
140.000004 519.000003
139.360392 518.000003
138.512465 517.000003
137.754677 516.000003
137.244927 515.000003
136.475070 514.000003
135.524930 513.000002
134.755073 512.000002
134.245323 511.000002
133.487535 510.000002
132.639611 509.000002
132.000392 508.000002
131.372857 507.000002
130.627146 506.000002
129.999996 505.000002
129.372462 504.000002
128.614681 503.000002
127.885322 502.000002
127.127934 501.000002
126.512861 500.000002
126.000000 499.000002
125.487143 498.000001
124.872458 497.000001
124.127143 496.000001
123.500000 495.000001
122.872857 494.000001
122.127542 493.000001
121.512861 492.000001
121.000392 491.000001
120.499612 490.000001
119.987531 489.000001
119.384927 488.000001
118.742216 487.000001
118.257784 486.000001
117.615073 485.000001
117.012469 484.000001
116.500388 483.000001
115.999612 482.000001
115.487531 481.000001
114.884930 480.000001
114.242608 479.000001
113.770253 478.000001
113.230143 477.000001
112.769861 476.000001
112.230143 475.000001
111.770253 474.000001
111.242608 473.000001
110.884930 472.000001
110.487535 471.000001
110.000000 470.000001
109.512465 469.000001
109.115070 468.000001
108.757392 467.000001
108.229747 466.000001
107.769857 465.000001
107.230143 464.000001
106.770253 463.000001
106.242611 462.000001
105.885326 461.000001
105.500392 460.000001
105.127150 459.000001
104.872850 458.000001
104.499608 457.000001
104.114678 456.000001
103.757781 455.000000
103.242219 454.000000
102.885319 453.000000
102.500000 452.000000
102.114681 451.000000
101.757781 450.000000
101.242219 449.000000
100.885322 448.000000
100.500392 447.000000
100.127150 446.000000
99.872850 445.000000
99.499608 444.000000
99.114681 443.000000
98.758176 442.000000
98.255076 441.000000
98.012469 440.000000
97.860392 439.000000
97.500004 438.000000
97.140000 437.000000
97.000000 436.000000
96.859997 435.000000
96.499604 434.000000
96.127143 433.000000
95.872857 432.000000
95.500399 431.000000
95.140399 430.000000
95.012857 429.000000
94.987143 428.000000
94.859601 427.000000
94.499601 426.000000
94.127143 425.000000
93.872857 424.000000
93.500399 423.000000
93.140402 422.000000
93.013253 421.000000
93.000000 420.000000
92.986747 419.000000
92.859601 418.000000
92.500000 417.000000
92.140392 416.000000
92.012465 415.000000
91.974678 414.000000
91.744927 413.000000
91.255073 412.000000
91.025326 411.000000
90.987927 410.000000
90.872073 409.000000
90.614678 408.000000
90.385322 407.000000
90.127930 406.000000
90.012469 405.000000
89.987531 404.000000
89.872070 403.000000
89.614678 402.000000
89.385322 401.000000
89.127934 400.000000
89.012861 399.000000
89.000000 398.000000
88.987139 397.000000
88.872066 396.000000
88.614678 395.000000
88.385322 394.000000
88.127934 393.000000
88.012864 392.000000
88.000392 391.000000
87.999608 390.000000
87.987136 389.000000
87.872066 388.000000
87.614678 387.000000
87.385322 386.000000
87.127934 385.000000
87.012861 384.000000
87.000000 383.000000
86.987143 382.000000
86.872458 381.000000
86.627143 380.000000
86.500000 379.000000
86.372857 378.000000
86.127542 377.000000
86.012861 376.000000
86.000392 375.000000
85.999608 374.000000
85.987139 373.000000
85.872462 372.000000
85.627535 371.000000
85.512465 370.000000
85.487535 369.000000
85.372465 368.000000
85.127538 367.000000
85.012857 366.000000
85.000000 365.000000
84.987143 364.000000
84.872462 363.000000
84.627538 362.000000
84.512861 361.000000
84.500392 360.000000
84.499608 359.000000
84.487139 358.000000
84.372462 357.000000
84.127538 356.000000
84.012864 355.000000
84.000791 354.000000
84.012864 353.000000
84.127538 352.000000
84.372462 351.000000
84.487139 350.000000
84.499604 349.000000
84.499996 348.000000
84.500000 347.000000
84.500000 346.000000
84.500004 345.000000
84.500399 344.000000
84.513256 343.000000
84.640399 342.000000
85.000000 341.000000
85.359601 340.000000
85.486744 339.000000
85.499601 338.000000
85.499996 337.000000
85.500004 336.000000
85.500396 335.000000
85.512864 334.000000
85.627934 333.000000
85.885322 332.000000
86.114678 331.000000
86.372066 330.000000
86.487136 329.000000
86.499604 328.000000
86.500000 327.000000
86.500399 326.000000
86.513256 325.000000
86.640399 324.000000
87.000000 323.000000
87.359601 322.000000
87.486744 321.000000
87.499604 320.000000
87.500396 319.000000
87.513256 318.000000
87.640399 317.000000
88.000000 316.000000
88.359601 315.000000
88.486744 314.000000
88.499601 313.000000
88.500004 312.000000
88.500791 311.000000
88.525721 310.000000
88.755076 309.000000
89.244924 308.000000
89.474279 307.000000
89.499209 306.000000
89.499996 305.000000
89.500399 304.000000
89.513256 303.000000
89.640399 302.000000
90.000000 301.000000
90.359601 300.000000
90.486747 299.000000
90.500000 298.000000
90.513253 297.000000
90.640402 296.000000
91.000399 295.000000
91.372857 294.000000
91.627143 293.000000
91.999601 292.000000
92.359598 291.000000
92.486744 290.000000
92.499608 289.000000
92.500788 288.000000
92.525721 287.000000
92.755076 286.000000
93.244927 285.000000
93.474674 284.000000
93.512073 283.000000
93.627927 282.000000
93.885326 281.000000
94.115077 280.000000
94.385322 279.000000
94.627538 278.000000
95.000000 277.000000
95.372462 276.000000
95.614678 275.000000
95.884927 274.000000
96.115070 273.000000
96.384930 272.000000
96.615070 271.000000
96.884934 270.000000
97.115465 269.000000
97.397791 268.000000
97.742608 267.000000
98.257392 266.000000
98.602213 265.000000
98.884927 264.000000
99.127535 263.000000
99.500000 262.000000
99.872465 261.000000
100.115073 260.000000
100.397787 259.000000
100.742611 258.000000
101.257788 257.000000
101.615070 256.000000
102.012069 255.000000
102.487139 254.000000
102.859997 253.000000
103.012465 252.000000
103.255076 251.000000
103.758180 250.000000
104.115077 249.000001
104.512465 248.000001
105.000000 247.000001
105.487539 246.000001
105.885322 245.000001
106.255073 244.000001
106.884930 243.000001
107.475066 242.000001
107.884535 241.000001
108.242212 240.000001
108.757784 239.000001
109.115073 238.000001
109.512469 237.000001
110.000392 236.000001
110.500000 235.000001
110.999608 234.000001
111.487535 233.000001
111.885322 232.000001
112.255076 231.000001
112.885322 230.000001
113.487535 229.000001
113.999608 228.000001
114.499996 227.000001
115.000000 226.000001
115.500004 225.000001
116.000396 224.000001
116.512861 223.000001
117.127538 222.000001
117.872462 221.000001
118.487139 220.000001
118.999604 219.000001
119.500000 218.000001
120.000396 217.000001
120.512861 216.000001
121.127542 215.000001
121.872854 214.000001
122.499608 213.000001
123.114678 212.000001
123.757784 211.000001
124.242611 210.000001
124.897787 209.000001
125.615070 208.000002
126.372073 207.000002
126.987531 206.000002
127.512465 205.000002
128.127538 204.000002
128.872857 203.000002
129.500000 202.000002
130.127146 201.000002
130.872857 200.000002
131.500392 199.000002
132.139611 198.000002
132.987535 197.000002
133.745319 196.000002
134.254684 195.000002
135.012857 194.000002
135.872857 193.000002
136.614685 192.000003
137.385319 191.000003
138.127538 190.000003
139.000000 189.000003
139.872462 188.000003
140.614681 187.000003
141.385322 186.000003
142.127934 185.000003
143.012861 184.000004
144.000000 183.000004
144.987139 182.000004
145.872066 181.000004
146.614678 180.000004
147.385319 179.000004
148.127538 178.000004
149.000004 177.000005
149.872854 176.000005
150.627146 175.000005
151.500000 174.000005
152.372857 173.000005
153.127542 172.000006
154.012861 171.000006
155.000396 170.000006
156.000004 169.000006
157.000000 168.000007
158.000000 167.000007
158.999996 166.000007
159.999604 165.000008
160.987139 164.000012
161.872462 163.000404
162.627538 162.012869
163.512861 161.127547
164.500396 160.372471
165.500004 159.487149
166.500000 158.499615
167.500000 157.500007
168.500000 156.500012
169.500000 155.500016
170.500000 154.500408
171.500000 153.512874
172.500000 152.627552
173.500000 151.872480
174.500000 150.987550
175.500000 150.012485
176.500000 149.127947
177.500000 148.385340
178.500000 147.614696
179.500000 146.872089
180.500000 145.987551
181.500000 145.012490
182.500000 144.127952
183.500000 143.385349
184.500000 142.615097
185.500000 141.884955
186.500000 141.115096
187.500000 140.384954
188.500000 139.614706
189.500000 138.872492
190.500000 138.000031
191.500000 137.127571
192.500000 136.385353
193.500000 135.614720
194.500000 134.872895
195.500000 134.012896
196.500000 133.254721
197.500000 132.744970
198.500000 131.975114
199.500000 131.024980
200.500000 130.255517
201.500000 129.758234
202.500000 129.115129
203.500000 128.512520
204.500000 128.000054
205.500000 127.487203
206.500000 126.872521
207.500000 126.127208
208.500000 125.500068
209.500000 124.872925
210.500000 124.127224
211.500000 123.500469
212.500000 122.885403
213.500000 122.242304
214.500000 121.757868
215.500000 121.114773
216.500000 120.500095
217.500000 119.885418
218.500000 119.242323
219.500000 118.757892
220.500000 118.115186
221.500000 117.512583
222.500000 117.000123
223.500000 116.487663
224.500000 115.885064
225.500000 115.242750
226.500000 114.770789
227.500000 114.242762
228.500000 113.885084
229.500000 113.487299
230.500000 112.986921
231.500000 112.373028
232.500000 111.640192
233.500000 111.128123
234.500000 110.757988
235.500000 110.229963
236.500000 109.770466
237.500000 109.242834
238.500000 108.885166
239.500000 108.487777
240.500000 107.999867
241.500000 107.500658
242.500000 107.013133
243.500000 106.627430
244.500000 106.359904
245.500000 105.860308
246.500000 105.140327
247.500000 104.640736
248.500000 104.373600
249.500000 103.999976
250.500000 103.615056
251.500000 103.258175
252.500000 102.742629
253.500000 102.385748
254.500000 102.000835
255.500000 101.627606
256.500000 101.372937
257.500000 100.987640
258.500000 100.500513
259.500000 100.013002
260.500000 99.615635
261.500000 99.258763
262.500000 98.756071
263.500000 98.525559
264.500000 98.475720
265.500000 98.245599
266.500000 97.754986
267.500000 97.500725
268.500000 97.246072
269.500000 96.742613
270.500000 96.386138
271.500000 96.001634
272.500000 95.640885
273.500000 95.500912
274.500000 95.360947
275.500000 95.000979
276.500000 94.640627
277.500000 94.488593
278.500000 94.246413
279.500000 93.755427
280.500000 93.501181
281.500000 93.246936
282.500000 92.755959
283.500000 92.514175
284.500000 92.374224
285.500000 92.116102
286.500000 91.886784
287.500000 91.628666
288.500000 91.488722
289.500000 91.246956
290.500000 90.756773
291.500000 90.527084
292.500000 90.489750
293.500000 90.373962
294.500000 90.116634
295.500000 89.887350
296.500000 89.630031
297.500000 89.514644
298.500000 89.489785
299.500000 89.374404
300.500000 89.117095
301.500000 88.887823
302.500000 88.630127
303.500000 88.502292
304.500000 88.362776
305.500000 88.002881
306.500000 87.643374
307.500000 87.515943
308.500000 87.490729
309.500000 87.375764
310.500000 87.130559
311.500000 87.003535
312.500000 86.876515
313.500000 86.631322
314.500000 86.516380
315.500000 86.491584
316.500000 86.376653
317.500000 86.131866
318.500000 86.016944
319.500000 85.992167
320.500000 85.877251
321.500000 85.632094
322.500000 85.505118
323.500000 85.378148
324.500000 85.133010
325.500000 85.018513
326.500000 85.006233
327.500000 85.005644
328.500000 84.993376
329.500000 84.878902
330.500000 84.633799
331.500000 84.506876
332.500000 84.379960
333.500000 84.134878
334.500000 84.020437
335.500000 84.008216
336.500000 84.007687
337.500000 83.995481
338.500000 83.881070
339.500000 83.636033
340.500000 83.509177
341.500000 83.382330
342.500000 83.137318
343.500000 83.022949
344.500000 83.010806
345.500000 83.010745
346.500000 83.011083
347.500000 83.011430
348.500000 83.011399
349.500000 82.999301
350.499996 82.884613
351.499601 82.627618
352.486740 82.398661
353.367738 82.043484
354.508795 76.212184
355.500399 81.916655
356.500004 82.015078
357.500000 82.015542
358.500000 82.016019
359.500000 82.016510
360.500000 82.017014
361.500000 82.017532
362.500000 82.018065
363.500000 82.018612
364.500000 82.019174
365.500000 82.019755
366.500000 82.020740
367.500000 82.033818
368.500000 82.149513
369.500000 82.407544
370.500000 82.637559
371.500000 82.895625
372.500000 83.011390
373.500000 83.024573
374.500000 83.025697
375.500000 83.026453
376.500000 83.027229
377.500000 83.028413
378.500000 83.041694
379.500000 83.157597
380.500000 83.415841
381.500000 83.646074
382.500000 83.904363
383.500000 84.020355
384.500000 84.033771
385.500000 84.035133
386.500000 84.036136
387.500000 84.037552
388.500000 84.051455
389.500000 84.179670
390.500000 84.540371
391.500000 84.901098
392.500000 85.029395
393.500000 85.043435
394.500000 85.045046
395.500000 85.046683
396.500000 85.060424
397.500000 85.176796
398.500000 85.435519
399.500000 85.666241
400.500000 85.925029
401.500000 86.041531
402.500000 86.055470
403.500000 86.057756
404.500000 86.071762
405.500000 86.188017
406.500000 86.434943
407.500000 86.563733
408.500000 86.692562
409.500000 86.939607
410.500000 87.056446
411.500000 87.083181
412.500000 87.200102
413.500000 87.447314
414.500000 87.576780
415.500000 87.718364
416.500000 88.080381
417.500000 88.442443
418.500000 88.584162
419.500000 88.713859
420.500000 88.961777
421.500000 89.091181
422.500000 89.221024
423.500000 89.481551
424.500000 89.725780
425.500000 90.100308
426.500000 90.463204
427.500000 90.605380
428.500000 90.735538
429.500000 90.983924
430.500000 91.113802
431.500000 91.243741
432.500000 91.492689
433.500000 91.635207
434.500000 91.879999
435.500000 92.373659
436.500000 92.618578
437.500000 92.761732
438.500000 93.023124
439.500000 93.255778
440.500000 93.517301
441.500000 93.660722
442.500000 93.906425
443.500000 94.412688
444.500000 94.760743
445.500000 95.046763
446.500000 95.281068
447.500000 95.555165
448.500000 95.801303
449.500000 96.178151
450.500000 96.567149
451.500000 96.928195
452.500000 97.447984
453.500000 97.809186
454.500000 98.198117
455.500000 98.563757
456.500000 98.720395
457.500000 98.967642
458.500000 99.475467
459.500000 99.836783
460.500000 100.226609
461.500000 100.604843
462.500000 100.864609
463.500000 101.255093
464.500000 101.747498
465.500000 102.239995
466.500000 102.630760
467.500000 102.890993
468.500000 103.269880
469.500000 103.660550
470.500000 104.023286
471.500000 104.544786
472.500000 104.907726
473.500000 105.299187
474.500000 105.690756
475.500000 106.054395
476.500000 106.588493
477.500000 107.054946
478.500000 107.601331
479.500000 108.068001
480.500000 108.602536
481.500000 108.967215
482.500000 109.371728
483.500000 109.866879
484.500000 110.373832
485.500000 110.881285
486.500000 111.388859
487.500000 111.896547
488.500000 112.403969
489.500000 112.899826
490.500000 113.305664
491.500000 113.683591
492.500000 114.322132
493.500000 114.932768
494.500000 115.453773
495.500000 115.974908
496.500000 116.586309
497.500000 117.237555
498.500000 117.718967
499.500000 118.268647
500.500000 118.750315
501.500000 119.401692
502.500000 120.001800
503.500000 120.421761
504.500000 120.813823
505.500000 121.556654
506.500000 122.311690
507.500000 122.818447
508.500000 123.472321
509.500000 124.097529
510.500000 124.722872
511.500000 125.376773
512.500000 125.872152
513.500000 126.526336
514.500000 127.152628
515.500000 127.790746
516.500000 128.547564
517.500000 129.173897
518.500000 129.698550
519.500000 130.223731
520.500000 130.862569
521.500000 131.722325
522.500000 132.492475
523.500000 133.014352
524.500000 133.784797
525.500000 134.645531
526.500000 135.298092
527.500000 135.950800
528.500000 136.811974
529.500000 137.583156
530.500000 138.106451
531.500000 138.890385
532.500000 139.866434
533.500000 140.752491
534.500000 141.407014
535.500000 142.061688
536.500000 142.948579
537.500000 143.937827
538.500000 144.837082
539.500000 145.594558
540.500000 146.380213
541.500000 147.137590
542.500000 148.024971
543.500000 148.900813
544.500000 149.556419
545.500000 150.212558
546.500000 151.101297
547.500000 152.103689
548.500000 153.094540
549.500000 153.881501
550.500000 154.408116
551.500000 155.195365
552.500000 156.187177
553.500000 157.202882
554.500000 158.207043
555.500000 159.097063
556.500000 159.754760
557.500000 160.412204
558.500000 161.290170
559.500000 162.180344
560.500000 162.952867
561.500000 163.856156
562.500000 164.861405
563.500000 165.866783
564.500000 166.770466
565.500000 167.544034
566.500000 168.447974
567.500000 169.454252
568.500000 170.472725
569.500000 171.491708
570.500000 172.510815
571.500000 173.530039
572.500000 174.549381
573.500000 175.568837
574.500000 176.588407
575.500000 177.608087
576.500000 178.627877
577.500000 179.647774
578.500000 180.667777
579.500000 181.687883
580.500000 182.708090
581.500000 183.728396
582.500000 184.748799
583.499996 185.769297
584.499604 186.789879
585.487136 187.810300
586.372066 188.828673
587.114678 189.844142
587.885322 190.860244
588.627934 191.875807
589.512861 192.894409
590.500000 193.915231
591.487143 194.936126
592.372458 195.954926
593.127143 196.970995
594.000000 197.989628
594.872857 199.008311
595.627542 200.024503
596.512857 201.043542
597.500000 202.064824
598.487143 203.086159
599.372458 204.105337
600.127143 205.121716
601.000000 206.140692
601.872854 207.159703
602.627146 208.176157
603.500000 209.195224
604.372857 210.214320
605.127538 211.230850
606.012465 212.250256
606.987535 213.271665
607.872462 214.291114
608.627143 215.307714
609.500000 216.326927
610.372854 217.346152
611.127146 218.362774
612.000000 219.382016
612.872857 220.401264
613.627538 221.417908
614.512465 222.437425
615.487531 223.458929
616.372070 224.478432
617.114678 225.494800
617.885322 226.511780
618.627930 227.528134
619.512465 228.547600
620.487139 229.569032
621.359605 230.588197
622.000000 231.602251
622.640399 232.616293
623.513249 233.635409
624.499608 234.656979
625.474282 235.678255
626.244924 236.695048
626.755076 237.706149
627.525721 238.722895
628.500784 239.744038
629.499216 240.765632
630.474279 241.786664
631.244924 242.803244
631.755076 243.814198
632.525721 244.830711
633.500788 245.851542
634.499612 246.872805
635.487136 247.893750
636.372066 248.912449
637.114678 249.928087
637.885322 250.944263
638.627934 251.959798
639.512861 252.978239
640.499996 253.998716
641.486747 255.019084
642.359601 256.037013
643.000000 257.050112
643.640395 258.063164
644.512861 259.080867
645.487535 260.100534
646.372070 261.118280
647.114678 262.133101
647.885322 263.148403
648.627934 264.163073
649.512861 265.180453
650.500000 266.199710
651.487139 267.218824
652.372066 268.235836
653.114678 269.250018
653.885322 270.264644
654.627930 271.278647
655.512469 272.295209
656.487531 273.313315
657.372070 274.329601
658.114678 275.343168
658.885322 276.357144
659.627930 277.370509
660.512465 278.386297
661.487139 279.403526
662.359605 280.418795
663.000000 281.429909
663.640399 282.440941
664.513249 283.455846
665.499608 284.472505
666.474282 285.488771
667.244924 286.501492
667.755076 287.509842
668.525721 288.522350
669.500791 289.537992
670.500007 290.553804
671.500000 291.569404
672.500000 292.584777
673.500000 293.599914
674.500000 294.614429
675.500000 295.616628
676.500000 296.515978
677.500000 297.271983
678.500000 298.031236
679.500000 298.545313
680.500000 298.826282
681.500000 299.224773
682.500000 299.712755
683.500000 300.110329
684.500000 300.377775
685.500000 300.774813
686.500000 301.261717
687.500000 301.658206
688.500000 301.924555
689.500000 302.320485
690.500000 302.806270
691.500000 303.201626
692.500000 303.466446
693.500000 303.849153
694.500000 304.231565
695.500000 304.495509
696.500000 304.889785
697.500000 305.385589
698.500000 305.881090
699.500000 306.274459
700.500000 306.536890
701.500000 306.917186
702.500000 307.297169
703.500000 307.558278
704.500000 307.937635
705.500000 308.316677
706.500000 308.576840
707.500000 308.955247
708.500000 309.333338
709.500000 309.592935
710.500000 309.982841
711.500000 310.474251
712.500000 310.965338
713.500000 311.354271
714.500000 311.612248
715.500000 311.988070
716.500000 312.363565
717.500000 312.620555
718.500000 313.007463
719.500000 313.484184
720.500000 313.870432
721.500000 314.126097
722.500000 314.498824
723.500000 314.846294
724.500000 314.846294
725.500000 314.498824
726.500000 314.126097
727.500000 313.870432
728.500000 313.484184
729.500000 313.007463
730.500000 312.620555
731.500000 312.363565
732.500000 311.988070
733.500000 311.612248
734.500000 311.354271
735.500000 310.965338
736.500000 310.474251
737.500000 309.982841
738.500000 309.592935
739.500000 309.333338
740.500000 308.955247
741.500000 308.576840
742.500000 308.316677
743.500000 307.937635
744.500000 307.558278
745.500000 307.297169
746.500000 306.917186
747.500000 306.536890
748.500000 306.274459
749.500000 305.881090
750.500000 305.385589
751.500000 304.889785
752.500000 304.495509
753.500000 304.231565
754.500000 303.849153
755.500000 303.466446
756.500000 303.201626
757.500000 302.806270
758.500000 302.320485
759.500000 301.924555
760.500000 301.658206
761.500000 301.261717
762.500000 300.774813
763.500000 300.377775
764.500000 300.110329
765.500000 299.712755
766.500000 299.224773
767.500000 298.826282
768.500000 298.545313
769.500000 298.031236
770.500000 297.271983
771.500000 296.515978
772.500000 295.616628
773.500000 294.614429
774.500000 293.599914
775.500000 292.584777
776.500000 291.569404
777.499993 290.553804
778.499209 289.537992
779.474279 288.522350
780.244924 287.509842
780.755076 286.501492
781.525718 285.488771
782.500392 284.472505
783.486751 283.455846
784.359601 282.440941
785.000000 281.429909
785.640395 280.418795
786.512861 279.403526
787.487535 278.386297
788.372070 277.370509
789.114678 276.357144
789.885322 275.343168
790.627930 274.329601
791.512469 273.313315
792.487531 272.295209
793.372070 271.278647
794.114678 270.264644
794.885322 269.250018
795.627934 268.235836
796.512861 267.218824
797.500000 266.199710
798.487139 265.180453
799.372066 264.163073
800.114678 263.148403
800.885322 262.133101
801.627930 261.118280
802.512465 260.100534
803.487139 259.080867
804.359605 258.063164
805.000000 257.050112
805.640399 256.037013
806.513253 255.019084
807.500004 253.998716
808.487139 252.978239
809.372066 251.959798
810.114678 250.944263
810.885322 249.928087
811.627934 248.912449
812.512864 247.893750
813.500388 246.872805
814.499212 245.851542
815.474279 244.830711
816.244924 243.814198
816.755076 242.803244
817.525721 241.786664
818.500784 240.765632
819.499216 239.744038
820.474279 238.722895
821.244924 237.706149
821.755076 236.695048
822.525718 235.678255
823.500392 234.656979
824.486751 233.635409
825.359601 232.616293
826.000000 231.602251
826.640395 230.588197
827.512861 229.569032
828.487535 228.547600
829.372070 227.528134
830.114678 226.511780
830.885322 225.494800
831.627930 224.478432
832.512469 223.458929
833.487535 222.437425
834.372462 221.417908
835.127143 220.401264
836.000000 219.382016
836.872854 218.362774
837.627146 217.346152
838.500000 216.326927
839.372857 215.307714
840.127538 214.291114
841.012465 213.271665
841.987535 212.250256
842.872462 211.230850
843.627143 210.214320
844.500000 209.195224
845.372854 208.176157
846.127146 207.159703
847.000000 206.140692
847.872857 205.121716
848.627542 204.105337
849.512857 203.086159
850.500000 202.064824
851.487143 201.043542
852.372458 200.024503
853.127143 199.008311
854.000000 197.989628
854.872857 196.970995
855.627542 195.954926
856.512857 194.936126
857.500000 193.915231
858.487139 192.894409
859.372066 191.875807
860.114678 190.860244
860.885322 189.844142
861.627934 188.828673
862.512864 187.810300
863.500396 186.789879
864.500004 185.769297
865.500000 184.748799
866.500000 183.728396
867.500000 182.708090
868.500000 181.687883
869.500000 180.667777
870.500000 179.647774
871.500000 178.627877
872.500000 177.608087
873.500000 176.588407
874.500000 175.568837
875.500000 174.549381
876.500000 173.530039
877.500000 172.510815
878.500000 171.491708
879.500000 170.472725
880.500000 169.454252
881.500000 168.447974
882.500000 167.544034
883.500000 166.770466
884.500000 165.866783
885.500000 164.861405
886.500000 163.856156
887.500000 162.952867
888.500000 162.180344
889.500000 161.290170
890.500000 160.412204
891.500000 159.754760
892.500000 159.097063
893.500000 158.207043
894.500000 157.202882
895.500000 156.187177
896.500000 155.195365
897.500000 154.408116
898.500000 153.881501
899.500000 153.094540
900.500000 152.103689
901.500000 151.101297
902.500000 150.212558
903.500000 149.556419
904.500000 148.900813
905.500000 148.024971
906.500000 147.137590
907.500000 146.380213
908.500000 145.594558
909.500000 144.837082
910.500000 143.937827
911.500000 142.948579
912.500000 142.061688
913.500000 141.407014
914.500000 140.752491
915.500000 139.866434
916.500000 138.890385
917.500000 138.106451
918.500000 137.583156
919.500000 136.811974
920.500000 135.950800
921.500000 135.298092
922.500000 134.645531
923.500000 133.784797
924.500000 133.014352
925.500000 132.492475
926.500000 131.722325
927.500000 130.862569
928.500000 130.223731
929.500000 129.698550
930.500000 129.173897
931.500000 128.547564
932.500000 127.790746
933.500000 127.152628
934.500000 126.526336
935.500000 125.872152
936.500000 125.376773
937.500000 124.722872
938.500000 124.097529
939.500000 123.472321
940.500000 122.818447
941.500000 122.311690
942.500000 121.556654
943.500000 120.813823
944.500000 120.421761
945.500000 120.001800
946.500000 119.401692
947.500000 118.750315
948.500000 118.268647
949.500000 117.718967
950.500000 117.237555
951.500000 116.586309
952.500000 115.974908
953.500000 115.453773
954.500000 114.932768
955.500000 114.322132
956.500000 113.683591
957.500000 113.305664
958.500000 112.899826
959.500000 112.403969
960.500000 111.896547
961.500000 111.388859
962.500000 110.881285
963.500000 110.373832
964.500000 109.866879
965.500000 109.371728
966.500000 108.967215
967.500000 108.602536
968.500000 108.068001
969.500000 107.601331
970.500000 107.054946
971.500000 106.588493
972.500000 106.054395
973.500000 105.690756
974.500000 105.299187
975.500000 104.907726
976.500000 104.544786
977.500000 104.023286
978.500000 103.660550
979.500000 103.269880
980.500000 102.890993
981.500000 102.630760
982.500000 102.239995
983.500000 101.747498
984.500000 101.255093
985.500000 100.864609
986.500000 100.604843
987.500000 100.226609
988.500000 99.836783
989.500000 99.475467
990.500000 98.967642
991.500000 98.720395
992.500000 98.563757
993.500000 98.198117
994.500000 97.809186
995.500000 97.447984
996.500000 96.928195
997.500000 96.567149
998.500000 96.178151
999.500000 95.801303
1000.500000 95.555165
1001.500000 95.281068
1002.500000 95.046763
1003.500000 94.760743
1004.500000 94.412688
1005.500000 93.906425
1006.500000 93.660722
1007.500000 93.517301
1008.500000 93.255778
1009.500000 93.023124
1010.500000 92.761732
1011.500000 92.618578
1012.500000 92.373659
1013.500000 91.879999
1014.500000 91.635207
1015.500000 91.492689
1016.500000 91.243741
1017.500000 91.113802
1018.500000 90.983924
1019.500000 90.735538
1020.500000 90.605380
1021.500000 90.463204
1022.500000 90.100308
1023.500000 89.725780
1024.500000 89.481551
1025.500000 89.221024
1026.500000 89.091181
1027.500000 88.961777
1028.500000 88.713859
1029.500000 88.584162
1030.500000 88.442443
1031.500000 88.080381
1032.500000 87.718364
1033.500000 87.576780
1034.500000 87.447314
1035.500000 87.200102
1036.500000 87.083181
1037.500000 87.056446
1038.500000 86.939607
1039.500000 86.692562
1040.500000 86.563733
1041.500000 86.434943
1042.500000 86.188017
1043.500000 86.071762
1044.500000 86.057756
1045.500000 86.055470
1046.500000 86.041531
1047.500000 85.925029
1048.500000 85.666241
1049.500000 85.435519
1050.500000 85.176796
1051.500000 85.060424
1052.500000 85.046683
1053.500000 85.045046
1054.500000 85.043435
1055.500000 85.029395
1056.500000 84.901098
1057.500000 84.540371
1058.500000 84.179670
1059.500000 84.051455
1060.500000 84.037552
1061.500000 84.036136
1062.500000 84.035133
1063.500000 84.033771
1064.500000 84.020355
1065.500000 83.904363
1066.500000 83.646074
1067.500000 83.415841
1068.500000 83.157597
1069.500000 83.041694
1070.500000 83.028413
1071.500000 83.027229
1072.500000 83.026453
1073.500000 83.025697
1074.500000 83.024573
1075.500000 83.011390
1076.500000 82.895625
1077.500000 82.637559
1078.500000 82.407544
1079.500000 82.149513
1080.500000 82.033818
1081.500000 82.020740
1082.500000 82.019755
1083.500000 82.019174
1084.500000 82.018612
1085.500000 82.018065
1086.500000 82.017532
1087.500000 82.017014
1088.500000 82.016510
1089.500000 82.016019
1090.500000 82.015542
1091.499996 82.015078
1092.499601 82.014626
1093.491205 82.016241
1094.632262 82.141455
1095.513260 82.398661
1096.500399 82.627618
1097.500004 82.884613
1098.500000 82.999301
1099.500000 83.011399
1100.500000 83.011430
1101.500000 83.011083
1102.500000 83.010745
1103.500000 83.010806
1104.500000 83.022949
1105.500000 83.137318
1106.500000 83.382330
1107.500000 83.509177
1108.500000 83.636033
1109.500000 83.881070
1110.500000 83.995481
1111.500000 84.007687
1112.500000 84.008216
1113.500000 84.020437
1114.500000 84.134878
1115.500000 84.379960
1116.500000 84.506876
1117.500000 84.633799
1118.500000 84.878902
1119.500000 84.993376
1120.500000 85.005644
1121.500000 85.006233
1122.500000 85.018513
1123.500000 85.133010
1124.500000 85.378148
1125.500000 85.505118
1126.500000 85.632094
1127.500000 85.877251
1128.500000 85.992167
1129.500000 86.016944
1130.500000 86.131866
1131.500000 86.376653
1132.500000 86.491584
1133.500000 86.516380
1134.500000 86.631322
1135.500000 86.876515
1136.500000 87.003535
1137.500000 87.130559
1138.500000 87.375764
1139.500000 87.490729
1140.500000 87.515943
1141.500000 87.643374
1142.500000 88.002881
1143.500000 88.362776
1144.500000 88.502292
1145.500000 88.630127
1146.500000 88.887823
1147.500000 89.117095
1148.500000 89.374404
1149.500000 89.489785
1150.500000 89.514644
1151.500000 89.630031
1152.500000 89.887350
1153.500000 90.116634
1154.500000 90.373962
1155.500000 90.489750
1156.500000 90.527084
1157.500000 90.756773
1158.500000 91.246956
1159.500000 91.488722
1160.500000 91.628666
1161.500000 91.886784
1162.500000 92.116102
1163.500000 92.374224
1164.500000 92.514175
1165.500000 92.755959
1166.500000 93.246936
1167.500000 93.501181
1168.500000 93.755427
1169.500000 94.246413
1170.500000 94.488593
1171.500000 94.640627
1172.500000 95.000979
1173.500000 95.360947
1174.500000 95.500912
1175.500000 95.640885
1176.500000 96.001634
1177.500000 96.386138
1178.500000 96.742613
1179.500000 97.246072
1180.500000 97.500725
1181.500000 97.754986
1182.500000 98.245599
1183.500000 98.475720
1184.500000 98.525559
1185.500000 98.756071
1186.500000 99.258763
1187.500000 99.615635
1188.500000 100.013002
1189.500000 100.500513
1190.500000 100.987640
1191.500000 101.372937
1192.500000 101.627606
1193.500000 102.000835
1194.500000 102.385748
1195.500000 102.742629
1196.500000 103.258175
1197.500000 103.615056
1198.500000 103.999976
1199.500000 104.373600
1200.500000 104.640736
1201.500000 105.140327
1202.500000 105.860308
1203.500000 106.359904
1204.500000 106.627430
1205.500000 107.013133
1206.500000 107.500658
1207.500000 107.999867
1208.500000 108.487777
1209.500000 108.885166
1210.500000 109.242834
1211.500000 109.770466
1212.500000 110.229963
1213.500000 110.757988
1214.500000 111.128123
1215.500000 111.640192
1216.500000 112.373028
1217.500000 112.986921
1218.500000 113.487299
1219.500000 113.885084
1220.500000 114.242762
1221.500000 114.770789
1222.500000 115.242750
1223.500000 115.885064
1224.500000 116.487663
1225.500000 117.000123
1226.500000 117.512583
1227.500000 118.115186
1228.500000 118.757892
1229.500000 119.242323
1230.500000 119.885418
1231.500000 120.500095
1232.500000 121.114773
1233.500000 121.757868
1234.500000 122.242304
1235.500000 122.885403
1236.500000 123.500469
1237.500000 124.127224
1238.500000 124.872925
1239.500000 125.500068
1240.500000 126.127208
1241.500000 126.872521
1242.500000 127.487203
1243.500000 128.000054
1244.500000 128.512520
1245.500000 129.115129
1246.500000 129.758234
1247.500000 130.255517
1248.500000 131.024980
1249.500000 131.975114
1250.500000 132.744970
1251.500000 133.254721
1252.500000 134.012896
1253.500000 134.872895
1254.500000 135.614720
1255.500000 136.385353
1256.500000 137.127571
1257.500000 138.000031
1258.500000 138.872492
1259.500000 139.614706
1260.500000 140.384954
1261.500000 141.115096
1262.500000 141.884955
1263.500000 142.615097
1264.500000 143.385349
1265.500000 144.127952
1266.500000 145.012490
1267.500000 145.987551
1268.500000 146.872089
1269.500000 147.614696
1270.500000 148.385340
1271.500000 149.127947
1272.500000 150.012485
1273.500000 150.987550
1274.500000 151.872480
1275.500000 152.627552
1276.500000 153.512874
1277.500000 154.500408
1278.500000 155.500016
1279.500000 156.500012
1280.500000 157.500007
1281.500000 158.499615
1282.499996 159.487149
1283.499604 160.372471
1284.487139 161.127547
1285.372462 162.012869
1286.127538 163.000404
1287.012861 164.000012
1288.000396 165.000008
1289.000004 166.000007
1290.000000 167.000007
1291.000000 168.000007
1291.999996 169.000006
1292.999604 170.000006
1293.987139 171.000006
1294.872458 172.000006
1295.627143 173.000005
1296.500000 174.000005
1297.372854 175.000005
1298.127146 176.000005
1298.999996 177.000005
1299.872462 178.000004
1300.614681 179.000004
1301.385322 180.000004
1302.127934 181.000004
1303.012861 182.000004
1304.000000 183.000004
1304.987139 184.000004
1305.872066 185.000003
1306.614678 186.000003
1307.385319 187.000003
1308.127538 188.000003
1309.000000 189.000003
1309.872462 190.000003
1310.614681 191.000003
1311.385315 192.000003
1312.127143 193.000002
1312.987143 194.000002
1313.745316 195.000002
1314.254681 196.000002
1315.012465 197.000002
1315.860389 198.000002
1316.499608 199.000002
1317.127143 200.000002
1317.872854 201.000002
1318.500000 202.000002
1319.127143 203.000002
1319.872462 204.000002
1320.487535 205.000002
1321.012469 206.000002
1321.627927 207.000002
1322.384930 208.000002
1323.102213 209.000001
1323.757389 210.000001
1324.242216 211.000001
1324.885322 212.000001
1325.500392 213.000001
1326.127146 214.000001
1326.872458 215.000001
1327.487139 216.000001
1327.999604 217.000001
1328.500000 218.000001
1329.000396 219.000001
1329.512861 220.000001
1330.127538 221.000001
1330.872462 222.000001
1331.487139 223.000001
1331.999604 224.000001
1332.499996 225.000001
1333.000000 226.000001
1333.500004 227.000001
1334.000392 228.000001
1334.512465 229.000001
1335.114678 230.000001
1335.744924 231.000001
1336.114678 232.000001
1336.512465 233.000001
1337.000392 234.000001
1337.500000 235.000001
1337.999608 236.000001
1338.487531 237.000001
1338.884927 238.000001
1339.242216 239.000001
1339.757788 240.000001
1340.115465 241.000001
1340.524934 242.000001
1341.115070 243.000001
1341.744927 244.000001
1342.114678 245.000001
1342.512461 246.000001
1343.000000 247.000001
1343.487535 248.000001
1343.884923 249.000001
1344.241820 250.000000
1344.744924 251.000000
1344.987535 252.000000
1345.140003 253.000000
1345.512861 254.000000
1345.987931 255.000000
1346.384930 256.000000
1346.742212 257.000000
1347.257389 258.000000
1347.602213 259.000000
1347.884927 260.000000
1348.127535 261.000000
1348.500000 262.000000
1348.872465 263.000000
1349.115073 264.000000
1349.397787 265.000000
1349.742608 266.000000
1350.257392 267.000000
1350.602209 268.000000
1350.884535 269.000000
1351.115066 270.000000
1351.384930 271.000000
1351.615070 272.000000
1351.884930 273.000000
1352.115073 274.000000
1352.385322 275.000000
1352.627538 276.000000
1353.000000 277.000000
1353.372462 278.000000
1353.614678 279.000000
1353.884923 280.000000
1354.114674 281.000000
1354.372073 282.000000
1354.487927 283.000000
1354.525326 284.000000
1354.755073 285.000000
1355.244924 286.000000
1355.474279 287.000000
1355.499212 288.000000
1355.500392 289.000000
1355.513256 290.000000
1355.640402 291.000000
1356.000399 292.000000
1356.372857 293.000000
1356.627143 294.000000
1356.999601 295.000000
1357.359598 296.000000
1357.486747 297.000000
1357.500000 298.000000
1357.513253 299.000000
1357.640399 300.000000
1358.000000 301.000000
1358.359601 302.000000
1358.486744 303.000000
1358.499601 304.000000
1358.500004 305.000000
1358.500791 306.000000
1358.525721 307.000000
1358.755076 308.000000
1359.244924 309.000000
1359.474279 310.000000
1359.499209 311.000000
1359.499996 312.000000
1359.500399 313.000000
1359.513256 314.000000
1359.640399 315.000000
1360.000000 316.000000
1360.359601 317.000000
1360.486744 318.000000
1360.499604 319.000000
1360.500396 320.000000
1360.513256 321.000000
1360.640399 322.000000
1361.000000 323.000000
1361.359601 324.000000
1361.486744 325.000000
1361.499601 326.000000
1361.500000 327.000000
1361.500396 328.000000
1361.512864 329.000000
1361.627934 330.000000
1361.885322 331.000000
1362.114678 332.000000
1362.372066 333.000000
1362.487136 334.000000
1362.499604 335.000000
1362.499996 336.000000
1362.500004 337.000000
1362.500399 338.000000
1362.513256 339.000000
1362.640399 340.000000
1363.000000 341.000000
1363.359601 342.000000
1363.486744 343.000000
1363.499601 344.000000
1363.499996 345.000000
1363.500000 346.000000
1363.500000 347.000000
1363.500004 348.000000
1363.500396 349.000000
1363.512861 350.000000
1363.627538 351.000000
1363.872462 352.000000
1363.987136 353.000000
1363.999209 354.000000
1363.987136 355.000000
1363.872462 356.000000
1363.627538 357.000000
1363.512861 358.000000
1363.500392 359.000000
1363.499608 360.000000
1363.487139 361.000000
1363.372462 362.000000
1363.127538 363.000000
1363.012857 364.000000
1363.000000 365.000000
1362.987143 366.000000
1362.872462 367.000000
1362.627535 368.000000
1362.512465 369.000000
1362.487535 370.000000
1362.372465 371.000000
1362.127538 372.000000
1362.012861 373.000000
1362.000392 374.000000
1361.999608 375.000000
1361.987139 376.000000
1361.872458 377.000000
1361.627143 378.000000
1361.500000 379.000000
1361.372857 380.000000
1361.127542 381.000000
1361.012857 382.000000
1361.000000 383.000000
1360.987139 384.000000
1360.872066 385.000000
1360.614678 386.000000
1360.385322 387.000000
1360.127934 388.000000
1360.012864 389.000000
1360.000392 390.000000
1359.999608 391.000000
1359.987136 392.000000
1359.872066 393.000000
1359.614678 394.000000
1359.385322 395.000000
1359.127934 396.000000
1359.012861 397.000000
1359.000000 398.000000
1358.987139 399.000000
1358.872066 400.000000
1358.614678 401.000000
1358.385322 402.000000
1358.127930 403.000000
1358.012469 404.000000
1357.987531 405.000000
1357.872070 406.000000
1357.614678 407.000000
1357.385322 408.000000
1357.127927 409.000000
1357.012073 410.000000
1356.974674 411.000000
1356.744927 412.000000
1356.255073 413.000000
1356.025322 414.000000
1355.987535 415.000000
1355.859608 416.000000
1355.500000 417.000000
1355.140399 418.000000
1355.013253 419.000000
1355.000000 420.000000
1354.986747 421.000000
1354.859598 422.000000
1354.499601 423.000000
1354.127143 424.000000
1353.872857 425.000000
1353.500399 426.000000
1353.140399 427.000000
1353.012857 428.000000
1352.987143 429.000000
1352.859601 430.000000
1352.499601 431.000000
1352.127143 432.000000
1351.872857 433.000000
1351.500396 434.000000
1351.140003 435.000000
1351.000000 436.000000
1350.860000 437.000000
1350.499996 438.000000
1350.139608 439.000000
1349.987531 440.000000
1349.744924 441.000000
1349.241824 442.000000
1348.885319 443.000000
1348.500392 444.000000
1348.127150 445.000000
1347.872850 446.000000
1347.499608 447.000000
1347.114678 448.000000
1346.757781 449.000000
1346.242219 450.000000
1345.885319 451.000000
1345.500000 452.000000
1345.114681 453.000000
1344.757781 454.000000
1344.242219 455.000000
1343.885322 456.000001
1343.500392 457.000001
1343.127150 458.000001
1342.872850 459.000001
1342.499608 460.000001
1342.114674 461.000001
1341.757389 462.000001
1341.229747 463.000001
1340.769857 464.000001
1340.230143 465.000001
1339.770253 466.000001
1339.242608 467.000001
1338.884930 468.000001
1338.487535 469.000001
1338.000000 470.000001
1337.512465 471.000001
1337.115070 472.000001
1336.757392 473.000001
1336.229747 474.000001
1335.769857 475.000001
1335.230139 476.000001
1334.769857 477.000001
1334.229747 478.000001
1333.757392 479.000001
1333.115070 480.000001
1332.512469 481.000001
1332.000388 482.000001
1331.499612 483.000001
1330.987531 484.000001
1330.384927 485.000001
1329.742216 486.000001
1329.257784 487.000001
1328.615073 488.000001
1328.012469 489.000001
1327.500388 490.000001
1326.999608 491.000001
1326.487139 492.000001
1325.872458 493.000001
1325.127143 494.000001
1324.500000 495.000001
1323.872857 496.000001
1323.127542 497.000001
1322.512857 498.000001
1322.000000 499.000002
1321.487139 500.000002
1320.872066 501.000002
1320.114678 502.000002
1319.385319 503.000002
1318.627538 504.000002
1318.000004 505.000002
1317.372854 506.000002
1316.627143 507.000002
1315.999608 508.000002
1315.360389 509.000002
1314.512465 510.000002
1313.754677 511.000002
1313.244927 512.000002
1312.475070 513.000002
1311.524930 514.000003
1310.755073 515.000003
1310.245323 516.000003
1309.487535 517.000003
1308.639608 518.000003
1307.999996 519.000003
1307.359997 520.000003
1306.499608 521.000003
1305.627535 522.000003
1304.885319 523.000004
1304.114678 524.000004
1303.372070 525.000004
1302.487531 526.000004
1301.512465 527.000004
1300.627538 528.000004
1299.872857 529.000004
1299.000000 530.000005
1298.127143 531.000005
1297.372458 532.000005
1296.487139 533.000005
1295.499604 534.000006
1294.499996 535.000006
1293.500000 536.000006
1292.500004 537.000006
1291.500396 538.000007
1290.512861 539.000007
1289.627538 540.000007
1288.872462 541.000004
1287.987139 541.999612
1286.999604 542.987148
1285.999996 543.872470
1285.000000 544.627547
1284.000000 545.512866
1283.000000 546.500010
1282.000000 547.487153
1281.000000 548.372473
1280.000000 549.127550
1279.000000 550.012873
1278.000000 551.000408
1277.000000 552.000017
1276.000000 553.000010
1275.000000 553.999619
1274.000000 554.987154
1273.000000 555.872474
1272.000000 556.627159
1271.000000 557.500017
1270.000000 558.372872
1269.000000 559.127165
1268.000000 560.000020
1267.000000 560.872878
1266.000000 561.627560
1265.000000 562.512484
1264.000000 563.487163
1263.000000 564.359629
1262.000000 565.000026
1261.000000 565.640422
1260.000000 566.512885
1259.000000 567.487172
1258.000000 568.359632
1257.000000 568.999636
1256.000000 569.627572
1255.000000 570.385749
1254.000000 571.127575
1253.000000 571.999646
1252.000000 572.860033
1251.000000 573.499646
1250.000000 574.127186
1249.000000 574.872899
1248.000000 575.500047
1247.000000 576.127196
1246.000000 576.872905
1245.000000 577.500054
1244.000000 578.127199
1243.000000 578.872520
1242.000000 579.487596
1241.000000 580.012529
1240.000000 580.627605
1239.000000 581.372927
1238.000000 582.000073
1237.000000 582.627222
1236.000000 583.372929
1235.000000 583.999690
1234.000000 584.614764
1233.000000 585.257870
1232.000000 585.742309
1231.000000 586.385024
1230.000000 586.987637
1229.000000 587.500106
1228.000000 588.012576
1227.000000 588.615185
1226.000000 589.257512
1225.000000 589.729872
1224.000000 590.269988
1223.000000 590.730275
1222.000000 591.269999
1221.000000 591.729895
1220.000000 592.257550
1219.000000 592.615622
1218.000000 593.025104
1217.000000 593.615639
1216.000000 594.257965
1215.000000 594.742009
1214.000000 595.372266
1213.000000 595.860590
1212.000000 596.139828
1211.000000 596.628148
1210.000000 597.258015
1209.000000 597.729599
1208.000000 598.257639
1207.000000 598.615330
1206.000000 599.012739
1205.000000 599.500670
1204.000000 599.999901
1203.000000 600.487445
1202.000000 600.872779
1201.000000 601.127868
1200.000000 601.513204
1199.000000 602.000749
1198.000000 602.499979
1197.000000 602.987526
1196.000000 603.372864
1195.000000 603.627952
1194.000000 604.012899
1193.000000 604.487986
1192.000000 604.872931
1191.000000 605.127630
1190.000000 605.500507
1189.000000 605.873381
1188.000000 606.127694
1187.000000 606.500569
1186.000000 606.873448
1185.000000 607.128152
1184.000000 607.513103
1183.000000 607.988197
1182.000000 608.373150
1181.000000 608.627857
1180.000000 609.000738
1179.000000 609.373232
1178.000000 609.615478
1177.000000 609.885757
1176.000000 610.115935
1175.000000 610.386221
1174.000000 610.628859
1173.000000 611.013429
1172.000000 611.488140
1171.000000 611.860639
1170.000000 612.000682
1169.000000 612.128652
1168.000000 612.386482
1167.000000 612.616276
1166.000000 612.886178
1165.000000 613.116364
1164.000000 613.386272
1163.000000 613.616461
1162.000000 613.886373
1161.000000 614.116566
1160.000000 614.386478
1159.000000 614.616282
1158.000000 614.873736
1157.000000 614.989262
1156.000000 615.014651
1155.000000 615.142254
1154.000000 615.502318
1153.000000 615.874454
1152.000000 616.116349
1151.000000 616.374596
1150.000000 616.502211
1149.000000 616.629440
1148.000000 616.875233
1147.000000 617.002856
1146.000000 617.142551
1145.000000 617.502635
1144.000000 617.862333
1143.000000 617.989571
1142.000000 618.002532
1141.000000 618.003426
1140.000000 618.016392
1139.000000 618.143645
1138.000000 618.503359
1137.000000 618.863077
1136.000000 618.990340
1135.000000 619.003321
1134.000000 619.003845
1133.000000 619.003989
1132.000000 619.004909
1131.000000 619.029980
1130.000000 619.259481
1129.000000 619.749478
1128.000000 619.978988
1127.000000 620.004078
1126.000000 620.005030
1125.000000 620.005603
1124.000000 620.018635
1123.000000 620.145958
1122.000000 620.505746
1121.000000 620.865539
1120.000000 620.992879
1119.000000 621.005940
1118.000000 621.006546
1117.000000 621.006766
1116.000000 621.006996
1115.000000 621.008010
1114.000000 621.033177
1113.000000 621.262776
1112.000000 621.752874
1111.000000 621.982488
1110.000000 622.007684
1109.000000 622.008743
1108.000000 622.009033
1107.000000 622.009323
1106.000000 622.009627
1105.000000 622.010330
1104.000000 622.023505
1103.000000 622.150974
1102.000000 622.510911
1101.000000 622.870858
1100.000000 622.998356
1099.000000 623.011579
1098.000000 623.012351
1097.000000 623.012742
1096.000000 623.013141
1095.000000 623.013554
1094.000000 623.014367
1093.000000 623.027266
1092.000000 623.142385
1091.000000 623.387375
1090.000000 623.490058
1089.000000 623.388329
1088.000000 623.144295
1087.000000 623.030132
1086.000000 623.018193
1085.000000 623.018340
1084.000000 623.018891
1083.000000 623.019457
1082.000000 623.019650
1081.000000 623.007783
1080.000000 622.893331
1079.000000 622.636576
1078.000000 622.407872
1077.000000 622.151152
1076.000000 622.036769
1075.000000 622.025005
1074.000000 622.025336
1073.000000 622.026071
1072.000000 622.026441
1071.000000 622.014754
1070.000000 621.900487
1069.000000 621.643922
1068.000000 621.415411
1067.000000 621.158889
1066.000000 621.044708
1065.000000 621.033151
1064.000000 621.033690
1063.000000 621.034253
1062.000000 621.022771
1061.000000 620.909098
1060.000000 620.664815
1059.000000 620.538732
1058.000000 620.412675
1057.000000 620.168472
1056.000000 620.054928
1055.000000 620.043239
1054.000000 620.031579
1053.000000 619.918121
1052.000000 619.674062
1051.000000 619.548207
1050.000000 619.422383
1049.000000 619.178418
1048.000000 619.065116
1047.000000 619.053675
1046.000000 619.042264
1045.000000 618.928675
1044.000000 618.672806
1043.000000 618.445006
1042.000000 618.189210
1041.000000 618.075765
1040.000000 618.064572
1039.000000 618.053421
1038.000000 617.940481
1037.000000 617.696951
1036.000000 617.571635
1035.000000 617.446360
1034.000000 617.202952
1033.000000 617.089832
1032.000000 617.066897
1031.000000 616.953474
1030.000000 616.697778
1029.000000 616.458089
1028.000000 616.087814
1027.000000 615.717586
1026.000000 615.478042
1025.000000 615.222587
1024.000000 615.109501
1023.000000 615.086996
1022.000000 614.974019
1021.000000 614.719161
1020.000000 614.492002
1019.000000 614.224403
1018.000000 613.984894
1017.000000 613.615585
1016.000000 613.258407
1015.000000 613.133742
1014.000000 613.110966
1013.000000 612.986422
1012.000000 612.629482
1011.000000 612.260147
1010.000000 612.009045
1009.000000 611.639446
1008.000000 611.270298
1007.000000 611.031463
1006.000000 610.764278
1005.000000 610.525583
1004.000000 610.157097
1003.000000 609.799982
1002.000000 609.651636
1001.000000 609.412839
1000.000000 608.914008
999.000000 608.573533
998.000000 608.294855
997.000000 608.056357
996.000000 607.688080
995.000000 607.319882
994.000000 607.081623
993.000000 606.803342
992.000000 606.463420
991.000000 605.964917
990.000000 605.714918
989.000000 605.465001
988.000000 604.966368
987.000000 604.614799
986.000000 604.234517
985.000000 603.854318
984.000000 603.502244
983.000000 602.979910
982.000000 602.525422
981.000000 601.991209
980.000000 601.537300
979.000000 601.027422
978.000000 600.778138
977.000000 600.529339
976.000000 600.031832
975.000000 599.680634
974.000000 599.277367
973.000000 598.693918
972.000000 598.082540
971.000000 597.821900
970.000000 597.573052
969.000000 597.064205
968.000000 596.611539
967.000000 596.078770
966.000000 595.625549
965.000000 595.092998
964.000000 594.640004
963.000000 594.107682
962.000000 593.654919
961.000000 593.122830
960.000000 592.670298
959.000000 592.138058
958.000000 591.673697
957.000000 591.039875
956.000000 590.457581
955.000000 590.056074
954.000000 589.694413
953.000000 589.072766
952.000000 588.478895
951.000000 587.963217
950.000000 587.357139
949.000000 586.621329
948.000000 586.015899
947.000000 585.512808
946.000000 585.021533
945.000000 584.518707
944.000000 583.913801
943.000000 583.178396
942.000000 582.561298
941.000000 581.944332
940.000000 581.208942
939.000000 580.592250
938.000000 579.975700
937.000000 579.241112
936.000000 578.636906
935.000000 578.122599
934.000000 577.506604
933.000000 576.670362
932.000000 575.924019
931.000000 575.426623
930.000000 574.692632
929.000000 573.958785
928.000000 573.461819
927.000000 572.716191
926.000000 571.880561
925.000000 571.253392
924.000000 570.625984
923.000000 569.778717
922.000000 568.931597
921.000000 568.304620
920.000000 567.677406
919.000000 566.818653
918.000000 565.869907
917.000000 565.113277
916.000000 564.617285
915.000000 563.873407
914.000000 563.039537
913.000000 562.414127
912.000000 561.788088
911.000000 560.929734
910.000000 559.957634
909.000000 558.985681
908.000000 558.127768
907.000000 557.502457
906.000000 556.877292
905.000000 556.019819
904.000000 555.048594
903.000000 554.077126
902.000000 553.207624
901.000000 552.468512
900.000000 551.599687
899.000000 550.640865
898.000000 549.772326
897.000000 549.033786
896.000000 548.165138
895.000000 547.194422
894.000000 546.212161
893.000000 545.241724
892.000000 544.373634
891.000000 543.635927
890.000000 542.768110
889.000000 541.798216
888.000000 540.816384
887.000000 539.834295
886.000000 538.852339
885.000000 537.870902
884.000000 536.901667
883.000000 536.034773
882.000000 535.298251
881.000000 534.431609
880.000000 533.462878
879.000000 532.482196
878.000000 531.501246
877.000000 530.520412
876.000000 529.539696
875.000004 528.559095
874.000396 527.578600
873.012861 526.597980
872.127538 525.615445
871.372462 524.630408
870.487139 523.648031
869.499604 522.667785
868.499996 521.687883
867.500000 520.708090
866.500000 519.728396
865.500000 518.748799
864.500000 517.769297
863.500004 516.789887
862.500396 515.810559
861.512861 514.831067
860.627538 513.849523
859.872462 512.865315
858.987143 511.883891
858.000000 510.904675
857.012857 509.925534
856.127538 508.944301
855.372465 507.960353
854.487535 506.979214
853.512469 506.000057
852.627930 505.019018
851.885322 504.034973
851.114681 503.051565
850.372462 502.067577
849.499996 501.086437
848.627143 500.105345
847.872458 499.121724
846.987147 498.140972
846.000396 497.162466
845.025718 496.183736
844.255076 495.200580
843.744924 494.211741
842.974282 493.228619
841.999608 492.249992
841.013249 491.271647
840.140399 490.290831
839.500000 489.304916
838.859605 488.319010
837.987139 487.338222
837.012465 486.359697
836.127930 485.379196
835.385322 484.395570
834.614681 483.412566
833.872462 482.428936
832.999996 481.448178
832.127146 480.467426
831.372854 479.484055
830.500000 478.503291
829.627146 477.522517
828.872857 476.539122
828.000396 475.558315
827.140007 474.577225
826.500396 473.591271
825.872861 472.605040
825.127545 471.621385
824.513260 470.635628
824.013656 469.672280
823.642848 468.939556
