624.357152 468.452837
623.986344 469.183786
623.486740 470.144765
622.872455 471.127644
622.127139 472.107858
621.499604 473.091237
620.859993 474.074327
619.999604 475.051632
619.127143 476.028682
618.372854 477.008896
617.500000 477.986067
616.627146 478.963312
615.872854 479.943710
615.000004 480.921104
614.127538 481.898592
613.385319 482.879509
612.614678 483.859765
611.872070 484.840807
610.987535 485.818317
610.012861 486.793653
609.140395 487.771682
608.500000 488.755621
607.859601 489.739619
606.986751 490.717903
606.000392 491.693496
605.025718 492.669522
604.255076 493.650670
603.744924 494.638241
602.974282 495.619546
601.999604 496.596038
601.012853 497.572399
600.127542 498.551328
599.372857 499.533473
598.500004 500.512945
597.627538 501.492561
596.885319 502.475327
596.114678 503.457538
595.372070 504.440500
594.487531 505.420340
593.512465 506.398286
592.627535 507.378426
591.872462 508.361601
590.987143 509.342014
590.000000 510.320356
589.012857 511.298891
588.127538 512.279805
587.372462 513.263653
586.487139 514.244864
585.499604 515.224094
584.499996 516.203275
583.500000 517.182657
582.500000 518.162248
581.500000 519.142050
580.500000 520.122065
579.500004 521.102294
578.500396 522.082745
577.512861 523.063643
576.627538 524.046697
575.872462 525.032380
574.987139 526.015752
573.999604 526.997405
572.999996 527.979051
572.000000 528.960910
571.000000 529.942988
570.000000 530.925286
569.000000 531.907801
568.000000 532.890147
567.000000 533.860641
566.000000 534.729143
565.000000 535.467619
564.000000 536.336561
563.000000 537.307935
562.000000 538.291602
561.000000 539.275876
560.000000 540.260368
559.000000 541.244690
558.000000 542.217156
557.000000 543.087625
556.000000 543.828065
555.000000 544.698965
554.000000 545.672288
553.000000 546.657509
552.000000 547.631257
551.000000 548.503008
550.000000 549.244718
549.000000 550.116495
548.000000 551.078618
547.000000 551.950808
546.000000 552.693345
545.000000 553.566332
544.000000 554.541341
543.000000 555.516162
542.000000 556.377285
541.000000 557.006150
540.000000 557.635212
539.000000 558.496922
538.000000 559.472719
537.000000 560.448706
536.000000 561.310989
535.000000 561.940998
534.000000 562.570415
533.000000 563.408329
532.000000 564.156285
531.000000 564.656387
530.000000 565.417160
529.000000 566.370076
528.000000 567.233027
527.000000 567.864465
526.000000 568.495689
525.000000 569.347079
524.000000 570.198635
523.000000 570.830352
522.000000 571.461846
521.000000 572.301818
520.000000 573.051801
519.000000 573.553133
518.000000 574.291358
517.000000 575.029735
516.000000 575.531525
515.000000 576.282267
514.000000 577.122913
513.000000 577.743315
512.000000 578.262031
511.000000 578.870646
510.000000 579.609641
509.000000 580.230595
508.000000 580.851687
507.000000 581.591473
506.000000 582.212827
505.000000 582.834305
504.000000 583.574082
503.000000 584.183349
502.000000 584.690525
501.000000 585.186136
500.000000 585.693549
499.000000 586.303288
498.000000 587.043390
497.000000 587.653742
496.000000 588.173677
495.000000 588.771786
494.000000 589.397651
493.000000 589.763508
492.000000 590.169190
491.000000 590.755636
490.000000 591.393587
489.000000 591.862052
488.000000 592.398371
487.000000 592.854955
486.000000 593.391070
485.000000 593.847832
484.000000 594.384124
483.000000 594.841060
482.000000 595.377523
481.000000 595.834626
480.000000 596.371246
479.000000 596.827733
478.000000 597.340368
477.000000 597.592972
476.000000 597.857336
475.000000 598.472404
474.000000 599.059510
473.000000 599.466399
472.000000 599.821186
471.000000 600.322245
470.000000 600.574563
469.000000 600.827330
468.000000 601.340654
467.000000 601.797974
466.000000 602.335562
465.000000 602.793388
464.000000 603.319023
463.000000 603.674362
462.000000 604.057788
461.000000 604.441260
460.000000 604.795982
459.000000 605.297730
458.000000 605.550725
457.000000 605.803764
456.000000 606.305269
455.000000 606.648156
454.000000 606.929363
453.000000 607.170512
452.000000 607.541561
451.000000 607.912651
450.000000 608.153925
449.000000 608.435341
448.000000 608.778517
447.000000 609.280010
446.000000 609.521433
445.000000 609.672367
444.000000 610.032033
443.000000 610.403033
442.000000 610.644204
441.000000 610.913830
440.000000 611.155069
439.000000 611.526584
438.000000 611.898514
437.000000 612.151911
436.000000 612.523505
435.000000 612.882669
434.000000 613.009401
433.000000 613.034331
432.000000 613.161114
431.000000 613.520376
430.000000 613.891735
429.000000 614.133259
428.000000 614.402839
427.000000 614.631946
426.000000 614.888719
425.000000 615.003578
424.000000 615.027933
423.000000 615.142835
422.000000 615.400074
421.000000 615.641372
420.000000 616.013321
419.000000 616.385288
418.000000 616.626637
417.000000 616.883962
416.000000 616.998985
415.000000 617.023490
414.000000 617.138150
413.000000 617.383070
412.000000 617.509827
411.000000 617.636598
410.000000 617.881555
409.000000 617.995893
408.000000 618.008416
407.000000 618.020954
406.000000 618.135716
405.000000 618.392805
404.000000 618.621870
403.000000 618.878980
402.000000 618.993784
401.000000 619.006385
400.000000 619.018992
399.000000 619.133436
398.000000 619.378520
397.000000 619.505439
396.000000 619.632366
395.000000 619.877474
394.000000 619.991959
393.000000 620.004623
392.000000 620.017295
391.000000 620.131801
390.000000 620.376945
389.000000 620.503922
388.000000 620.630905
387.000000 620.876068
386.000000 620.990602
385.000000 621.002925
384.000000 621.003184
383.000000 621.003449
382.000000 621.015792
381.000000 621.130740
380.000000 621.388012
379.000000 621.617255
378.000000 621.874536
377.000000 621.989502
376.000000 622.001871
375.000000 622.002168
374.000000 622.002084
373.000000 622.002388
372.000000 622.014772
371.000000 622.129760
370.000000 622.387070
369.000000 622.616351
368.000000 622.873667
367.000000 622.988668
366.000000 623.001071
365.000000 623.001399
364.000000 623.001342
363.000000 623.001287
362.000000 623.001623
361.000000 623.014034
360.000000 623.128657
359.000000 623.373139
358.000000 623.475304
357.000000 623.373046
356.000000 623.128471
355.000000 623.013756
354.000000 623.001251
353.000000 623.000820
352.000000 623.000780
351.000000 623.000745
350.000000 623.000708
349.000000 623.000280
348.000000 622.987392
347.000000 622.860220
346.000000 622.500591
345.000000 622.140963
344.000000 622.013795
343.000000 622.000913
342.000000 622.000493
341.000000 622.000467
340.000000 622.000446
339.000000 622.000418
338.000000 621.999614
337.000000 621.974665
336.000000 621.745292
335.000000 621.255428
334.000000 621.026056
333.000000 621.001110
332.000000 621.000311
331.000000 621.000289
330.000000 621.000272
329.000000 620.999863
328.000000 620.986994
327.000000 620.859839
326.000000 620.500227
325.000000 620.140615
324.000000 620.013462
323.000000 620.000595
322.000000 620.000183
321.000000 619.999386
320.000000 619.974447
319.000000 619.745084
318.000000 619.255229
317.000000 619.025866
316.000000 619.000929
315.000000 619.000138
314.000000 619.000121
313.000000 618.999719
312.000000 618.986856
311.000000 618.859708
310.000000 618.500102
309.000000 618.140495
308.000000 618.013348
307.000000 618.000483
306.000000 617.999687
305.000000 617.986822
304.000000 617.859676
303.000000 617.500067
302.000000 617.140071
301.000000 617.000460
300.000000 616.872918
299.000000 616.627204
298.000000 616.500051
297.000000 616.372510
296.000000 616.114335
295.000000 615.872508
294.000000 615.500440
293.000000 615.140441
292.000000 615.012900
291.000000 614.987573
290.000000 614.872105
289.000000 614.614708
288.000000 614.384959
287.000000 614.115100
286.000000 613.884959
285.000000 613.615097
284.000000 613.384956
283.000000 613.115094
282.000000 612.884954
281.000000 612.615095
280.000000 612.385343
279.000000 612.127554
278.000000 611.999623
277.000000 611.859619
276.000000 611.487156
275.000000 611.012481
274.000000 610.627945
273.000000 610.385340
272.000000 610.115087
271.000000 609.884939
270.000000 609.614690
269.000000 609.372473
268.000000 609.000007
267.000000 608.627153
266.000000 608.372471
265.000000 607.987544
264.000000 607.512473
263.000000 607.127546
262.000000 606.872865
261.000000 606.500007
260.000000 606.127153
259.000000 605.872860
258.000000 605.500006
257.000000 605.127148
256.000000 604.872467
255.000000 604.487540
254.000000 604.012470
253.000000 603.627539
252.000000 603.372466
251.000000 602.987143
250.000000 602.499612
249.000000 602.000396
248.000000 601.512864
247.000000 601.127541
246.000000 600.872465
245.000000 600.487142
244.000000 599.999611
243.000000 599.500391
242.000000 599.012471
241.000000 598.615072
240.000000 598.257391
239.000000 597.729361
238.000000 597.257786
237.000000 596.627928
236.000000 596.139616
235.000000 595.860387
234.000000 595.372071
233.000000 594.741822
232.000000 594.257785
231.000000 593.615467
230.000000 593.024938
229.000000 592.615463
228.000000 592.257397
227.000000 591.729748
226.000000 591.269858
225.000000 590.730140
224.000000 590.269858
223.000000 589.729748
222.000000 589.257393
221.000000 588.615070
220.000000 588.012466
219.000000 587.500001
218.000000 586.987536
217.000000 586.384927
216.000000 585.742216
215.000000 585.257781
214.000000 584.614678
213.000000 583.999608
212.000000 583.372851
211.000000 582.627147
210.000000 582.000000
209.000000 581.372858
208.000000 580.627539
207.000000 580.012465
206.000000 579.487535
205.000000 578.872462
204.000000 578.127143
203.000000 577.500000
202.000000 576.872854
201.000000 576.127146
200.000000 575.500000
199.000000 574.872854
198.000000 574.127143
197.000000 573.499604
196.000000 572.859993
195.000000 571.999608
194.000000 571.127538
193.000000 570.385715
192.000000 569.627538
191.000000 568.999604
190.000000 568.359601
189.000000 567.487143
188.000000 566.512857
187.000000 565.640395
186.000000 565.000000
185.000000 564.359605
184.000000 563.487139
183.000000 562.512461
182.000000 561.627538
181.000000 560.872857
180.000000 560.000000
179.000000 559.127146
178.000000 558.372854
177.000000 557.500000
176.000000 556.627143
175.000000 555.872458
174.000000 554.987139
173.000000 553.999604
172.000000 552.999996
171.000000 552.000004
170.000000 551.000396
169.000000 550.012861
168.000000 549.127538
167.000000 548.372462
166.000000 547.487143
165.000000 546.500000
164.000000 545.512857
163.000000 544.627538
162.000004 543.872462
161.000396 542.987139
160.012861 541.999604
159.127538 540.999996
158.372462 540.000000
157.487139 539.000000
156.499604 538.000000
155.499996 537.000000
154.500000 536.000000
153.500004 535.000000
152.500396 534.000000
151.512861 533.000000
150.627542 532.000000
149.872857 531.000000
149.000000 530.000000
148.127143 529.000000
147.372462 528.000000
146.487535 527.000000
145.512469 526.000000
144.627930 525.000000
143.885322 524.000000
143.114681 523.000000
142.372465 522.000000
141.500392 521.000000
140.640003 520.000000
140.000004 519.000000
139.360392 518.000000
138.512465 517.000000
137.754677 516.000000
137.244927 515.000000
136.475070 514.000000
135.524930 513.000000
134.755073 512.000000
134.245323 511.000000
133.487535 510.000000
132.639611 509.000000
132.000392 508.000000
131.372857 507.000000
130.627146 506.000000
129.999996 505.000000
129.372462 504.000000
128.614681 503.000000
127.885322 502.000000
127.127934 501.000000
126.512861 500.000000
126.000000 499.000000
125.487143 498.000000
124.872458 497.000000
124.127143 496.000000
123.500000 495.000000
122.872857 494.000000
122.127542 493.000000
121.512861 492.000000
121.000392 491.000000
120.499612 490.000000
119.987531 489.000000
119.384927 488.000000
118.742216 487.000000
118.257784 486.000000
117.615073 485.000000
117.012469 484.000000
116.500388 483.000000
115.999612 482.000000
115.487531 481.000000
114.884930 480.000000
114.242608 479.000000
113.770253 478.000000
113.230143 477.000000
112.769861 476.000000
112.230143 475.000000
111.770253 474.000000
111.242608 473.000000
110.884930 472.000000
110.487535 471.000000
110.000000 470.000000
109.512465 469.000000
109.115070 468.000000
108.757392 467.000000
108.229747 466.000000
107.769857 465.000000
107.230143 464.000000
106.770253 463.000000
106.242611 462.000000
105.885326 461.000000
105.500392 460.000000
105.127150 459.000000
104.872850 458.000000
104.499608 457.000000
104.114678 456.000000
103.757781 455.000000
103.242219 454.000000
102.885319 453.000000
102.500000 452.000000
102.114681 451.000000
101.757781 450.000000
101.242219 449.000000
100.885322 448.000000
100.500392 447.000000
100.127150 446.000000
99.872850 445.000000
99.499608 444.000000
99.114681 443.000000
98.758176 442.000000
98.255076 441.000000
98.012469 440.000000
97.860392 439.000000
97.500004 438.000000
97.140000 437.000000
97.000000 436.000000
96.859997 435.000000
96.499604 434.000000
96.127143 433.000000
95.872857 432.000000
95.500399 431.000000
95.140399 430.000000
95.012857 429.000000
94.987143 428.000000
94.859601 427.000000
94.499601 426.000000
94.127143 425.000000
93.872857 424.000000
93.500399 423.000000
93.140402 422.000000
93.013253 421.000000
93.000000 420.000000
92.986747 419.000000
92.859601 418.000000
92.500000 417.000000
92.140392 416.000000
92.012465 415.000000
91.974678 414.000000
91.744927 413.000000
91.255073 412.000000
91.025326 411.000000
90.987927 410.000000
90.872073 409.000000
90.614678 408.000000
90.385322 407.000000
90.127930 406.000000
90.012469 405.000000
89.987531 404.000000
89.872070 403.000000
89.614678 402.000000
89.385322 401.000000
89.127934 400.000000
89.012861 399.000000
89.000000 398.000000
88.987139 397.000000
88.872066 396.000000
88.614678 395.000000
88.385322 394.000000
88.127934 393.000000
88.012864 392.000000
88.000392 391.000000
87.999608 390.000000
87.987136 389.000000
87.872066 388.000000
87.614678 387.000000
87.385322 386.000000
87.127934 385.000000
87.012861 384.000000
87.000000 383.000000
86.987143 382.000000
86.872458 381.000000
86.627143 380.000000
86.500000 379.000000
86.372857 378.000000
86.127542 377.000000
86.012861 376.000000
86.000392 375.000000
85.999608 374.000000
85.987139 373.000000
85.872462 372.000000
85.627535 371.000000
85.512465 370.000000
85.487535 369.000000
85.372465 368.000000
85.127538 367.000000
85.012857 366.000000
85.000000 365.000000
84.987143 364.000000
84.872462 363.000000
84.627538 362.000000
84.512861 361.000000
84.500392 360.000000
84.499608 359.000000
84.487139 358.000000
84.372462 357.000000
84.127538 356.000000
84.012864 355.000000
84.000791 354.000000
84.012864 353.000000
84.127538 352.000000
84.372462 351.000000
84.487139 350.000000
84.499604 349.000000
84.499996 348.000000
84.500000 347.000000
84.500000 346.000000
84.500004 345.000000
84.500399 344.000000
84.513256 343.000000
84.640399 342.000000
85.000000 341.000000
85.359601 340.000000
85.486744 339.000000
85.499601 338.000000
85.499996 337.000000
85.500004 336.000000
85.500396 335.000000
85.512864 334.000000
85.627934 333.000000
85.885322 332.000000
86.114678 331.000000
86.372066 330.000000
86.487136 329.000000
86.499604 328.000000
86.500000 327.000000
86.500399 326.000000
86.513256 325.000000
86.640399 324.000000
87.000000 323.000000
87.359601 322.000000
87.486744 321.000000
87.499604 320.000000
87.500396 319.000000
87.513256 318.000000
87.640399 317.000000
88.000000 316.000000
88.359601 315.000000
88.486744 314.000000
88.499601 313.000000
88.500004 312.000000
88.500791 311.000000
88.525721 310.000000
88.755076 309.000000
89.244924 308.000000
89.474279 307.000000
89.499209 306.000000
89.499996 305.000000
89.500399 304.000000
89.513256 303.000000
89.640399 302.000000
90.000000 301.000000
90.359601 300.000000
90.486747 299.000000
90.500000 298.000000
90.513253 297.000000
90.640402 296.000000
91.000399 295.000000
91.372857 294.000000
91.627143 293.000000
91.999601 292.000000
92.359598 291.000000
92.486744 290.000000
92.499608 289.000000
92.500788 288.000000
92.525721 287.000000
92.755076 286.000000
93.244927 285.000000
93.474674 284.000000
93.512073 283.000000
93.627927 282.000000
93.885326 281.000000
94.115077 280.000000
94.385322 279.000000
94.627538 278.000000
95.000000 277.000000
95.372462 276.000000
95.614678 275.000000
95.884927 274.000000
96.115070 273.000000
96.384930 272.000000
96.615070 271.000000
96.884934 270.000000
97.115465 269.000000
97.397791 268.000000
97.742608 267.000000
98.257392 266.000000
98.602213 265.000000
98.884927 264.000000
99.127535 263.000000
99.500000 262.000000
99.872465 261.000000
100.115073 260.000000
100.397787 259.000000
100.742611 258.000000
101.257788 257.000000
101.615070 256.000000
102.012069 255.000000
102.487139 254.000000
102.859997 253.000000
103.012465 252.000000
103.255076 251.000000
103.758180 250.000000
104.115077 249.000000
104.512465 248.000000
105.000000 247.000000
105.487539 246.000000
105.885322 245.000000
106.255073 244.000000
106.884930 243.000000
107.475066 242.000000
107.884535 241.000000
108.242212 240.000000
108.757784 239.000000
109.115073 238.000000
109.512469 237.000000
110.000392 236.000000
110.500000 235.000000
110.999608 234.000000
111.487535 233.000000
111.885322 232.000000
112.255076 231.000000
112.885322 230.000000
113.487535 229.000000
113.999608 228.000000
114.499996 227.000000
115.000000 226.000000
115.500004 225.000000
116.000396 224.000000
116.512861 223.000000
117.127538 222.000000
117.872462 221.000000
118.487139 220.000000
118.999604 219.000000
119.500000 218.000000
120.000396 217.000000
120.512861 216.000000
121.127542 215.000000
121.872854 214.000000
122.499608 213.000000
123.114678 212.000000
123.757784 211.000000
124.242611 210.000000
124.897787 209.000000
125.615070 208.000000
126.372073 207.000000
126.987531 206.000000
127.512465 205.000000
128.127538 204.000000
128.872857 203.000000
129.500000 202.000000
130.127146 201.000000
130.872857 200.000000
131.500392 199.000000
132.139611 198.000000
132.987535 197.000000
133.745319 196.000000
134.254684 195.000000
135.012857 194.000000
135.872857 193.000000
136.614685 192.000000
137.385319 191.000000
138.127538 190.000000
139.000000 189.000000
139.872462 188.000000
140.614681 187.000000
141.385322 186.000000
142.127934 185.000000
143.012861 184.000000
144.000000 183.000000
144.987139 182.000000
145.872066 181.000000
146.614678 180.000000
147.385319 179.000000
148.127538 178.000000
149.000004 177.000000
149.872854 176.000000
150.627146 175.000000
151.500000 174.000000
152.372857 173.000000
153.127542 172.000000
154.012861 171.000000
155.000396 170.000000
156.000004 169.000000
157.000000 168.000000
158.000000 167.000000
158.999996 166.000000
159.999604 165.000000
160.987139 164.000004
161.872462 163.000396
162.627538 162.012861
163.512861 161.127538
164.500396 160.372462
165.500004 159.487139
166.500000 158.499604
167.500000 157.499996
168.500000 156.500000
169.500000 155.500004
170.500000 154.500396
171.500000 153.512861
172.500000 152.627538
173.500000 151.872465
174.500000 150.987535
175.500000 150.012469
176.500000 149.127930
177.500000 148.385322
178.500000 147.614678
179.500000 146.872070
180.500000 145.987531
181.500000 145.012469
182.500000 144.127930
183.500000 143.385326
184.500000 142.615073
185.500000 141.884930
186.500000 141.115070
187.500000 140.384927
188.500000 139.614678
189.500000 138.872462
190.500000 138.000000
191.500000 137.127538
192.500000 136.385319
193.500000 135.614685
194.500000 134.872858
195.500000 134.012857
196.500000 133.254681
197.500000 132.744927
198.500000 131.975070
199.500000 131.024934
200.500000 130.255469
201.500000 129.758184
202.500000 129.115077
203.500000 128.512465
204.500000 127.999997
205.500000 127.487143
206.500000 126.872458
207.500000 126.127143
208.500000 125.500000
209.500000 124.872854
210.500000 124.127150
211.500000 123.500392
212.500000 122.885323
213.500000 122.242220
214.500000 121.757781
215.500000 121.114682
216.500000 120.500000
217.500000 119.885319
218.500000 119.242220
219.500000 118.757785
220.500000 118.115074
221.500000 117.512466
222.500000 117.000001
223.500000 116.487536
224.500000 115.884931
225.500000 115.242612
226.500000 114.770646
227.500000 114.242612
228.500000 113.884928
229.500000 113.487137
230.500000 112.986752
231.500000 112.372851
232.500000 111.640008
233.500000 111.127932
234.500000 110.757789
235.500000 110.229756
236.500000 109.770251
237.500000 109.242610
238.500000 108.884932
239.500000 108.487533
240.500000 107.999614
241.500000 107.500394
242.500000 107.012859
243.500000 106.627145
244.500000 106.359607
245.500000 105.860000
246.500000 105.140006
247.500000 104.640402
248.500000 104.373253
249.500000 103.999615
250.500000 103.614681
251.500000 103.257785
252.500000 102.742224
253.500000 102.385327
254.500000 102.000397
255.500000 101.627151
256.500000 101.372464
257.500000 100.987149
258.500000 100.500003
259.500000 100.012472
260.500000 99.615084
261.500000 99.258191
262.500000 98.755476
263.500000 98.524942
264.500000 98.475079
265.500000 98.244933
266.500000 97.754295
267.500000 97.500007
268.500000 97.245327
269.500000 96.741839
270.500000 96.385335
271.500000 96.000801
272.500000 95.640021
273.500000 95.500014
274.500000 95.360016
275.500000 95.000013
276.500000 94.639625
277.500000 94.487553
278.500000 94.245335
279.500000 93.754309
280.500000 93.500021
281.500000 93.245734
282.500000 92.754712
283.500000 92.512882
284.500000 92.372884
285.500000 92.114713
286.500000 91.885345
287.500000 91.627174
288.500000 91.487176
289.500000 91.245354
290.500000 90.755113
291.500000 90.525364
292.500000 90.487968
293.500000 90.372116
294.500000 90.114723
295.500000 89.885370
296.500000 89.627981
297.500000 89.512522
298.500000 89.487587
299.500000 89.372129
300.500000 89.114740
301.500000 88.885384
302.500000 88.627604
303.500000 88.499681
304.500000 88.360073
305.500000 88.000084
306.500000 87.640480
307.500000 87.512950
308.500000 87.487633
309.500000 87.372561
310.500000 87.127247
311.500000 87.000110
312.500000 86.872973
313.500000 86.627660
314.500000 86.512593
315.500000 86.487669
316.500000 86.372607
317.500000 86.127683
318.500000 86.012621
319.500000 85.987699
320.500000 85.872634
321.500000 85.627324
322.500000 85.500191
323.500000 85.373058
324.500000 85.127752
325.500000 85.013082
326.500000 85.000624
327.500000 84.999852
328.500000 84.987396
329.500000 84.872727
330.500000 84.627425
331.500000 84.500297
332.500000 84.373169
333.500000 84.127868
334.500000 84.013203
335.500000 84.000752
336.500000 83.999985
337.500000 83.987535
338.500000 83.872873
339.500000 83.627578
340.500000 83.500456
341.500000 83.373336
342.500000 83.128043
343.500000 83.013386
344.500000 83.000947
345.500000 83.000581
346.500000 83.000605
347.500000 83.000630
348.500000 83.000268
349.500000 82.987831
350.499996 82.872794
351.499601 82.615440
352.486740 82.386120
353.367738 82.030610
354.508795 76.198869
355.500399 81.902944
356.500004 82.000958
357.500000 82.001003
358.500000 82.001049
359.500000 82.001097
360.500000 82.001148
361.500000 82.001200
362.500000 82.001255
363.500000 82.001312
364.500000 82.001372
365.500000 82.001438
366.500000 82.001895
367.500000 82.014431
368.500000 82.129571
369.500000 82.387033
370.500000 82.616464
371.500000 82.873932
372.500000 82.989085
373.500000 83.001640
374.500000 83.002122
375.500000 83.002219
376.500000 83.002320
377.500000 83.002813
378.500000 83.015387
379.500000 83.130567
380.500000 83.388070
381.500000 83.617544
382.500000 83.875056
383.500000 83.990254
384.500000 84.002856
385.500000 84.003387
386.500000 84.003539
387.500000 84.004085
388.500000 84.017098
389.500000 84.144403
390.500000 84.504172
391.500000 84.863949
392.500000 84.991273
393.500000 85.004319
394.500000 85.004915
395.500000 85.005514
396.500000 85.018194
397.500000 85.133483
398.500000 85.391100
399.500000 85.620691
400.500000 85.878325
401.500000 85.993650
402.500000 86.006386
403.500000 86.007444
404.500000 86.020197
405.500000 86.135173
406.500000 86.380794
407.500000 86.508253
408.500000 86.635724
409.500000 86.881384
410.500000 86.996809
411.500000 87.022105
412.500000 87.137557
413.500000 87.383272
414.500000 87.511212
415.500000 87.651241
416.500000 88.011673
417.500000 88.372121
418.500000 88.512195
419.500000 88.640216
420.500000 88.886427
421.500000 89.014095
422.500000 89.142168
423.500000 89.400894
424.500000 89.643291
425.500000 90.015953
426.500000 90.376951
427.500000 90.517195
428.500000 90.645388
429.500000 90.891776
430.500000 91.019622
431.500000 91.147494
432.500000 91.394341
433.500000 91.534724
434.500000 91.777344
435.500000 92.268799
436.500000 92.511476
437.500000 92.652353
438.500000 92.911432
439.500000 93.141737
440.500000 93.400875
441.500000 93.541874
442.500000 93.785118
443.500000 94.288886
444.500000 94.634408
445.500000 94.917859
446.500000 95.149557
447.500000 95.421010
448.500000 95.664466
449.500000 96.038595
450.500000 96.424836
451.500000 96.783087
452.500000 97.300044
453.500000 97.658376
454.500000 98.044399
455.500000 98.407094
456.500000 98.560748
457.500000 98.804974
458.500000 99.309740
459.500000 99.667960
460.500000 100.054651
461.500000 100.429714
462.500000 100.686271
463.500000 101.073510
464.500000 101.562631
465.500000 102.051809
466.500000 102.439217
467.500000 102.696057
468.500000 103.071516
469.500000 103.458721
470.500000 103.817956
471.500000 104.335920
472.500000 104.695290
473.500000 105.083145
474.500000 105.471074
475.500000 105.831040
476.500000 106.361431
477.500000 106.824144
478.500000 107.366757
479.500000 107.829623
480.500000 108.360322
481.500000 108.721134
482.500000 109.121750
483.500000 109.612973
484.500000 110.115971
485.500000 110.619440
486.500000 111.123001
487.500000 111.626650
488.500000 112.130006
489.500000 112.621771
490.500000 113.023493
491.500000 113.397279
492.500000 114.031657
493.500000 114.638107
494.500000 115.154905
495.500000 115.671812
496.500000 116.278965
497.500000 116.925946
498.500000 117.403074
499.500000 117.948454
500.500000 118.425806
501.500000 119.072854
502.500000 119.668618
503.500000 120.084224
504.500000 120.471919
505.500000 121.210375
506.500000 121.961026
507.500000 122.463391
508.500000 123.112867
509.500000 123.733672
510.500000 124.354609
511.500000 125.004102
512.500000 125.495073
513.500000 126.144849
514.500000 126.766735
515.500000 127.400451
516.500000 128.152872
517.500000 128.774815
518.500000 129.295085
519.500000 129.815894
520.500000 130.450371
521.500000 131.305779
522.500000 132.071596
523.500000 132.589155
524.500000 133.355301
525.500000 134.211755
526.500000 134.860058
527.500000 135.508529
528.500000 136.365493
529.500000 137.132490
530.500000 137.651628
531.500000 138.431436
532.500000 139.403390
533.500000 140.285386
534.500000 140.935883
535.500000 141.586569
536.500000 142.469511
537.500000 143.454850
538.500000 144.350240
539.500000 145.103895
540.500000 145.885776
541.500000 146.639427
542.500000 147.523132
543.500000 148.395351
544.500000 149.047388
545.500000 149.700014
546.500000 150.585298
547.500000 151.584295
548.500000 152.571813
549.500000 153.355504
550.500000 153.878915
551.500000 154.663027
552.500000 155.651771
553.500000 156.664480
554.500000 157.665718
555.500000 158.552890
556.500000 159.207815
557.500000 159.862566
558.500000 160.737919
559.500000 161.625562
560.500000 162.395638
561.500000 163.296567
562.500000 164.299542
563.500000 165.302736
564.500000 166.204325
565.500000 166.975892
566.500000 167.877925
567.500000 168.882391
568.500000 169.899150
569.500000 170.916518
570.500000 171.934109
571.500000 172.951921
572.500000 173.969953
573.500000 174.988205
574.500000 176.006675
575.500000 177.025364
576.500000 178.044271
577.500000 179.063396
578.500000 180.082737
579.500000 181.102294
580.500000 182.122065
581.500000 183.142050
582.500000 184.162248
583.499996 185.182657
584.499604 186.203267
585.487136 187.223832
586.372066 188.242432
587.114678 189.258165
587.885322 190.274611
588.627934 191.290573
589.512861 192.309739
590.500000 193.331303
591.487143 194.353058
592.372458 195.372730
593.127143 196.389620
594.000000 197.409290
594.872857 198.429104
595.627542 199.446350
596.512857 200.466717
597.500000 201.489593
598.487143 202.512644
599.372458 203.533463
600.127143 204.551318
601.000000 205.572091
601.872854 206.592992
602.627146 207.611156
603.500000 208.632290
604.372857 209.653545
605.127538 210.672020
606.012465 211.693794
606.987535 212.717922
607.872462 213.739940
608.627143 214.758806
609.500000 215.780725
610.372854 216.802748
611.127146 217.821860
612.000000 218.844068
612.872857 219.866372
613.627538 220.885730
614.512465 221.908514
615.487531 222.933721
616.372070 223.956676
617.114678 224.976012
617.885322 225.996135
618.627930 227.015581
619.512465 228.038810
620.487139 229.064485
621.359605 230.087533
622.000000 231.104488
622.640399 232.121475
623.513249 233.144673
624.499608 234.170947
625.474282 235.196967
626.244924 236.217576
626.755076 237.231235
627.525721 238.251892
628.500784 239.278063
629.499216 240.304896
630.474279 241.331128
631.244924 242.351877
631.755076 243.365619
632.525721 244.386384
633.500788 245.412666
634.499612 246.439590
635.487136 247.466207
636.372066 248.490051
637.114678 249.510051
637.885322 250.530793
638.627934 251.550766
639.512861 252.574543
640.499996 253.601032
641.486747 254.627467
642.359601 255.650809
643.000000 256.667907
643.640395 257.684979
644.512861 258.708192
645.487535 259.734059
646.372070 260.757468
647.114678 261.777068
647.885322 262.797354
648.627934 263.816847
649.512861 264.840000
650.500000 265.865725
651.487139 266.891336
652.372066 267.914192
653.114678 268.933292
653.885322 269.953033
654.627930 270.971976
655.512469 271.994430
656.487531 273.019042
657.372070 274.041236
658.114678 275.059766
658.885322 276.078894
659.627930 277.097223
660.512465 278.118920
661.487139 279.142654
662.359605 280.163738
663.000000 281.179114
663.640399 282.194402
664.513249 283.215094
665.499608 284.238274
666.474282 285.260959
667.244924 286.278736
667.755076 287.290425
668.525721 288.307957
669.500791 289.329925
670.500007 290.352180
671.500000 291.374186
672.500000 292.395917
673.500000 293.417363
674.500000 294.438131
675.500000 295.446526
676.500000 296.352010
677.500000 297.114085
678.500000 297.879338
679.500000 298.399344
680.500000 298.686166
681.500000 299.090432
682.500000 299.584107
683.500000 299.987288
684.500000 300.260252
685.500000 300.662716
686.500000 301.154950
687.500000 301.556671
688.500000 301.828151
689.500000 302.229106
690.500000 302.719810
691.500000 303.119973
692.500000 303.389488
693.500000 303.776772
694.500000 304.163644
695.500000 304.431924
696.500000 304.830413
697.500000 305.330302
698.500000 305.829760
699.500000 306.226953
700.500000 306.493075
701.500000 306.876926
702.500000 307.260324
703.500000 307.524708
704.500000 307.907197
705.500000 308.289226
706.500000 308.552232
707.500000 308.933332
708.500000 309.313966
709.500000 309.575956
710.500000 309.968101
711.500000 310.461597
712.500000 310.954614
713.500000 311.345320
714.500000 311.604913
715.500000 311.982192
716.500000 312.358985
717.500000 312.617112
718.500000 313.004995
719.500000 313.482530
720.500000 313.869430
721.500000 314.125584
722.500000 314.498638
723.500000 314.846271
724.500000 314.846271
725.500000 314.498638
726.500000 314.125584
727.500000 313.869430
728.500000 313.482530
729.500000 313.004995
730.500000 312.617112
731.500000 312.358985
732.500000 311.982192
733.500000 311.604913
734.500000 311.345320
735.500000 310.954614
736.500000 310.461597
737.500000 309.968101
738.500000 309.575956
739.500000 309.313966
740.500000 308.933332
741.500000 308.552232
742.500000 308.289226
743.500000 307.907197
744.500000 307.524708
745.500000 307.260324
746.500000 306.876926
747.500000 306.493075
748.500000 306.226953
749.500000 305.829760
750.500000 305.330302
751.500000 304.830413
752.500000 304.431924
753.500000 304.163644
754.500000 303.776772
755.500000 303.389488
756.500000 303.119973
757.500000 302.719810
758.500000 302.229106
759.500000 301.828151
760.500000 301.556671
761.500000 301.154950
762.500000 300.662716
763.500000 300.260252
764.500000 299.987288
765.500000 299.584107
766.500000 299.090432
767.500000 298.686166
768.500000 298.399344
769.500000 297.879338
770.500000 297.114085
771.500000 296.352010
772.500000 295.446526
773.500000 294.438131
774.500000 293.417363
775.500000 292.395917
776.500000 291.374186
777.499993 290.352180
778.499209 289.329925
779.474279 288.307957
780.244924 287.290425
780.755076 286.278736
781.525718 285.260959
782.500392 284.238274
783.486751 283.215094
784.359601 282.194402
785.000000 281.179114
785.640395 280.163738
786.512861 279.142654
787.487535 278.118920
788.372070 277.097223
789.114678 276.078894
789.885322 275.059766
790.627930 274.041236
791.512469 273.019042
792.487531 271.994430
793.372070 270.971976
794.114678 269.953033
794.885322 268.933292
795.627934 267.914192
796.512861 266.891336
797.500000 265.865725
798.487139 264.840000
799.372066 263.816847
800.114678 262.797354
800.885322 261.777068
801.627930 260.757468
802.512465 259.734059
803.487139 258.708192
804.359605 257.684979
805.000000 256.667907
805.640399 255.650809
806.513253 254.627467
807.500004 253.601032
808.487139 252.574543
809.372066 251.550766
810.114678 250.530793
810.885322 249.510051
811.627934 248.490051
812.512864 247.466207
813.500388 246.439590
814.499212 245.412666
815.474279 244.386384
816.244924 243.365619
816.755076 242.351877
817.525721 241.331128
818.500784 240.304896
819.499216 239.278063
820.474279 238.251892
821.244924 237.231235
821.755076 236.217576
822.525718 235.196967
823.500392 234.170947
824.486751 233.144673
825.359601 232.121475
826.000000 231.104488
826.640395 230.087533
827.512861 229.064485
828.487535 228.038810
829.372070 227.015581
830.114678 225.996135
830.885322 224.976012
831.627930 223.956676
832.512469 222.933721
833.487535 221.908514
834.372462 220.885730
835.127143 219.866372
836.000000 218.844068
836.872854 217.821860
837.627146 216.802748
838.500000 215.780725
839.372857 214.758806
840.127538 213.739940
841.012465 212.717922
841.987535 211.693794
842.872462 210.672020
843.627143 209.653545
844.500000 208.632290
845.372854 207.611156
846.127146 206.592992
847.000000 205.572091
847.872857 204.551318
848.627542 203.533463
849.512857 202.512644
850.500000 201.489593
851.487143 200.466717
852.372458 199.446350
853.127143 198.429104
854.000000 197.409290
854.872857 196.389620
855.627542 195.372730
856.512857 194.353058
857.500000 193.331303
858.487139 192.309739
859.372066 191.290573
860.114678 190.274611
860.885322 189.258165
861.627934 188.242432
862.512864 187.223832
863.500396 186.203267
864.500004 185.182657
865.500000 184.162248
866.500000 183.142050
867.500000 182.122065
868.500000 181.102294
869.500000 180.082737
870.500000 179.063396
871.500000 178.044271
872.500000 177.025364
873.500000 176.006675
874.500000 174.988205
875.500000 173.969953
876.500000 172.951921
877.500000 171.934109
878.500000 170.916518
879.500000 169.899150
880.500000 168.882391
881.500000 167.877925
882.500000 166.975892
883.500000 166.204325
884.500000 165.302736
885.500000 164.299542
886.500000 163.296567
887.500000 162.395638
888.500000 161.625562
889.500000 160.737919
890.500000 159.862566
891.500000 159.207815
892.500000 158.552890
893.500000 157.665718
894.500000 156.664480
895.500000 155.651771
896.500000 154.663027
897.500000 153.878915
898.500000 153.355504
899.500000 152.571813
900.500000 151.584295
901.500000 150.585298
902.500000 149.700014
903.500000 149.047388
904.500000 148.395351
905.500000 147.523132
906.500000 146.639427
907.500000 145.885776
908.500000 145.103895
909.500000 144.350240
910.500000 143.454850
911.500000 142.469511
912.500000 141.586569
913.500000 140.935883
914.500000 140.285386
915.500000 139.403390
916.500000 138.431436
917.500000 137.651628
918.500000 137.132490
919.500000 136.365493
920.500000 135.508529
921.500000 134.860058
922.500000 134.211755
923.500000 133.355301
924.500000 132.589155
925.500000 132.071596
926.500000 131.305779
927.500000 130.450371
928.500000 129.815894
929.500000 129.295085
930.500000 128.774815
931.500000 128.152872
932.500000 127.400451
933.500000 126.766735
934.500000 126.144849
935.500000 125.495073
936.500000 125.004102
937.500000 124.354609
938.500000 123.733672
939.500000 123.112867
940.500000 122.463391
941.500000 121.961026
942.500000 121.210375
943.500000 120.471919
944.500000 120.084224
945.500000 119.668618
946.500000 119.072854
947.500000 118.425806
948.500000 117.948454
949.500000 117.403074
950.500000 116.925946
951.500000 116.278965
952.500000 115.671812
953.500000 115.154905
954.500000 114.638107
955.500000 114.031657
956.500000 113.397279
957.500000 113.023493
958.500000 112.621771
959.500000 112.130006
960.500000 111.626650
961.500000 111.123001
962.500000 110.619440
963.500000 110.115971
964.500000 109.612973
965.500000 109.121750
966.500000 108.721134
967.500000 108.360322
968.500000 107.829623
969.500000 107.366757
970.500000 106.824144
971.500000 106.361431
972.500000 105.831040
973.500000 105.471074
974.500000 105.083145
975.500000 104.695290
976.500000 104.335920
977.500000 103.817956
978.500000 103.458721
979.500000 103.071516
980.500000 102.696057
981.500000 102.439217
982.500000 102.051809
983.500000 101.562631
984.500000 101.073510
985.500000 100.686271
986.500000 100.429714
987.500000 100.054651
988.500000 99.667960
989.500000 99.309740
990.500000 98.804974
991.500000 98.560748
992.500000 98.407094
993.500000 98.044399
994.500000 97.658376
995.500000 97.300044
996.500000 96.783087
997.500000 96.424836
998.500000 96.038595
999.500000 95.664466
1000.500000 95.421010
1001.500000 95.149557
1002.500000 94.917859
1003.500000 94.634408
1004.500000 94.288886
1005.500000 93.785118
1006.500000 93.541874
1007.500000 93.400875
1008.500000 93.141737
1009.500000 92.911432
1010.500000 92.652353
1011.500000 92.511476
1012.500000 92.268799
1013.500000 91.777344
1014.500000 91.534724
1015.500000 91.394341
1016.500000 91.147494
1017.500000 91.019622
1018.500000 90.891776
1019.500000 90.645388
1020.500000 90.517195
1021.500000 90.376951
1022.500000 90.015953
1023.500000 89.643291
1024.500000 89.400894
1025.500000 89.142168
1026.500000 89.014095
1027.500000 88.886427
1028.500000 88.640216
1029.500000 88.512195
1030.500000 88.372121
1031.500000 88.011673
1032.500000 87.651241
1033.500000 87.511212
1034.500000 87.383272
1035.500000 87.137557
1036.500000 87.022105
1037.500000 86.996809
1038.500000 86.881384
1039.500000 86.635724
1040.500000 86.508253
1041.500000 86.380794
1042.500000 86.135173
1043.500000 86.020197
1044.500000 86.007444
1045.500000 86.006386
1046.500000 85.993650
1047.500000 85.878325
1048.500000 85.620691
1049.500000 85.391100
1050.500000 85.133483
1051.500000 85.018194
1052.500000 85.005514
1053.500000 85.004915
1054.500000 85.004319
1055.500000 84.991273
1056.500000 84.863949
1057.500000 84.504172
1058.500000 84.144403
1059.500000 84.017098
1060.500000 84.004085
1061.500000 84.003539
1062.500000 84.003387
1063.500000 84.002856
1064.500000 83.990254
1065.500000 83.875056
1066.500000 83.617544
1067.500000 83.388070
1068.500000 83.130567
1069.500000 83.015387
1070.500000 83.002813
1071.500000 83.002320
1072.500000 83.002219
1073.500000 83.002122
1074.500000 83.001640
1075.500000 82.989085
1076.500000 82.873932
1077.500000 82.616464
1078.500000 82.387033
1079.500000 82.129571
1080.500000 82.014431
1081.500000 82.001895
1082.500000 82.001438
1083.500000 82.001372
1084.500000 82.001312
1085.500000 82.001255
1086.500000 82.001200
1087.500000 82.001148
1088.500000 82.001097
1089.500000 82.001049
1090.500000 82.001003
1091.499996 82.000958
1092.499601 82.000916
1093.491205 82.002925
1094.632262 82.128582
1095.513260 82.386120
1096.500399 82.615440
1097.500004 82.872794
1098.500000 82.987831
1099.500000 83.000268
1100.500000 83.000630
1101.500000 83.000605
1102.500000 83.000581
1103.500000 83.000947
1104.500000 83.013386
1105.500000 83.128043
1106.500000 83.373336
1107.500000 83.500456
1108.500000 83.627578
1109.500000 83.872873
1110.500000 83.987535
1111.500000 83.999985
1112.500000 84.000752
1113.500000 84.013203
1114.500000 84.127868
1115.500000 84.373169
1116.500000 84.500297
1117.500000 84.627425
1118.500000 84.872727
1119.500000 84.987396
1120.500000 84.999852
1121.500000 85.000624
1122.500000 85.013082
1123.500000 85.127752
1124.500000 85.373058
1125.500000 85.500191
1126.500000 85.627324
1127.500000 85.872634
1128.500000 85.987699
1129.500000 86.012621
1130.500000 86.127683
1131.500000 86.372607
1132.500000 86.487669
1133.500000 86.512593
1134.500000 86.627660
1135.500000 86.872973
1136.500000 87.000110
1137.500000 87.127247
1138.500000 87.372561
1139.500000 87.487633
1140.500000 87.512950
1141.500000 87.640480
1142.500000 88.000084
1143.500000 88.360073
1144.500000 88.499681
1145.500000 88.627604
1146.500000 88.885384
1147.500000 89.114740
1148.500000 89.372129
1149.500000 89.487587
1150.500000 89.512522
1151.500000 89.627981
1152.500000 89.885370
1153.500000 90.114723
1154.500000 90.372116
1155.500000 90.487968
1156.500000 90.525364
1157.500000 90.755113
1158.500000 91.245354
1159.500000 91.487176
1160.500000 91.627174
1161.500000 91.885345
1162.500000 92.114713
1163.500000 92.372884
1164.500000 92.512882
1165.500000 92.754712
1166.500000 93.245734
1167.500000 93.500021
1168.500000 93.754309
1169.500000 94.245335
1170.500000 94.487553
1171.500000 94.639625
1172.500000 95.000013
1173.500000 95.360016
1174.500000 95.500014
1175.500000 95.640021
1176.500000 96.000801
1177.500000 96.385335
1178.500000 96.741839
1179.500000 97.245327
1180.500000 97.500007
1181.500000 97.754295
1182.500000 98.244933
1183.500000 98.475079
1184.500000 98.524942
1185.500000 98.755476
1186.500000 99.258191
1187.500000 99.615084
1188.500000 100.012472
1189.500000 100.500003
1190.500000 100.987149
1191.500000 101.372464
1192.500000 101.627151
1193.500000 102.000397
1194.500000 102.385327
1195.500000 102.742224
1196.500000 103.257785
1197.500000 103.614681
1198.500000 103.999615
1199.500000 104.373253
1200.500000 104.640402
1201.500000 105.140006
1202.500000 105.860000
1203.500000 106.359607
1204.500000 106.627145
1205.500000 107.012859
1206.500000 107.500394
1207.500000 107.999614
1208.500000 108.487533
1209.500000 108.884932
1210.500000 109.242610
1211.500000 109.770251
1212.500000 110.229756
1213.500000 110.757789
1214.500000 111.127932
1215.500000 111.640008
1216.500000 112.372851
1217.500000 112.986752
1218.500000 113.487137
1219.500000 113.884928
1220.500000 114.242612
1221.500000 114.770646
1222.500000 115.242612
1223.500000 115.884931
1224.500000 116.487536
1225.500000 117.000001
1226.500000 117.512466
1227.500000 118.115074
1228.500000 118.757785
1229.500000 119.242220
1230.500000 119.885319
1231.500000 120.500000
1232.500000 121.114682
1233.500000 121.757781
1234.500000 122.242220
1235.500000 122.885323
1236.500000 123.500392
1237.500000 124.127150
1238.500000 124.872854
1239.500000 125.500000
1240.500000 126.127143
1241.500000 126.872458
1242.500000 127.487143
1243.500000 127.999997
1244.500000 128.512465
1245.500000 129.115077
1246.500000 129.758184
1247.500000 130.255469
1248.500000 131.024934
1249.500000 131.975070
1250.500000 132.744927
1251.500000 133.254681
1252.500000 134.012857
1253.500000 134.872858
1254.500000 135.614685
1255.500000 136.385319
1256.500000 137.127538
1257.500000 138.000000
1258.500000 138.872462
1259.500000 139.614678
1260.500000 140.384927
1261.500000 141.115070
1262.500000 141.884930
1263.500000 142.615073
1264.500000 143.385326
1265.500000 144.127930
1266.500000 145.012469
1267.500000 145.987531
1268.500000 146.872070
1269.500000 147.614678
1270.500000 148.385322
1271.500000 149.127930
1272.500000 150.012469
1273.500000 150.987535
1274.500000 151.872465
1275.500000 152.627538
1276.500000 153.512861
1277.500000 154.500396
1278.500000 155.500004
1279.500000 156.500000
1280.500000 157.499996
1281.500000 158.499604
1282.499996 159.487139
1283.499604 160.372462
1284.487139 161.127538
1285.372462 162.012861
1286.127538 163.000396
1287.012861 164.000004
1288.000396 165.000000
1289.000004 166.000000
1290.000000 167.000000
1291.000000 168.000000
1291.999996 169.000000
1292.999604 170.000000
1293.987139 171.000000
1294.872458 172.000000
1295.627143 173.000000
1296.500000 174.000000
1297.372854 175.000000
1298.127146 176.000000
1298.999996 177.000000
1299.872462 178.000000
1300.614681 179.000000
1301.385322 180.000000
1302.127934 181.000000
1303.012861 182.000000
1304.000000 183.000000
1304.987139 184.000000
1305.872066 185.000000
1306.614678 186.000000
1307.385319 187.000000
1308.127538 188.000000
1309.000000 189.000000
1309.872462 190.000000
1310.614681 191.000000
1311.385315 192.000000
1312.127143 193.000000
1312.987143 194.000000
1313.745316 195.000000
1314.254681 196.000000
1315.012465 197.000000
1315.860389 198.000000
1316.499608 199.000000
1317.127143 200.000000
1317.872854 201.000000
1318.500000 202.000000
1319.127143 203.000000
1319.872462 204.000000
1320.487535 205.000000
1321.012469 206.000000
1321.627927 207.000000
1322.384930 208.000000
1323.102213 209.000000
1323.757389 210.000000
1324.242216 211.000000
1324.885322 212.000000
1325.500392 213.000000
1326.127146 214.000000
1326.872458 215.000000
1327.487139 216.000000
1327.999604 217.000000
1328.500000 218.000000
1329.000396 219.000000
1329.512861 220.000000
1330.127538 221.000000
1330.872462 222.000000
1331.487139 223.000000
1331.999604 224.000000
1332.499996 225.000000
1333.000000 226.000000
1333.500004 227.000000
1334.000392 228.000000
1334.512465 229.000000
1335.114678 230.000000
1335.744924 231.000000
1336.114678 232.000000
1336.512465 233.000000
1337.000392 234.000000
1337.500000 235.000000
1337.999608 236.000000
1338.487531 237.000000
1338.884927 238.000000
1339.242216 239.000000
1339.757788 240.000000
1340.115465 241.000000
1340.524934 242.000000
1341.115070 243.000000
1341.744927 244.000000
1342.114678 245.000000
1342.512461 246.000000
1343.000000 247.000000
1343.487535 248.000000
1343.884923 249.000000
1344.241820 250.000000
1344.744924 251.000000
1344.987535 252.000000
1345.140003 253.000000
1345.512861 254.000000
1345.987931 255.000000
1346.384930 256.000000
1346.742212 257.000000
1347.257389 258.000000
1347.602213 259.000000
1347.884927 260.000000
1348.127535 261.000000
1348.500000 262.000000
1348.872465 263.000000
1349.115073 264.000000
1349.397787 265.000000
1349.742608 266.000000
1350.257392 267.000000
1350.602209 268.000000
1350.884535 269.000000
1351.115066 270.000000
1351.384930 271.000000
1351.615070 272.000000
1351.884930 273.000000
1352.115073 274.000000
1352.385322 275.000000
1352.627538 276.000000
1353.000000 277.000000
1353.372462 278.000000
1353.614678 279.000000
1353.884923 280.000000
1354.114674 281.000000
1354.372073 282.000000
1354.487927 283.000000
1354.525326 284.000000
1354.755073 285.000000
1355.244924 286.000000
1355.474279 287.000000
1355.499212 288.000000
1355.500392 289.000000
1355.513256 290.000000
1355.640402 291.000000
1356.000399 292.000000
1356.372857 293.000000
1356.627143 294.000000
1356.999601 295.000000
1357.359598 296.000000
1357.486747 297.000000
1357.500000 298.000000
1357.513253 299.000000
1357.640399 300.000000
1358.000000 301.000000
1358.359601 302.000000
1358.486744 303.000000
1358.499601 304.000000
1358.500004 305.000000
1358.500791 306.000000
1358.525721 307.000000
1358.755076 308.000000
1359.244924 309.000000
1359.474279 310.000000
1359.499209 311.000000
1359.499996 312.000000
1359.500399 313.000000
1359.513256 314.000000
1359.640399 315.000000
1360.000000 316.000000
1360.359601 317.000000
1360.486744 318.000000
1360.499604 319.000000
1360.500396 320.000000
1360.513256 321.000000
1360.640399 322.000000
1361.000000 323.000000
1361.359601 324.000000
1361.486744 325.000000
1361.499601 326.000000
1361.500000 327.000000
1361.500396 328.000000
1361.512864 329.000000
1361.627934 330.000000
1361.885322 331.000000
1362.114678 332.000000
1362.372066 333.000000
1362.487136 334.000000
1362.499604 335.000000
1362.499996 336.000000
1362.500004 337.000000
1362.500399 338.000000
1362.513256 339.000000
1362.640399 340.000000
1363.000000 341.000000
1363.359601 342.000000
1363.486744 343.000000
1363.499601 344.000000
1363.499996 345.000000
1363.500000 346.000000
1363.500000 347.000000
1363.500004 348.000000
1363.500396 349.000000
1363.512861 350.000000
1363.627538 351.000000
1363.872462 352.000000
1363.987136 353.000000
1363.999209 354.000000
1363.987136 355.000000
1363.872462 356.000000
1363.627538 357.000000
1363.512861 358.000000
1363.500392 359.000000
1363.499608 360.000000
1363.487139 361.000000
1363.372462 362.000000
1363.127538 363.000000
1363.012857 364.000000
1363.000000 365.000000
1362.987143 366.000000
1362.872462 367.000000
1362.627535 368.000000
1362.512465 369.000000
1362.487535 370.000000
1362.372465 371.000000
1362.127538 372.000000
1362.012861 373.000000
1362.000392 374.000000
1361.999608 375.000000
1361.987139 376.000000
1361.872458 377.000000
1361.627143 378.000000
1361.500000 379.000000
1361.372857 380.000000
1361.127542 381.000000
1361.012857 382.000000
1361.000000 383.000000
1360.987139 384.000000
1360.872066 385.000000
1360.614678 386.000000
1360.385322 387.000000
1360.127934 388.000000
1360.012864 389.000000
1360.000392 390.000000
1359.999608 391.000000
1359.987136 392.000000
1359.872066 393.000000
1359.614678 394.000000
1359.385322 395.000000
1359.127934 396.000000
1359.012861 397.000000
1359.000000 398.000000
1358.987139 399.000000
1358.872066 400.000000
1358.614678 401.000000
1358.385322 402.000000
1358.127930 403.000000
1358.012469 404.000000
1357.987531 405.000000
1357.872070 406.000000
1357.614678 407.000000
1357.385322 408.000000
1357.127927 409.000000
1357.012073 410.000000
1356.974674 411.000000
1356.744927 412.000000
1356.255073 413.000000
1356.025322 414.000000
1355.987535 415.000000
1355.859608 416.000000
1355.500000 417.000000
1355.140399 418.000000
1355.013253 419.000000
1355.000000 420.000000
1354.986747 421.000000
1354.859598 422.000000
1354.499601 423.000000
1354.127143 424.000000
1353.872857 425.000000
1353.500399 426.000000
1353.140399 427.000000
1353.012857 428.000000
1352.987143 429.000000
1352.859601 430.000000
1352.499601 431.000000
1352.127143 432.000000
1351.872857 433.000000
1351.500396 434.000000
1351.140003 435.000000
1351.000000 436.000000
1350.860000 437.000000
1350.499996 438.000000
1350.139608 439.000000
1349.987531 440.000000
1349.744924 441.000000
1349.241824 442.000000
1348.885319 443.000000
1348.500392 444.000000
1348.127150 445.000000
1347.872850 446.000000
1347.499608 447.000000
1347.114678 448.000000
1346.757781 449.000000
1346.242219 450.000000
1345.885319 451.000000
1345.500000 452.000000
1345.114681 453.000000
1344.757781 454.000000
1344.242219 455.000000
1343.885322 456.000000
1343.500392 457.000000
1343.127150 458.000000
1342.872850 459.000000
1342.499608 460.000000
1342.114674 461.000000
1341.757389 462.000000
1341.229747 463.000000
1340.769857 464.000000
1340.230143 465.000000
1339.770253 466.000000
1339.242608 467.000000
1338.884930 468.000000
1338.487535 469.000000
1338.000000 470.000000
1337.512465 471.000000
1337.115070 472.000000
1336.757392 473.000000
1336.229747 474.000000
1335.769857 475.000000
1335.230139 476.000000
1334.769857 477.000000
1334.229747 478.000000
1333.757392 479.000000
1333.115070 480.000000
1332.512469 481.000000
1332.000388 482.000000
1331.499612 483.000000
1330.987531 484.000000
1330.384927 485.000000
1329.742216 486.000000
1329.257784 487.000000
1328.615073 488.000000
1328.012469 489.000000
1327.500388 490.000000
1326.999608 491.000000
1326.487139 492.000000
1325.872458 493.000000
1325.127143 494.000000
1324.500000 495.000000
1323.872857 496.000000
1323.127542 497.000000
1322.512857 498.000000
1322.000000 499.000000
1321.487139 500.000000
1320.872066 501.000000
1320.114678 502.000000
1319.385319 503.000000
1318.627538 504.000000
1318.000004 505.000000
1317.372854 506.000000
1316.627143 507.000000
1315.999608 508.000000
1315.360389 509.000000
1314.512465 510.000000
1313.754677 511.000000
1313.244927 512.000000
1312.475070 513.000000
1311.524930 514.000000
1310.755073 515.000000
1310.245323 516.000000
1309.487535 517.000000
1308.639608 518.000000
1307.999996 519.000000
1307.359997 520.000000
1306.499608 521.000000
1305.627535 522.000000
1304.885319 523.000000
1304.114678 524.000000
1303.372070 525.000000
1302.487531 526.000000
1301.512465 527.000000
1300.627538 528.000000
1299.872857 529.000000
1299.000000 530.000000
1298.127143 531.000000
1297.372458 532.000000
1296.487139 533.000000
1295.499604 534.000000
1294.499996 535.000000
1293.500000 536.000000
1292.500004 537.000000
1291.500396 538.000000
1290.512861 539.000000
1289.627538 540.000000
1288.872462 540.999996
1287.987139 541.999604
1286.999604 542.987139
1285.999996 543.872462
1285.000000 544.627538
1284.000000 545.512857
1283.000000 546.500000
1282.000000 547.487143
1281.000000 548.372462
1280.000000 549.127538
1279.000000 550.012861
1278.000000 551.000396
1277.000000 552.000004
1276.000000 552.999996
1275.000000 553.999604
1274.000000 554.987139
1273.000000 555.872458
1272.000000 556.627143
1271.000000 557.500000
1270.000000 558.372854
1269.000000 559.127146
1268.000000 560.000000
1267.000000 560.872857
1266.000000 561.627538
1265.000000 562.512461
1264.000000 563.487139
1263.000000 564.359605
1262.000000 565.000000
1261.000000 565.640395
1260.000000 566.512857
1259.000000 567.487143
1258.000000 568.359601
1257.000000 568.999604
1256.000000 569.627538
1255.000000 570.385715
1254.000000 571.127538
1253.000000 571.999608
1252.000000 572.859993
1251.000000 573.499604
1250.000000 574.127143
1249.000000 574.872854
1248.000000 575.500000
1247.000000 576.127146
1246.000000 576.872854
1245.000000 577.500000
1244.000000 578.127143
1243.000000 578.872462
1242.000000 579.487535
1241.000000 580.012465
1240.000000 580.627539
1239.000000 581.372858
1238.000000 582.000000
1237.000000 582.627147
1236.000000 583.372851
1235.000000 583.999608
1234.000000 584.614678
1233.000000 585.257781
1232.000000 585.742216
1231.000000 586.384927
1230.000000 586.987536
1229.000000 587.500001
1228.000000 588.012466
1227.000000 588.615070
1226.000000 589.257393
1225.000000 589.729748
1224.000000 590.269858
1223.000000 590.730140
1222.000000 591.269858
1221.000000 591.729748
1220.000000 592.257397
1219.000000 592.615463
1218.000000 593.024938
1217.000000 593.615467
1216.000000 594.257785
1215.000000 594.741822
1214.000000 595.372071
1213.000000 595.860387
1212.000000 596.139616
1211.000000 596.627928
1210.000000 597.257786
1209.000000 597.729361
1208.000000 598.257391
1207.000000 598.615072
1206.000000 599.012471
1205.000000 599.500391
1204.000000 599.999611
1203.000000 600.487142
1202.000000 600.872465
1201.000000 601.127541
1200.000000 601.512864
1199.000000 602.000396
1198.000000 602.499612
1197.000000 602.987143
1196.000000 603.372466
1195.000000 603.627539
1194.000000 604.012470
1193.000000 604.487540
1192.000000 604.872467
1191.000000 605.127148
1190.000000 605.500006
1189.000000 605.872860
1188.000000 606.127153
1187.000000 606.500007
1186.000000 606.872865
1185.000000 607.127546
1184.000000 607.512473
1183.000000 607.987544
1182.000000 608.372471
1181.000000 608.627153
1180.000000 609.000007
1179.000000 609.372473
1178.000000 609.614690
1177.000000 609.884939
1176.000000 610.115087
1175.000000 610.385340
1174.000000 610.627945
1173.000000 611.012481
1172.000000 611.487156
1171.000000 611.859619
1170.000000 611.999623
1169.000000 612.127554
1168.000000 612.385343
1167.000000 612.615095
1166.000000 612.884954
1165.000000 613.115094
1164.000000 613.384956
1163.000000 613.615097
1162.000000 613.884959
1161.000000 614.115100
1160.000000 614.384959
1159.000000 614.614708
1158.000000 614.872105
1157.000000 614.987573
1156.000000 615.012900
1155.000000 615.140441
1154.000000 615.500440
1153.000000 615.872508
1152.000000 616.114335
1151.000000 616.372510
1150.000000 616.500051
1149.000000 616.627204
1148.000000 616.872918
1147.000000 617.000460
1146.000000 617.140071
1145.000000 617.500067
1144.000000 617.859676
1143.000000 617.986822
1142.000000 617.999687
1141.000000 618.000483
1140.000000 618.013348
1139.000000 618.140495
1138.000000 618.500102
1137.000000 618.859708
1136.000000 618.986856
1135.000000 618.999719
1134.000000 619.000121
1133.000000 619.000138
1132.000000 619.000929
1131.000000 619.025866
1130.000000 619.255229
1129.000000 619.745084
1128.000000 619.974447
1127.000000 619.999386
1126.000000 620.000183
1125.000000 620.000595
1124.000000 620.013462
1123.000000 620.140615
1122.000000 620.500227
1121.000000 620.859839
1120.000000 620.986994
1119.000000 620.999863
1118.000000 621.000272
1117.000000 621.000289
1116.000000 621.000311
1115.000000 621.001110
1114.000000 621.026056
1113.000000 621.255428
1112.000000 621.745292
1111.000000 621.974665
1110.000000 621.999614
1109.000000 622.000418
1108.000000 622.000446
1107.000000 622.000467
1106.000000 622.000493
1105.000000 622.000913
1104.000000 622.013795
1103.000000 622.140963
1102.000000 622.500591
1101.000000 622.860220
1100.000000 622.987392
1099.000000 623.000280
1098.000000 623.000708
1097.000000 623.000745
1096.000000 623.000780
1095.000000 623.000820
1094.000000 623.001251
1093.000000 623.013756
1092.000000 623.128471
1091.000000 623.373046
1090.000000 623.475304
1089.000000 623.373139
1088.000000 623.128657
1087.000000 623.014034
1086.000000 623.001623
1085.000000 623.001287
1084.000000 623.001342
1083.000000 623.001399
1082.000000 623.001071
1081.000000 622.988668
1080.000000 622.873667
1079.000000 622.616351
1078.000000 622.387070
1077.000000 622.129760
1076.000000 622.014772
1075.000000 622.002388
1074.000000 622.002084
1073.000000 622.002168
1072.000000 622.001871
1071.000000 621.989502
1070.000000 621.874536
1069.000000 621.617255
1068.000000 621.388012
1067.000000 621.130740
1066.000000 621.015792
1065.000000 621.003449
1064.000000 621.003184
1063.000000 621.002925
1062.000000 620.990602
1061.000000 620.876068
1060.000000 620.630905
1059.000000 620.503922
1058.000000 620.376945
1057.000000 620.131801
1056.000000 620.017295
1055.000000 620.004623
1054.000000 619.991959
1053.000000 619.877474
1052.000000 619.632366
1051.000000 619.505439
1050.000000 619.378520
1049.000000 619.133436
1048.000000 619.018992
1047.000000 619.006385
1046.000000 618.993784
1045.000000 618.878980
1044.000000 618.621870
1043.000000 618.392805
1042.000000 618.135716
1041.000000 618.020954
1040.000000 618.008416
1039.000000 617.995893
1038.000000 617.881555
1037.000000 617.636598
1036.000000 617.509827
1035.000000 617.383070
1034.000000 617.138150
1033.000000 617.023490
1032.000000 616.998985
1031.000000 616.883962
1030.000000 616.626637
1029.000000 616.385288
1028.000000 616.013321
1027.000000 615.641372
1026.000000 615.400074
1025.000000 615.142835
1024.000000 615.027933
1023.000000 615.003578
1022.000000 614.888719
1021.000000 614.631946
1020.000000 614.402839
1019.000000 614.133259
1018.000000 613.891735
1017.000000 613.520376
1016.000000 613.161114
1015.000000 613.034331
1014.000000 613.009401
1013.000000 612.882669
1012.000000 612.523505
1011.000000 612.151911
1010.000000 611.898514
1009.000000 611.526584
1008.000000 611.155069
1007.000000 610.913830
1006.000000 610.644204
1005.000000 610.403033
1004.000000 610.032033
1003.000000 609.672367
1002.000000 609.521433
1001.000000 609.280010
1000.000000 608.778517
999.000000 608.435341
998.000000 608.153925
997.000000 607.912651
996.000000 607.541561
995.000000 607.170512
994.000000 606.929363
993.000000 606.648156
992.000000 606.305269
991.000000 605.803764
990.000000 605.550725
989.000000 605.297730
988.000000 604.795982
987.000000 604.441260
986.000000 604.057788
985.000000 603.674362
984.000000 603.319023
983.000000 602.793388
982.000000 602.335562
981.000000 601.797974
980.000000 601.340654
979.000000 600.827330
978.000000 600.574563
977.000000 600.322245
976.000000 599.821186
975.000000 599.466399
974.000000 599.059510
973.000000 598.472404
972.000000 597.857336
971.000000 597.592972
970.000000 597.340368
969.000000 596.827733
968.000000 596.371246
967.000000 595.834626
966.000000 595.377523
965.000000 594.841060
964.000000 594.384124
963.000000 593.847832
962.000000 593.391070
961.000000 592.854955
960.000000 592.398371
959.000000 591.862052
958.000000 591.393587
957.000000 590.755636
956.000000 590.169190
955.000000 589.763508
954.000000 589.397651
953.000000 588.771786
952.000000 588.173677
951.000000 587.653742
950.000000 587.043390
949.000000 586.303288
948.000000 585.693549
947.000000 585.186136
946.000000 584.690525
945.000000 584.183349
944.000000 583.574082
943.000000 582.834305
942.000000 582.212827
941.000000 581.591473
940.000000 580.851687
939.000000 580.230595
938.000000 579.609641
937.000000 578.870646
936.000000 578.262031
935.000000 577.743315
934.000000 577.122913
933.000000 576.282267
932.000000 575.531525
931.000000 575.029735
930.000000 574.291358
929.000000 573.553133
928.000000 573.051801
927.000000 572.301818
926.000000 571.461846
925.000000 570.830352
924.000000 570.198635
923.000000 569.347079
922.000000 568.495689
921.000000 567.864465
920.000000 567.233027
919.000000 566.370076
918.000000 565.417160
917.000000 564.656387
916.000000 564.156285
915.000000 563.408329
914.000000 562.570415
913.000000 561.940998
912.000000 561.310989
911.000000 560.448706
910.000000 559.472719
909.000000 558.496922
908.000000 557.635212
907.000000 557.006150
906.000000 556.377285
905.000000 555.516162
904.000000 554.541341
903.000000 553.566332
902.000000 552.693345
901.000000 551.950808
900.000000 551.078618
899.000000 550.116495
898.000000 549.244718
897.000000 548.503008
896.000000 547.631257
895.000000 546.657509
894.000000 545.672288
893.000000 544.698965
892.000000 543.828065
891.000000 543.087625
890.000000 542.217156
889.000000 541.244690
888.000000 540.260368
887.000000 539.275876
886.000000 538.291602
885.000000 537.307935
884.000000 536.336561
883.000000 535.467619
882.000000 534.729143
881.000000 533.860641
880.000000 532.890147
879.000000 531.907801
878.000000 530.925286
877.000000 529.942988
876.000000 528.960910
875.000004 527.979051
874.000396 526.997405
873.012861 526.015752
872.127538 525.032380
871.372462 524.046697
870.487139 523.063643
869.499604 522.082745
868.499996 521.102294
867.500000 520.122065
866.500000 519.142050
865.500000 518.162248
864.500000 517.182657
863.500004 516.203275
862.500396 515.224094
861.512861 514.244864
860.627538 513.263653
859.872462 512.279805
858.987143 511.298891
858.000000 510.320356
857.012857 509.342014
856.127538 508.361601
855.372465 507.378426
854.487535 506.398286
853.512469 505.420340
852.627930 504.440500
851.885322 503.457538
851.114681 502.475327
850.372462 501.492561
849.499996 500.512945
848.627143 499.533473
847.872458 498.551328
846.987147 497.572399
846.000396 496.596038
845.025718 495.619546
844.255076 494.638241
843.744924 493.650670
842.974282 492.669522
841.999608 491.693496
841.013249 490.717903
840.140399 489.739619
839.500000 488.755621
838.859605 487.771682
837.987139 486.793653
837.012465 485.818317
836.127930 484.840807
835.385322 483.859765
834.614681 482.879509
833.872462 481.898592
832.999996 480.921104
832.127146 479.943710
831.372854 478.963312
830.500000 477.986067
829.627146 477.008896
828.872857 476.028682
828.000396 475.051632
827.140007 474.074327
826.500396 473.091237
825.872861 472.107858
825.127545 471.127644
824.513260 470.144765
824.013656 469.183786
823.642848 468.452837
