624.312294 468.541158
623.963709 469.223871
623.466395 470.149007
622.848248 471.127200
622.148755 472.108434
621.497311 473.091176
620.820226 474.073276
619.997313 475.051571
619.148858 476.029253
618.351039 477.008325
617.500000 477.986067
616.648960 478.963879
615.851041 479.943144
615.000101 480.921107
614.151546 481.899210
613.379165 482.879351
612.620733 483.859919
611.845870 484.840140
610.971874 485.817920
610.030812 486.794106
609.182257 487.772733
608.499999 488.755621
607.817643 489.738572
606.966703 490.717405
606.002585 491.693550
605.061523 492.670400
604.303090 493.651842
603.696910 494.637074
602.938476 495.618680
601.997313 496.595983
601.030610 497.572822
600.151646 498.551900
599.351143 499.532960
598.500102 500.512947
597.651546 501.493120
596.879165 502.475184
596.120733 503.457678
595.345869 504.439901
594.471772 505.419982
593.528125 506.398639
592.651444 507.378961
591.848454 508.361068
590.969289 509.341621
590.000000 510.320356
589.030711 511.299277
588.151545 512.280321
587.348454 513.263142
586.469187 514.244484
585.497313 515.224046
584.499898 516.203273
583.499999 517.182657
582.500000 518.162248
581.500000 519.142050
580.500001 520.122065
579.500102 521.102296
578.502687 522.082789
577.530813 523.063988
576.651546 524.047155
575.848454 525.031927
574.969187 526.015416
573.997313 526.997363
572.999898 527.979050
571.999999 528.960910
571.000000 529.942988
570.000000 530.925285
569.000000 531.907702
568.000000 532.887856
567.000000 533.842689
566.000000 534.705136
565.000000 535.491627
564.000000 536.354514
563.000000 537.310227
562.000000 538.291700
561.000000 539.275876
560.000000 540.260270
559.000000 541.242398
558.000000 542.199203
557.000000 543.063618
556.000000 543.852072
555.000000 544.716917
554.000000 545.674482
553.000000 546.655316
552.000000 547.613306
551.000000 548.478999
550.000000 549.268627
549.000000 550.132155
548.000000 551.062957
547.000000 551.926899
546.000000 552.717353
545.000000 553.584185
544.000000 554.541242
543.000000 555.496016
542.000000 556.335326
541.000000 557.006150
540.000000 557.677171
539.000000 558.517067
538.000000 559.472719
537.000000 560.428561
536.000000 561.269028
535.000000 561.940801
534.000000 562.607791
533.000000 563.392668
532.000000 564.110659
531.000000 564.704402
530.000000 565.450675
529.000000 566.354415
528.000000 567.191262
527.000000 567.864368
526.000000 568.535259
525.000000 569.347079
524.000000 570.159063
523.000000 570.830254
522.000000 571.499224
521.000000 572.286155
520.000000 573.005979
519.000000 573.596664
518.000000 574.291358
517.000000 574.986204
516.000000 575.577345
515.000000 576.297831
514.000000 577.083244
513.000000 577.725460
512.000000 578.277595
511.000000 578.894652
510.000000 579.587924
509.000000 580.230596
508.000000 580.873501
507.000000 581.569659
506.000000 582.212826
505.000000 582.856021
504.000000 583.549976
503.000000 584.165396
502.000000 584.688331
501.000000 585.188329
500.000000 585.711501
499.000000 586.327296
498.000000 587.019480
497.000000 587.637983
496.000000 588.187046
495.000000 588.777744
494.000000 589.349732
493.000000 589.771758
492.000000 590.200609
491.000000 590.766079
490.000000 591.361427
489.000000 591.876358
488.000000 592.381775
487.000000 592.871453
486.000000 593.374571
485.000000 593.864331
484.000000 594.367625
483.000000 594.857559
482.000000 595.361024
481.000000 595.851123
480.000000 596.354553
479.000000 596.839844
478.000000 597.292450
477.000000 597.595166
476.000000 597.921011
475.000000 598.466349
474.000000 599.028186
473.000000 599.455763
472.000000 599.848956
471.000000 600.276424
470.000000 600.574660
469.000000 600.875346
468.000000 601.328544
467.000000 601.814666
466.000000 602.318968
465.000000 602.807692
464.000000 603.286669
463.000000 603.680417
462.000000 604.057786
461.000000 604.435011
460.000000 604.823947
459.000000 605.251910
458.000000 605.550724
457.000000 605.849487
456.000000 606.275109
455.000000 606.638647
454.000000 606.921018
453.000000 607.194421
452.000000 607.541561
451.000000 607.888742
450.000000 608.162270
449.000000 608.444849
448.000000 608.808579
447.000000 609.232092
446.000000 609.505675
445.000000 609.709840
444.000000 610.034129
443.000000 610.379123
442.000000 610.650358
441.000000 610.907678
440.000000 611.179076
439.000000 611.526681
438.000000 611.876700
437.000000 612.173625
436.000000 612.521116
435.000000 612.840709
434.000000 612.991546
433.000000 613.052186
432.000000 613.203073
431.000000 613.522668
430.000000 613.867826
429.000000 614.139314
428.000000 614.394394
427.000000 614.637902
426.000000 614.862517
425.000000 614.987820
424.000000 615.043692
423.000000 615.169134
422.000000 615.396311
421.000000 615.665478
420.000000 616.013321
419.000000 616.361182
418.000000 616.630400
417.000000 616.857663
416.000000 616.983224
415.000000 617.039151
414.000000 617.162158
413.000000 617.361353
412.000000 617.509827
411.000000 617.658314
410.000000 617.857450
409.000000 617.978038
408.000000 618.008417
407.000000 618.038907
406.000000 618.162014
405.000000 618.386750
404.000000 618.627925
403.000000 618.852682
402.000000 618.975832
401.000000 619.006384
400.000000 619.036848
399.000000 619.157541
398.000000 619.356804
397.000000 619.505439
396.000000 619.654081
395.000000 619.853369
394.000000 619.974103
393.000000 620.004623
392.000000 620.035150
391.000000 620.155906
390.000000 620.355229
389.000000 620.503922
388.000000 620.652621
387.000000 620.851962
386.000000 620.972648
385.000000 621.000634
384.000000 621.003184
383.000000 621.005741
382.000000 621.033842
381.000000 621.157039
380.000000 621.381957
379.000000 621.623310
378.000000 621.848237
377.000000 621.971451
376.000000 621.999579
375.000000 622.002071
374.000000 622.002181
373.000000 622.004680
372.000000 622.032822
371.000000 622.156059
370.000000 622.381016
369.000000 622.622406
368.000000 622.847368
367.000000 622.970617
366.000000 622.998778
365.000000 623.001301
364.000000 623.001342
363.000000 623.001385
362.000000 623.003915
361.000000 623.031986
360.000000 623.152566
359.000000 623.346840
358.000000 623.439399
357.000000 623.346747
356.000000 623.152380
355.000000 623.031707
354.000000 623.003543
353.000000 623.000919
352.000000 623.000781
351.000000 623.000744
350.000000 623.000609
349.000000 622.997890
348.000000 622.967148
347.000000 622.818260
346.000000 622.500591
345.000000 622.182923
344.000000 622.034039
343.000000 622.003303
342.000000 622.000593
341.000000 622.000468
340.000000 622.000444
339.000000 622.000221
338.000000 621.995030
337.000000 621.938760
336.000000 621.697277
335.000000 621.303442
334.000000 621.061961
333.000000 621.005694
332.000000 621.000508
331.000000 621.000291
330.000000 621.000173
329.000000 620.997473
328.000000 620.966749
327.000000 620.817879
326.000000 620.500227
325.000000 620.182575
324.000000 620.033706
323.000000 620.002983
322.000000 620.000085
321.000000 619.994803
320.000000 619.938542
319.000000 619.697069
318.000000 619.303244
317.000000 619.061771
316.000000 619.005513
315.000000 619.000334
314.000000 619.000024
313.000000 618.997329
312.000000 618.966612
311.000000 618.817748
310.000000 618.500102
309.000000 618.182455
308.000000 618.033591
307.000000 618.002774
306.000000 617.997396
305.000000 617.966579
304.000000 617.817715
303.000000 617.499969
302.000000 617.179739
301.000000 617.002750
300.000000 616.851202
299.000000 616.649018
298.000000 616.499953
297.000000 616.348404
296.000000 616.118196
295.000000 615.848502
294.000000 615.502731
293.000000 615.182401
292.000000 615.030853
291.000000 614.971912
290.000000 614.845905
289.000000 614.620665
288.000000 614.376611
287.000000 614.123348
286.000000 613.876710
285.000000 613.623346
284.000000 613.376707
283.000000 613.123344
282.000000 612.876705
281.000000 612.623442
280.000000 612.379287
279.000000 612.151463
278.000000 611.997331
277.000000 611.817659
276.000000 611.469204
275.000000 611.028141
274.000000 610.654146
273.000000 610.379382
272.000000 610.123433
271.000000 609.876594
270.000000 609.620744
269.000000 609.348464
268.000000 608.999909
267.000000 608.648868
266.000000 608.348464
265.000000 607.971882
264.000000 607.528135
263.000000 607.151554
262.000000 606.851148
261.000000 606.500008
260.000000 606.148967
259.000000 605.851046
258.000000 605.500005
257.000000 605.148865
256.000000 604.848460
255.000000 604.471878
254.000000 604.028130
253.000000 603.651448
252.000000 603.348457
251.000000 602.969192
250.000000 602.497418
249.000000 602.002589
248.000000 601.530815
247.000000 601.151549
246.000000 600.848457
245.000000 600.469191
244.000000 599.997416
243.000000 599.502487
242.000000 599.028228
241.000000 598.623320
240.000000 598.225037
239.000000 597.741569
238.000000 597.227723
237.000000 596.654032
236.000000 596.177187
235.000000 595.822815
234.000000 595.345869
233.000000 594.769594
232.000000 594.227722
231.000000 593.626007
230.000000 593.056455
229.000000 592.625907
228.000000 592.225237
227.000000 591.744054
226.000000 591.253262
225.000000 590.746637
224.000000 590.253262
223.000000 589.744052
222.000000 589.225136
221.000000 588.623319
220.000000 588.028126
219.000000 587.500001
218.000000 586.971874
217.000000 586.376582
216.000000 585.772278
215.000000 585.227620
214.000000 584.620733
213.000000 583.997414
212.000000 583.350939
211.000000 582.648960
210.000000 582.000001
209.000000 581.351141
208.000000 580.651546
207.000000 580.028127
206.000000 579.471873
205.000000 578.848455
204.000000 578.148860
203.000000 577.499999
202.000000 576.851040
201.000000 576.148960
200.000000 575.500000
199.000000 574.851039
198.000000 574.148858
197.000000 573.497313
196.000000 572.820227
195.000000 571.997415
194.000000 571.151546
193.000000 570.381852
192.000000 569.651545
191.000000 568.997314
190.000000 568.317642
189.000000 567.469288
188.000000 566.530711
187.000000 565.682256
186.000000 565.000000
185.000000 564.317743
184.000000 563.469187
183.000000 562.528025
182.000000 561.651545
181.000000 560.851141
180.000000 560.000001
179.000000 559.148960
178.000000 558.351040
177.000000 557.499999
176.000000 556.648858
175.000000 555.848352
174.000000 554.969186
173.000000 553.997313
172.000000 552.999899
171.000000 552.000101
170.000000 551.002687
169.000000 550.030813
168.000000 549.151546
167.000000 548.348455
166.000000 547.469289
165.000000 546.500000
164.000000 545.530711
163.000001 544.651545
162.000102 543.848454
161.002687 542.969187
160.030813 541.997313
159.151546 540.999898
158.348454 539.999999
157.469187 539.000000
156.497313 538.000000
155.499898 537.000000
154.500000 536.000000
153.500102 535.000000
152.502687 534.000000
151.530814 533.000000
150.651648 532.000000
149.851142 531.000000
149.000000 530.000000
148.148859 529.000000
147.348454 528.000000
146.471874 527.000000
145.528228 526.000000
144.654131 525.000000
143.879267 524.000000
143.120836 523.000000
142.348556 522.000000
141.502585 521.000000
140.679672 520.000000
140.000102 519.000000
139.323015 518.000000
138.528126 517.000000
137.800304 516.000000
137.197010 515.000000
136.443748 514.000000
135.556252 513.000000
134.802990 512.000000
134.199696 511.000000
133.471875 510.000000
132.677087 509.000000
132.002585 508.000000
131.351141 507.000000
130.648960 506.000000
129.999899 505.000000
129.348454 504.000000
128.620835 503.000000
127.879269 502.000000
127.154232 501.000000
126.530813 500.000000
126.000001 499.000000
125.469288 498.000000
124.848353 497.000000
124.148858 496.000000
123.500000 495.000000
122.851142 494.000000
122.151648 493.000000
121.530813 492.000000
121.002587 491.000000
120.497515 490.000000
119.971773 489.000000
119.376580 488.000000
118.772278 487.000000
118.227722 486.000000
117.623420 485.000000
117.028227 484.000000
116.502486 483.000000
115.997514 482.000000
115.471775 481.000000
114.876681 480.000000
114.274865 479.000000
113.755948 478.000000
113.246739 477.000000
112.753364 476.000000
112.246739 475.000000
111.755948 474.000000
111.274865 473.000000
110.876682 472.000000
110.471874 471.000000
110.000000 470.000000
109.528126 469.000000
109.123318 468.000000
108.725135 467.000000
108.244052 466.000000
107.753262 465.000000
107.246738 464.000000
106.755949 463.000000
106.274967 462.000000
105.879368 461.000000
105.502588 460.000000
105.149060 459.000000
104.850940 458.000000
104.497413 457.000000
104.120733 456.000000
103.727621 455.000000
103.272378 454.000000
102.879167 453.000000
102.500000 452.000000
102.120833 451.000000
101.727622 450.000000
101.272379 449.000000
100.879267 448.000000
100.502587 447.000000
100.149060 446.000000
99.850940 445.000000
99.497415 444.000000
99.120835 443.000000
98.730307 442.000000
98.303091 441.000000
98.028229 440.000000
97.823016 439.000000
97.500101 438.000000
97.179572 437.000000
96.999999 436.000000
96.820328 435.000000
96.497314 434.000000
96.148859 433.000000
95.851142 432.000000
95.502788 431.000000
95.182359 430.000000
95.030712 429.000000
94.969288 428.000000
94.817641 427.000000
94.497212 426.000000
94.148858 425.000000
93.851142 424.000000
93.502789 423.000000
93.182461 422.000000
93.033399 421.000000
93.000000 420.000000
92.966602 419.000000
92.817642 418.000000
92.499998 417.000000
92.182155 416.000000
92.028126 415.000000
91.941163 414.000000
91.697011 413.000000
91.302990 412.000000
91.058938 411.000000
90.974460 410.000000
90.845971 409.000000
90.620735 408.000000
90.379266 407.000000
90.154131 406.000000
90.028227 405.000000
89.971773 404.000000
89.845869 403.000000
89.620734 402.000000
89.379267 401.000000
89.154232 400.000000
89.030813 399.000000
89.000000 398.000000
88.969187 397.000000
88.845768 396.000000
88.620733 395.000000
88.379267 394.000000
88.154233 393.000000
88.030914 392.000000
88.002587 391.000000
87.997413 390.000000
87.969086 389.000000
87.845767 388.000000
87.620733 387.000000
87.379267 386.000000
87.154232 385.000000
87.030813 384.000000
87.000001 383.000000
86.969288 382.000000
86.848353 381.000000
86.648858 380.000000
86.500000 379.000000
86.351142 378.000000
86.151648 377.000000
86.030813 376.000000
86.002585 375.000000
85.997415 374.000000
85.969188 373.000000
85.848453 372.000000
85.651444 371.000000
85.528126 370.000000
85.471874 369.000000
85.348556 368.000000
85.151546 367.000000
85.030711 366.000000
85.000000 365.000000
84.969289 364.000000
84.848455 363.000000
84.651546 362.000000
84.530812 361.000000
84.502585 360.000000
84.497415 359.000000
84.469188 358.000000
84.348454 357.000000
84.151547 356.000000
84.030915 355.000000
84.005375 354.000000
84.030915 353.000000
84.151547 352.000000
84.348454 351.000000
84.469187 350.000000
84.497313 349.000000
84.499898 348.000000
84.499999 347.000000
84.500001 346.000000
84.500103 345.000000
84.502789 344.000000
84.533501 343.000000
84.682359 342.000000
85.000000 341.000000
85.317641 340.000000
85.466499 339.000000
85.497211 338.000000
85.499898 337.000000
85.500101 336.000000
85.502689 335.000000
85.530915 334.000000
85.654233 333.000000
85.879267 332.000000
86.120733 331.000000
86.345767 330.000000
86.469085 329.000000
86.497313 328.000000
86.500001 327.000000
86.502788 326.000000
86.533501 325.000000
86.682359 324.000000
87.000000 323.000000
87.317641 322.000000
87.466500 321.000000
87.497314 320.000000
87.502686 319.000000
87.533500 318.000000
87.682359 317.000000
88.000000 316.000000
88.317641 315.000000
88.466499 314.000000
88.497213 313.000000
88.500101 312.000000
88.505374 311.000000
88.561626 310.000000
88.803091 309.000000
89.196909 308.000000
89.438374 307.000000
89.494626 306.000000
89.499899 305.000000
89.502787 304.000000
89.533501 303.000000
89.682359 302.000000
90.000000 301.000000
90.317642 300.000000
90.466602 299.000000
90.500000 298.000000
90.533399 297.000000
90.682461 296.000000
91.002789 295.000000
91.351142 294.000000
91.648858 293.000000
91.997211 292.000000
92.317538 291.000000
92.466500 290.000000
92.497415 289.000000
92.505272 288.000000
92.561625 287.000000
92.803092 286.000000
93.197011 285.000000
93.441062 284.000000
93.525540 283.000000
93.654030 282.000000
93.879368 281.000000
94.123522 280.000000
94.379269 279.000000
94.651546 278.000000
95.000000 277.000000
95.348454 276.000000
95.620733 275.000000
95.876580 274.000000
96.123318 273.000000
96.376681 272.000000
96.623320 271.000000
96.876783 270.000000
97.126007 269.000000
97.407494 268.000000
97.774865 267.000000
98.225136 266.000000
98.592607 265.000000
98.876580 264.000000
99.151444 263.000000
99.500000 262.000000
99.848556 261.000000
100.123420 260.000000
100.407394 259.000000
100.774966 258.000000
101.227823 257.000000
101.623318 256.000000
102.025439 255.000000
102.469187 254.000000
102.820328 253.000000
103.028127 252.000000
103.303091 251.000000
103.730409 250.000000
104.123521 249.000000
104.528128 248.000000
105.000001 247.000000
105.471975 246.000000
105.879267 245.000000
106.302990 244.000000
106.876681 243.000000
107.443647 242.000000
107.873995 241.000000
108.272177 240.000000
108.727721 239.000000
109.123420 238.000000
109.528228 237.000000
110.002585 236.000000
110.500000 235.000000
110.997416 234.000000
111.471874 233.000000
111.879267 232.000000
112.303091 231.000000
112.879267 230.000000
113.471874 229.000000
113.997415 228.000000
114.499899 227.000000
115.000000 226.000000
115.500102 225.000000
116.002687 224.000000
116.530813 223.000000
117.151546 222.000000
117.848454 221.000000
118.469187 220.000000
118.997314 219.000000
119.500000 218.000000
120.002686 217.000000
120.530814 216.000000
121.151647 215.000000
121.851041 214.000000
122.497415 213.000000
123.120734 212.000000
123.727722 211.000000
124.274965 210.000000
124.907393 209.000000
125.623319 208.000000
126.345970 207.000000
126.971773 206.000000
127.528126 205.000000
128.151546 204.000000
128.851141 203.000000
129.500001 202.000000
130.148961 201.000000
130.851141 200.000000
131.502585 199.000000
132.177087 198.000000
132.971874 197.000000
133.699596 196.000000
134.300506 195.000000
135.030712 194.000000
135.851142 193.000000
136.620935 192.000000
137.379168 191.000000
138.151545 190.000000
139.000000 189.000000
139.848455 188.000000
140.620835 187.000000
141.379269 186.000000
142.154232 185.000000
143.030813 184.000000
144.000000 183.000000
144.969187 182.000000
145.845768 181.000000
146.620731 180.000000
147.379165 179.000000
148.151546 178.000000
149.000101 177.000000
149.851041 176.000000
150.648960 175.000000
151.500001 174.000000
152.351142 173.000000
153.151648 172.000000
154.030814 171.000000
155.002687 170.000000
156.000102 169.000000
157.000001 168.000000
157.999999 167.000000
158.999898 166.000000
159.997313 165.000001
160.969187 164.000102
161.848454 163.002687
162.651546 162.030813
163.530813 161.151546
164.502687 160.348454
165.500102 159.469187
166.500001 158.497313
167.500000 157.499898
168.500000 156.500000
169.500000 155.500102
170.500000 154.502687
171.500000 153.530813
172.500000 152.651547
173.500000 151.848556
174.500000 150.971875
175.500000 150.028228
176.500000 149.154131
177.500000 148.379266
178.500000 147.620734
179.500000 146.845869
180.500000 145.971773
181.500000 145.028227
182.500000 144.154132
183.500000 143.379368
184.500000 142.623421
185.500000 141.876682
186.500000 141.123318
187.500000 140.376580
188.500000 139.620733
189.500000 138.848454
190.500000 138.000000
191.500000 137.151545
192.500000 136.379168
193.500000 135.620936
194.500000 134.851142
195.500000 134.030711
196.500000 133.300405
197.500000 132.697011
198.500000 131.943749
199.500000 131.056355
200.500000 130.305678
201.500000 129.730510
202.500000 129.123522
203.500000 128.528127
204.500000 127.999899
205.500000 127.469287
206.500000 126.848354
207.500000 126.148859
208.500000 125.499999
209.500000 124.851041
210.500000 124.149061
211.500000 123.502587
212.500000 122.879268
213.500000 122.272380
214.500000 121.727622
215.500000 121.120834
216.500000 120.500000
217.500000 119.879167
218.500000 119.272380
219.500000 118.727723
220.500000 118.123420
221.500000 117.528127
222.500000 117.000001
223.500000 116.471875
224.500000 115.876684
225.500000 115.274967
226.500000 114.758536
227.500000 114.274966
228.500000 113.876581
229.500000 113.469088
230.500000 112.966702
231.500000 112.350941
232.500000 111.679773
233.500000 111.154134
234.500000 110.727825
235.500000 110.244256
236.500000 109.755850
237.500000 109.274866
238.500000 108.876683
239.500000 108.471777
240.500000 107.997518
241.500000 107.502588
242.500000 107.030712
243.500000 106.648862
244.500000 106.317746
245.500000 105.820332
246.500000 105.179676
247.500000 104.682361
248.500000 104.353731
249.500000 103.997520
250.500000 103.620738
251.500000 103.227625
252.500000 102.772384
253.500000 102.379272
254.500000 102.002590
255.500000 101.648964
256.500000 101.348360
257.500000 100.969293
258.500000 100.499905
259.500000 100.028133
260.500000 99.623529
261.500000 99.230517
262.500000 98.805686
263.500000 98.556363
264.500000 98.443756
265.500000 98.196918
266.500000 97.797727
267.500000 97.499907
268.500000 97.199505
269.500000 96.769806
270.500000 96.379281
271.500000 96.005285
272.500000 95.679787
273.500000 95.500017
274.500000 95.320444
275.500000 94.999915
276.500000 94.677002
277.500000 94.471890
278.500000 94.199513
279.500000 93.797840
280.500000 93.500021
281.500000 93.202204
282.500000 92.800631
283.500000 92.530738
284.500000 92.351168
285.500000 92.120962
286.500000 91.879095
287.500000 91.648889
288.500000 91.469322
289.500000 91.199631
290.500000 90.803128
291.500000 90.558977
292.500000 90.474501
293.500000 90.346014
294.500000 90.120780
295.500000 89.879314
296.500000 89.654182
297.500000 89.528280
298.500000 89.471829
299.500000 89.345928
300.500000 89.120795
301.500000 88.879230
302.500000 88.651513
303.500000 88.497487
304.500000 88.320406
305.500000 88.000182
306.500000 87.682343
307.500000 87.530903
308.500000 87.472069
309.500000 87.348555
310.500000 87.148964
311.500000 87.000110
312.500000 86.851256
313.500000 86.651667
314.500000 86.528255
315.500000 86.472009
316.500000 86.348697
317.500000 86.151593
318.500000 86.028282
319.500000 85.972038
320.500000 85.848627
321.500000 85.649041
322.500000 85.500191
323.500000 85.351342
324.500000 85.151858
325.500000 85.031034
326.500000 85.002818
327.500000 84.997659
328.500000 84.969443
329.500000 84.848621
330.500000 84.649141
331.500000 84.500297
332.500000 84.351453
333.500000 84.151974
334.500000 84.031156
335.500000 84.002945
336.500000 83.997792
337.500000 83.969583
338.500000 83.848767
339.500000 83.649293
340.500000 83.500456
341.500000 83.351620
342.500000 83.152149
343.500000 83.031340
344.500000 83.003238
345.500000 83.000679
346.500000 83.000605
347.500000 83.000532
348.500000 82.997975
349.499999 82.969780
350.499897 82.846495
351.497209 82.621495
352.466396 82.380065
353.324048 82.154584
354.527664 81.905460
355.502791 76.196860
356.500103 81.902986
357.500001 82.001003
358.500000 82.001049
359.500000 82.001097
360.500000 82.001148
361.500000 82.001200
362.500000 82.001255
363.500000 82.001312
364.500000 82.001373
365.500000 82.001536
366.500000 82.004188
367.500000 82.032482
368.500000 82.155870
369.500000 82.380978
370.500000 82.622519
371.500000 82.847633
372.500000 82.971034
373.500000 82.999347
374.500000 83.002023
375.500000 83.002219
376.500000 83.002418
377.500000 83.005106
378.500000 83.033438
379.500000 83.156866
380.500000 83.382015
381.500000 83.623599
382.500000 83.848757
383.500000 83.972203
384.500000 84.000563
385.500000 84.003290
386.500000 84.003637
387.500000 84.006475
388.500000 84.037342
389.500000 84.186363
390.500000 84.504172
391.500000 84.821989
392.500000 84.971029
393.500000 85.001930
394.500000 85.004913
395.500000 85.007806
396.500000 85.036245
397.500000 85.159783
398.500000 85.385045
399.500000 85.626746
400.500000 85.852026
401.500000 85.975600
402.500000 86.004191
403.500000 86.009637
404.500000 86.038149
405.500000 86.159279
406.500000 86.359078
407.500000 86.508253
408.500000 86.657441
409.500000 86.857376
410.500000 86.981148
411.500000 87.037767
412.500000 87.161565
413.500000 87.361653
414.500000 87.513504
415.500000 87.690910
416.500000 88.011673
417.500000 88.332451
418.500000 88.509904
419.500000 88.661932
420.500000 88.864613
421.500000 89.014193
422.500000 89.166274
423.500000 89.397033
424.500000 89.667298
425.500000 90.013760
426.500000 90.337184
427.500000 90.514904
428.500000 90.667104
429.500000 90.869961
430.500000 91.019623
431.500000 91.169407
432.500000 91.374819
433.500000 91.552676
434.500000 91.823166
435.500000 92.222978
436.500000 92.493621
437.500000 92.674069
438.500000 92.905182
439.500000 93.147986
440.500000 93.379160
441.500000 93.559826
442.500000 93.833133
443.500000 94.258823
444.500000 94.624802
445.500000 94.907319
446.500000 95.157805
447.500000 95.414955
448.500000 95.688572
449.500000 96.040887
450.500000 96.418782
451.500000 96.813247
452.500000 97.269883
453.500000 97.664333
454.500000 98.040011
455.500000 98.369522
456.500000 98.576506
457.500000 98.852989
458.500000 99.281871
459.500000 99.674113
460.500000 100.052459
461.500000 100.407901
462.500000 100.710375
463.500000 101.091365
464.500000 101.562631
465.500000 102.033954
466.500000 102.415113
467.500000 102.717870
468.500000 103.073709
469.500000 103.452666
470.500000 103.848116
471.500000 104.305761
472.500000 104.701442
473.500000 105.083147
474.500000 105.465019
475.500000 105.863394
476.500000 106.347127
477.500000 106.840739
478.500000 107.350162
479.500000 107.843927
480.500000 108.328065
481.500000 108.729384
482.500000 109.137508
483.500000 109.615168
484.500000 110.116068
485.500000 110.619441
486.500000 111.123000
487.500000 111.626552
488.500000 112.127812
489.500000 112.606111
490.500000 113.017438
491.500000 113.445294
492.500000 114.025603
493.500000 114.622543
494.500000 115.154906
495.500000 115.687472
496.500000 116.287214
497.500000 116.893690
498.500000 117.417475
499.500000 117.934051
500.500000 118.457965
501.500000 119.062412
502.500000 119.637297
503.500000 120.078169
504.500000 120.535596
505.500000 121.212665
506.500000 121.915304
507.500000 122.491358
508.500000 123.106617
509.500000 123.733671
510.500000 124.360762
511.500000 124.973943
512.500000 125.525232
513.500000 126.138794
514.500000 126.768928
515.500000 127.422264
516.500000 128.128768
517.500000 128.756961
518.500000 129.295183
519.500000 129.835943
520.500000 130.490138
521.500000 131.290217
522.500000 132.025873
523.500000 132.634880
524.500000 133.370963
525.500000 134.174377
526.500000 134.860058
527.500000 135.545908
528.500000 136.349832
529.500000 137.086864
530.500000 137.699643
531.500000 138.464952
532.500000 139.387730
533.500000 140.243623
534.500000 140.935884
535.500000 141.628430
536.500000 142.487462
537.500000 143.439189
538.500000 144.324040
539.500000 145.109950
540.500000 145.879622
541.500000 146.663336
542.500000 147.520939
543.500000 148.355684
544.500000 149.047486
545.500000 149.741973
546.500000 150.605346
547.500000 151.582102
548.500000 152.536007
549.500000 153.307490
550.500000 153.926930
551.500000 154.698931
552.500000 155.656255
553.500000 156.662287
554.500000 157.645475
555.500000 158.510929
556.500000 159.207716
557.500000 159.902234
558.500000 160.740211
559.500000 161.603945
560.500000 162.419744
561.500000 163.314422
562.500000 164.299542
563.500000 165.284882
564.500000 166.180319
565.500000 166.999899
566.500000 167.895877
567.500000 168.884683
568.500000 169.899248
569.500000 170.916519
570.500000 171.934109
571.500000 172.951921
572.500000 173.969953
573.500000 174.988205
574.500000 176.006675
575.500000 177.025364
576.500000 178.044271
577.500000 179.063396
578.500000 180.082737
579.500000 181.102294
580.500000 182.122065
581.500000 183.142050
582.499999 184.162248
583.499898 185.182655
584.497311 186.203219
585.469085 187.223455
586.345767 188.241877
587.120733 189.258294
587.879267 190.274482
588.654232 191.291140
589.530813 192.310129
590.500001 193.331302
591.469288 194.352662
592.348353 195.372192
593.148858 196.390107
594.000000 197.409290
594.851142 198.428609
595.651647 199.446903
596.530712 200.467129
597.500000 201.489593
598.469288 202.512226
599.348353 203.532895
600.148858 204.551834
600.999999 205.572091
601.851040 206.592468
602.648960 207.611682
603.500001 208.632290
604.351141 209.653015
605.151546 210.672609
606.028127 211.694180
606.971873 212.717533
607.848454 213.739341
608.648859 214.759350
609.499999 215.780725
610.351040 216.802196
611.148960 217.822414
612.000001 218.844068
612.851141 219.865816
613.651546 220.886347
614.528126 221.908918
615.471772 222.933313
616.345869 223.955995
617.120734 224.976170
617.879266 225.995977
618.654130 227.016268
619.528126 228.039222
620.469188 229.064011
621.317743 230.086426
622.000001 231.104488
622.682357 232.122589
623.533297 233.145206
624.497415 234.170888
625.438477 235.196010
626.196910 236.216291
626.803091 237.232521
627.561624 238.252855
628.505171 239.278181
629.494829 240.304778
630.438376 241.330162
631.196909 242.350584
631.803091 243.366913
632.561625 244.387352
633.505273 245.412787
634.497515 246.439534
635.469087 247.465721
636.345767 248.489343
637.120733 249.510214
637.879267 250.530630
638.654232 251.551473
639.530812 252.575025
640.499899 253.601029
641.466601 254.626928
642.317642 255.649688
642.999999 256.667907
643.682257 257.686094
644.530812 258.708669
645.471874 259.733644
646.345870 260.756775
647.120734 261.777228
647.879267 262.797195
648.654232 263.817536
649.530813 264.840469
650.500000 265.865725
651.469187 266.890872
652.345768 267.913514
653.120733 268.933448
653.879266 269.952879
654.654131 270.972642
655.528227 271.994829
656.471773 273.018646
657.345869 274.040581
658.120734 275.059917
658.879266 276.078744
659.654130 277.097868
660.528126 278.119303
661.469188 279.142219
662.317743 280.162730
663.000001 281.179114
663.682357 282.195400
664.533297 283.215568
665.497415 284.238223
666.438477 285.260130
667.196910 286.277633
667.803091 287.291521
668.561626 288.308770
669.505375 289.330027
670.500204 290.352185
671.500002 291.374186
672.500000 292.395916
673.500000 293.417264
674.500000 294.435838
675.500000 295.428473
676.500000 296.325513
677.500000 297.115456
678.500000 297.834987
679.500000 298.357284
680.500000 298.707782
681.500000 299.105995
682.500000 299.568445
683.500000 299.963378
684.500000 300.284162
685.500000 300.678376
686.500000 301.139290
687.500000 301.532761
688.500000 301.852061
689.500000 302.244767
690.500000 302.704148
691.500000 303.095966
692.500000 303.411205
693.500000 303.776772
694.500000 304.141928
695.500000 304.456029
696.500000 304.848268
697.500000 305.330302
698.500000 305.811905
699.500000 306.202848
700.500000 306.514791
701.500000 306.876925
702.500000 307.238510
703.500000 307.546522
704.500000 307.907197
705.500000 308.267412
706.500000 308.574046
707.500000 308.933333
708.500000 309.292251
709.500000 309.600061
710.500000 309.985957
711.500000 310.461597
712.500000 310.936759
713.500000 311.321216
714.500000 311.626628
715.500000 311.982192
716.500000 312.337268
717.500000 312.641119
718.500000 313.020657
719.500000 313.466868
720.500000 313.845421
721.500000 314.147102
722.500000 314.493856
723.500000 314.783967
724.500000 314.783967
725.500000 314.493856
726.500000 314.147102
727.500000 313.845421
728.500000 313.466868
729.500000 313.020657
730.500000 312.641119
731.500000 312.337268
732.500000 311.982192
733.500000 311.626628
734.500000 311.321216
735.500000 310.936759
736.500000 310.461597
737.500000 309.985957
738.500000 309.600061
739.500000 309.292251
740.500000 308.933333
741.500000 308.574046
742.500000 308.267412
743.500000 307.907197
744.500000 307.546522
745.500000 307.238510
746.500000 306.876925
747.500000 306.514791
748.500000 306.202848
749.500000 305.811905
750.500000 305.330302
751.500000 304.848268
752.500000 304.456029
753.500000 304.141928
754.500000 303.776772
755.500000 303.411205
756.500000 303.095966
757.500000 302.704148
758.500000 302.244767
759.500000 301.852061
760.500000 301.532761
761.500000 301.139290
762.500000 300.678376
763.500000 300.284162
764.500000 299.963378
765.500000 299.568445
766.500000 299.105995
767.500000 298.707782
768.500000 298.357284
769.500000 297.834987
770.500000 297.115456
771.500000 296.325513
772.500000 295.428473
773.500000 294.435838
774.500000 293.417264
775.500000 292.395916
776.499998 291.374186
777.499796 290.352185
778.494625 289.330027
779.438374 288.308770
780.196909 287.291521
780.803090 286.277633
781.561523 285.260130
782.502585 284.238223
783.466703 283.215568
784.317643 282.195400
784.999999 281.179114
785.682257 280.162730
786.530812 279.142219
787.471874 278.119303
788.345870 277.097868
789.120734 276.078744
789.879266 275.059917
790.654131 274.040581
791.528227 273.018646
792.471773 271.994829
793.345869 270.972642
794.120734 269.952879
794.879267 268.933448
795.654232 267.913514
796.530813 266.890872
797.500000 265.865725
798.469187 264.840469
799.345768 263.817536
800.120733 262.797195
800.879266 261.777228
801.654130 260.756775
802.528126 259.733644
803.469188 258.708669
804.317743 257.686094
805.000001 256.667907
805.682358 255.649688
806.533399 254.626928
807.500101 253.601029
808.469188 252.575025
809.345768 251.551473
810.120733 250.530630
810.879267 249.510214
811.654233 248.489343
812.530913 247.465721
813.502485 246.439534
814.494727 245.412787
815.438375 244.387352
816.196909 243.366913
816.803091 242.350584
817.561624 241.330162
818.505171 240.304778
819.494829 239.278181
820.438376 238.252855
821.196909 237.232521
821.803090 236.216291
822.561523 235.196010
823.502585 234.170888
824.466703 233.145206
825.317643 232.122589
825.999999 231.104488
826.682257 230.086426
827.530812 229.064011
828.471874 228.039222
829.345870 227.016268
830.120734 225.995977
830.879266 224.976170
831.654131 223.955995
832.528228 222.933313
833.471874 221.908918
834.348454 220.886347
835.148859 219.865816
835.999999 218.844068
836.851040 217.822414
837.648960 216.802196
838.500001 215.780725
839.351141 214.759350
840.151546 213.739341
841.028127 212.717533
841.971873 211.694180
842.848454 210.672609
843.648859 209.653015
844.499999 208.632290
845.351040 207.611682
846.148960 206.592468
847.000001 205.572091
847.851142 204.551834
848.651647 203.532895
849.530712 202.512226
850.500000 201.489593
851.469288 200.467129
852.348353 199.446903
853.148858 198.428609
854.000000 197.409290
854.851142 196.390107
855.651647 195.372192
856.530712 194.352662
857.499999 193.331302
858.469187 192.310129
859.345768 191.291140
860.120733 190.274482
860.879267 189.258294
861.654233 188.241877
862.530915 187.223455
863.502689 186.203219
864.500102 185.182655
865.500001 184.162248
866.500000 183.142050
867.500000 182.122065
868.500000 181.102294
869.500000 180.082737
870.500000 179.063396
871.500000 178.044271
872.500000 177.025364
873.500000 176.006675
874.500000 174.988205
875.500000 173.969953
876.500000 172.951921
877.500000 171.934109
878.500000 170.916519
879.500000 169.899248
880.500000 168.884683
881.500000 167.895877
882.500000 166.999899
883.500000 166.180319
884.500000 165.284882
885.500000 164.299542
886.500000 163.314422
887.500000 162.419744
888.500000 161.603945
889.500000 160.740211
890.500000 159.902234
891.500000 159.207716
892.500000 158.510929
893.500000 157.645475
894.500000 156.662287
895.500000 155.656255
896.500000 154.698931
897.500000 153.926930
898.500000 153.307490
899.500000 152.536007
900.500000 151.582102
901.500000 150.605346
902.500000 149.741973
903.500000 149.047486
904.500000 148.355684
905.500000 147.520939
906.500000 146.663336
907.500000 145.879622
908.500000 145.109950
909.500000 144.324040
910.500000 143.439189
911.500000 142.487462
912.500000 141.628430
913.500000 140.935884
914.500000 140.243623
915.500000 139.387730
916.500000 138.464952
917.500000 137.699643
918.500000 137.086864
919.500000 136.349832
920.500000 135.545908
921.500000 134.860058
922.500000 134.174377
923.500000 133.370963
924.500000 132.634880
925.500000 132.025873
926.500000 131.290217
927.500000 130.490138
928.500000 129.835943
929.500000 129.295183
930.500000 128.756961
931.500000 128.128768
932.500000 127.422264
933.500000 126.768928
934.500000 126.138794
935.500000 125.525232
936.500000 124.973943
937.500000 124.360762
938.500000 123.733671
939.500000 123.106617
940.500000 122.491358
941.500000 121.915304
942.500000 121.212665
943.500000 120.535596
944.500000 120.078169
945.500000 119.637297
946.500000 119.062412
947.500000 118.457965
948.500000 117.934051
949.500000 117.417475
950.500000 116.893690
951.500000 116.287214
952.500000 115.687472
953.500000 115.154906
954.500000 114.622543
955.500000 114.025603
956.500000 113.445294
957.500000 113.017438
958.500000 112.606111
959.500000 112.127812
960.500000 111.626552
961.500000 111.123000
962.500000 110.619441
963.500000 110.116068
964.500000 109.615168
965.500000 109.137508
966.500000 108.729384
967.500000 108.328065
968.500000 107.843927
969.500000 107.350162
970.500000 106.840739
971.500000 106.347127
972.500000 105.863394
973.500000 105.465019
974.500000 105.083147
975.500000 104.701442
976.500000 104.305761
977.500000 103.848116
978.500000 103.452666
979.500000 103.073709
980.500000 102.717870
981.500000 102.415113
982.500000 102.033954
983.500000 101.562631
984.500000 101.091365
985.500000 100.710375
986.500000 100.407901
987.500000 100.052459
988.500000 99.674113
989.500000 99.281871
990.500000 98.852989
991.500000 98.576506
992.500000 98.369522
993.500000 98.040011
994.500000 97.664333
995.500000 97.269883
996.500000 96.813247
997.500000 96.418782
998.500000 96.040887
999.500000 95.688572
1000.500000 95.414955
1001.500000 95.157805
1002.500000 94.907319
1003.500000 94.624802
1004.500000 94.258823
1005.500000 93.833133
1006.500000 93.559826
1007.500000 93.379160
1008.500000 93.147986
1009.500000 92.905182
1010.500000 92.674069
1011.500000 92.493621
1012.500000 92.222978
1013.500000 91.823166
1014.500000 91.552676
1015.500000 91.374819
1016.500000 91.169407
1017.500000 91.019623
1018.500000 90.869961
1019.500000 90.667104
1020.500000 90.514904
1021.500000 90.337184
1022.500000 90.013760
1023.500000 89.667298
1024.500000 89.397033
1025.500000 89.166274
1026.500000 89.014193
1027.500000 88.864613
1028.500000 88.661932
1029.500000 88.509904
1030.500000 88.332451
1031.500000 88.011673
1032.500000 87.690910
1033.500000 87.513504
1034.500000 87.361653
1035.500000 87.161565
1036.500000 87.037767
1037.500000 86.981148
1038.500000 86.857376
1039.500000 86.657441
1040.500000 86.508253
1041.500000 86.359078
1042.500000 86.159279
1043.500000 86.038149
1044.500000 86.009637
1045.500000 86.004191
1046.500000 85.975600
1047.500000 85.852026
1048.500000 85.626746
1049.500000 85.385045
1050.500000 85.159783
1051.500000 85.036245
1052.500000 85.007806
1053.500000 85.004913
1054.500000 85.001930
1055.500000 84.971029
1056.500000 84.821989
1057.500000 84.504172
1058.500000 84.186363
1059.500000 84.037342
1060.500000 84.006475
1061.500000 84.003637
1062.500000 84.003290
1063.500000 84.000563
1064.500000 83.972203
1065.500000 83.848757
1066.500000 83.623599
1067.500000 83.382015
1068.500000 83.156866
1069.500000 83.033438
1070.500000 83.005106
1071.500000 83.002418
1072.500000 83.002219
1073.500000 83.002023
1074.500000 82.999347
1075.500000 82.971034
1076.500000 82.847633
1077.500000 82.622519
1078.500000 82.380978
1079.500000 82.155870
1080.500000 82.032482
1081.500000 82.004188
1082.500000 82.001536
1083.500000 82.001373
1084.500000 82.001312
1085.500000 82.001255
1086.500000 82.001200
1087.500000 82.001148
1088.500000 82.001097
1089.500000 82.001049
1090.499999 82.001003
1091.499897 82.000958
1092.497209 82.000917
1093.472336 82.003432
1094.675952 82.154584
1095.533604 82.380065
1096.502791 82.621495
1097.500103 82.846495
1098.500001 82.969780
1099.500000 82.997975
1100.500000 83.000532
1101.500000 83.000605
1102.500000 83.000679
1103.500000 83.003238
1104.500000 83.031340
1105.500000 83.152149
1106.500000 83.351620
1107.500000 83.500456
1108.500000 83.649293
1109.500000 83.848767
1110.500000 83.969583
1111.500000 83.997792
1112.500000 84.002945
1113.500000 84.031156
1114.500000 84.151974
1115.500000 84.351453
1116.500000 84.500297
1117.500000 84.649141
1118.500000 84.848621
1119.500000 84.969443
1120.500000 84.997659
1121.500000 85.002818
1122.500000 85.031034
1123.500000 85.151858
1124.500000 85.351342
1125.500000 85.500191
1126.500000 85.649041
1127.500000 85.848627
1128.500000 85.972038
1129.500000 86.028282
1130.500000 86.151593
1131.500000 86.348697
1132.500000 86.472009
1133.500000 86.528255
1134.500000 86.651667
1135.500000 86.851256
1136.500000 87.000110
1137.500000 87.148964
1138.500000 87.348555
1139.500000 87.472069
1140.500000 87.530903
1141.500000 87.682343
1142.500000 88.000182
1143.500000 88.320406
1144.500000 88.497487
1145.500000 88.651513
1146.500000 88.879230
1147.500000 89.120795
1148.500000 89.345928
1149.500000 89.471829
1150.500000 89.528280
1151.500000 89.654182
1152.500000 89.879314
1153.500000 90.120780
1154.500000 90.346014
1155.500000 90.474501
1156.500000 90.558977
1157.500000 90.803128
1158.500000 91.199631
1159.500000 91.469322
1160.500000 91.648889
1161.500000 91.879095
1162.500000 92.120962
1163.500000 92.351168
1164.500000 92.530738
1165.500000 92.800631
1166.500000 93.202204
1167.500000 93.500021
1168.500000 93.797840
1169.500000 94.199513
1170.500000 94.471890
1171.500000 94.677002
1172.500000 94.999915
1173.500000 95.320444
1174.500000 95.500017
1175.500000 95.679787
1176.500000 96.005285
1177.500000 96.379281
1178.500000 96.769806
1179.500000 97.199505
1180.500000 97.499907
1181.500000 97.797727
1182.500000 98.196918
1183.500000 98.443756
1184.500000 98.556363
1185.500000 98.805686
1186.500000 99.230517
1187.500000 99.623529
1188.500000 100.028133
1189.500000 100.499905
1190.500000 100.969293
1191.500000 101.348360
1192.500000 101.648964
1193.500000 102.002590
1194.500000 102.379272
1195.500000 102.772384
1196.500000 103.227625
1197.500000 103.620738
1198.500000 103.997520
1199.500000 104.353731
1200.500000 104.682361
1201.500000 105.179676
1202.500000 105.820332
1203.500000 106.317746
1204.500000 106.648862
1205.500000 107.030712
1206.500000 107.502588
1207.500000 107.997518
1208.500000 108.471777
1209.500000 108.876683
1210.500000 109.274866
1211.500000 109.755850
1212.500000 110.244256
1213.500000 110.727825
1214.500000 111.154134
1215.500000 111.679773
1216.500000 112.350941
1217.500000 112.966702
1218.500000 113.469088
1219.500000 113.876581
1220.500000 114.274966
1221.500000 114.758536
1222.500000 115.274967
1223.500000 115.876684
1224.500000 116.471875
1225.500000 117.000001
1226.500000 117.528127
1227.500000 118.123420
1228.500000 118.727723
1229.500000 119.272380
1230.500000 119.879167
1231.500000 120.500000
1232.500000 121.120834
1233.500000 121.727622
1234.500000 122.272380
1235.500000 122.879268
1236.500000 123.502587
1237.500000 124.149061
1238.500000 124.851041
1239.500000 125.499999
1240.500000 126.148859
1241.500000 126.848354
1242.500000 127.469287
1243.500000 127.999899
1244.500000 128.528127
1245.500000 129.123522
1246.500000 129.730510
1247.500000 130.305678
1248.500000 131.056355
1249.500000 131.943749
1250.500000 132.697011
1251.500000 133.300405
1252.500000 134.030711
1253.500000 134.851142
1254.500000 135.620936
1255.500000 136.379168
1256.500000 137.151545
1257.500000 138.000000
1258.500000 138.848454
1259.500000 139.620733
1260.500000 140.376580
1261.500000 141.123318
1262.500000 141.876682
1263.500000 142.623421
1264.500000 143.379368
1265.500000 144.154132
1266.500000 145.028227
1267.500000 145.971773
1268.500000 146.845869
1269.500000 147.620734
1270.500000 148.379266
1271.500000 149.154131
1272.500000 150.028228
1273.500000 150.971875
1274.500000 151.848556
1275.500000 152.651547
1276.500000 153.530813
1277.500000 154.502687
1278.500000 155.500102
1279.500000 156.500000
1280.500000 157.499898
1281.499999 158.497313
1282.499898 159.469187
1283.497313 160.348454
1284.469187 161.151546
1285.348454 162.030813
1286.151546 163.002687
1287.030813 164.000102
1288.002687 165.000001
1289.000102 166.000000
1290.000001 167.000000
1290.999999 168.000000
1291.999898 169.000000
1292.997313 170.000000
1293.969186 171.000000
1294.848352 172.000000
1295.648858 173.000000
1296.499999 174.000000
1297.351040 175.000000
1298.148959 176.000000
1298.999899 177.000000
1299.848454 178.000000
1300.620835 179.000000
1301.379269 180.000000
1302.154232 181.000000
1303.030813 182.000000
1304.000000 183.000000
1304.969187 184.000000
1305.845768 185.000000
1306.620731 186.000000
1307.379165 187.000000
1308.151545 188.000000
1309.000000 189.000000
1309.848455 190.000000
1310.620832 191.000000
1311.379065 192.000000
1312.148858 193.000000
1312.969288 194.000000
1313.699494 195.000000
1314.300404 196.000000
1315.028126 197.000000
1315.822913 198.000000
1316.497415 199.000000
1317.148859 200.000000
1317.851039 201.000000
1318.499999 202.000000
1319.148859 203.000000
1319.848454 204.000000
1320.471874 205.000000
1321.028227 206.000000
1321.654030 207.000000
1322.376681 208.000000
1323.092607 209.000000
1323.725035 210.000000
1324.272278 211.000000
1324.879266 212.000000
1325.502585 213.000000
1326.148959 214.000000
1326.848353 215.000000
1327.469186 216.000000
1327.997314 217.000000
1328.500000 218.000000
1329.002686 219.000000
1329.530813 220.000000
1330.151546 221.000000
1330.848454 222.000000
1331.469187 223.000000
1331.997313 224.000000
1332.499898 225.000000
1333.000000 226.000000
1333.500101 227.000000
1334.002585 228.000000
1334.528126 229.000000
1335.120733 230.000000
1335.696909 231.000000
1336.120733 232.000000
1336.528126 233.000000
1337.002584 234.000000
1337.500000 235.000000
1337.997415 236.000000
1338.471772 237.000000
1338.876580 238.000000
1339.272279 239.000000
1339.727823 240.000000
1340.126005 241.000000
1340.556353 242.000000
1341.123319 243.000000
1341.697010 244.000000
1342.120733 245.000000
1342.528025 246.000000
1342.999999 247.000000
1343.471872 248.000000
1343.876479 249.000000
1344.269591 250.000000
1344.696909 251.000000
1344.971873 252.000000
1345.179672 253.000000
1345.530813 254.000000
1345.974561 255.000000
1346.376682 256.000000
1346.772177 257.000000
1347.225034 258.000000
1347.592606 259.000000
1347.876580 260.000000
1348.151444 261.000000
1348.500000 262.000000
1348.848556 263.000000
1349.123420 264.000000
1349.407393 265.000000
1349.774864 266.000000
1350.225135 267.000000
1350.592506 268.000000
1350.873993 269.000000
1351.123217 270.000000
1351.376680 271.000000
1351.623319 272.000000
1351.876682 273.000000
1352.123420 274.000000
1352.379267 275.000000
1352.651546 276.000000
1353.000000 277.000000
1353.348454 278.000000
1353.620731 279.000000
1353.876478 280.000000
1354.120632 281.000000
1354.345970 282.000000
1354.474460 283.000000
1354.558938 284.000000
1354.802989 285.000000
1355.196908 286.000000
1355.438375 287.000000
1355.494728 288.000000
1355.502585 289.000000
1355.533500 290.000000
1355.682462 291.000000
1356.002789 292.000000
1356.351142 293.000000
1356.648858 294.000000
1356.997211 295.000000
1357.317539 296.000000
1357.466601 297.000000
1357.500000 298.000000
1357.533398 299.000000
1357.682358 300.000000
1358.000000 301.000000
1358.317641 302.000000
1358.466499 303.000000
1358.497213 304.000000
1358.500101 305.000000
1358.505374 306.000000
1358.561626 307.000000
1358.803091 308.000000
1359.196909 309.000000
1359.438374 310.000000
1359.494626 311.000000
1359.499899 312.000000
1359.502787 313.000000
1359.533501 314.000000
1359.682359 315.000000
1360.000000 316.000000
1360.317641 317.000000
1360.466500 318.000000
1360.497314 319.000000
1360.502686 320.000000
1360.533500 321.000000
1360.682359 322.000000
1361.000000 323.000000
1361.317641 324.000000
1361.466499 325.000000
1361.497212 326.000000
1361.499999 327.000000
1361.502687 328.000000
1361.530915 329.000000
1361.654233 330.000000
1361.879267 331.000000
1362.120733 332.000000
1362.345767 333.000000
1362.469085 334.000000
1362.497311 335.000000
1362.499899 336.000000
1362.500102 337.000000
1362.502789 338.000000
1362.533501 339.000000
1362.682359 340.000000
1363.000000 341.000000
1363.317641 342.000000
1363.466499 343.000000
1363.497211 344.000000
1363.499897 345.000000
1363.499999 346.000000
1363.500001 347.000000
1363.500102 348.000000
1363.502687 349.000000
1363.530813 350.000000
1363.651546 351.000000
1363.848453 352.000000
1363.969085 353.000000
1363.994625 354.000000
1363.969085 355.000000
1363.848453 356.000000
1363.651546 357.000000
1363.530812 358.000000
1363.502585 359.000000
1363.497415 360.000000
1363.469188 361.000000
1363.348454 362.000000
1363.151545 363.000000
1363.030711 364.000000
1363.000000 365.000000
1362.969289 366.000000
1362.848454 367.000000
1362.651444 368.000000
1362.528126 369.000000
1362.471874 370.000000
1362.348556 371.000000
1362.151547 372.000000
1362.030812 373.000000
1362.002585 374.000000
1361.997415 375.000000
1361.969187 376.000000
1361.848352 377.000000
1361.648858 378.000000
1361.500000 379.000000
1361.351142 380.000000
1361.151647 381.000000
1361.030712 382.000000
1360.999999 383.000000
1360.969187 384.000000
1360.845768 385.000000
1360.620733 386.000000
1360.379267 387.000000
1360.154233 388.000000
1360.030914 389.000000
1360.002587 390.000000
1359.997413 391.000000
1359.969086 392.000000
1359.845767 393.000000
1359.620733 394.000000
1359.379267 395.000000
1359.154232 396.000000
1359.030813 397.000000
1359.000000 398.000000
1358.969187 399.000000
1358.845768 400.000000
1358.620733 401.000000
1358.379266 402.000000
1358.154131 403.000000
1358.028227 404.000000
1357.971773 405.000000
1357.845869 406.000000
1357.620734 407.000000
1357.379265 408.000000
1357.154029 409.000000
1357.025540 410.000000
1356.941062 411.000000
1356.697010 412.000000
1356.302989 413.000000
1356.058837 414.000000
1355.971874 415.000000
1355.817845 416.000000
1355.500002 417.000000
1355.182358 418.000000
1355.033398 419.000000
1355.000000 420.000000
1354.966601 421.000000
1354.817539 422.000000
1354.497211 423.000000
1354.148858 424.000000
1353.851142 425.000000
1353.502788 426.000000
1353.182359 427.000000
1353.030712 428.000000
1352.969288 429.000000
1352.817641 430.000000
1352.497212 431.000000
1352.148858 432.000000
1351.851141 433.000000
1351.502686 434.000000
1351.179672 435.000000
1351.000001 436.000000
1350.820428 437.000000
1350.499899 438.000000
1350.176984 439.000000
1349.971771 440.000000
1349.696909 441.000000
1349.269693 442.000000
1348.879165 443.000000
1348.502585 444.000000
1348.149060 445.000000
1347.850940 446.000000
1347.497413 447.000000
1347.120733 448.000000
1346.727621 449.000000
1346.272378 450.000000
1345.879167 451.000000
1345.500000 452.000000
1345.120833 453.000000
1344.727622 454.000000
1344.272379 455.000000
1343.879267 456.000000
1343.502587 457.000000
1343.149060 458.000000
1342.850940 459.000000
1342.497412 460.000000
1342.120632 461.000000
1341.725033 462.000000
1341.244051 463.000000
1340.753262 464.000000
1340.246738 465.000000
1339.755948 466.000000
1339.274865 467.000000
1338.876682 468.000000
1338.471874 469.000000
1338.000000 470.000000
1337.528126 471.000000
1337.123318 472.000000
1336.725135 473.000000
1336.244052 474.000000
1335.753261 475.000000
1335.246636 476.000000
1334.753261 477.000000
1334.244052 478.000000
1333.725135 479.000000
1333.123319 480.000000
1332.528225 481.000000
1332.002486 482.000000
1331.497514 483.000000
1330.971773 484.000000
1330.376580 485.000000
1329.772278 486.000000
1329.227722 487.000000
1328.623420 488.000000
1328.028227 489.000000
1327.502485 490.000000
1326.997413 491.000000
1326.469187 492.000000
1325.848352 493.000000
1325.148858 494.000000
1324.500000 495.000000
1323.851142 496.000000
1323.151647 497.000000
1322.530712 498.000000
1321.999999 499.000000
1321.469187 500.000000
1320.845768 501.000000
1320.120731 502.000000
1319.379165 503.000000
1318.651546 504.000000
1318.000101 505.000000
1317.351040 506.000000
1316.648859 507.000000
1315.997415 508.000000
1315.322913 509.000000
1314.528125 510.000000
1313.800304 511.000000
1313.197010 512.000000
1312.443748 513.000000
1311.556252 514.000000
1310.802990 515.000000
1310.199696 516.000000
1309.471874 517.000000
1308.676985 518.000000
1307.999898 519.000000
1307.320328 520.000000
1306.497415 521.000000
1305.651444 522.000000
1304.879164 523.000000
1304.120733 524.000000
1303.345869 525.000000
1302.471772 526.000000
1301.528126 527.000000
1300.651546 528.000000
1299.851141 529.000000
1299.000000 530.000000
1298.148858 531.000000
1297.348352 532.000000
1296.469186 533.000000
1295.497313 534.000000
1294.499898 535.000000
1293.500000 536.000000
1292.500102 537.000000
1291.502687 538.000000
1290.530813 539.000000
1289.651546 539.999999
1288.848454 540.999898
1287.969187 541.997313
1286.997313 542.969187
1285.999898 543.848454
1284.999999 544.651545
1284.000000 545.530711
1283.000000 546.500000
1282.000000 547.469289
1281.000000 548.348455
1280.000000 549.151546
1279.000000 550.030813
1278.000000 551.002687
1277.000000 552.000101
1276.000000 552.999899
1275.000000 553.997313
1274.000000 554.969186
1273.000000 555.848352
1272.000000 556.648858
1271.000000 557.499999
1270.000000 558.351040
1269.000000 559.148960
1268.000000 560.000001
1267.000000 560.851141
1266.000000 561.651545
1265.000000 562.528025
1264.000000 563.469187
1263.000000 564.317743
1262.000000 565.000000
1261.000000 565.682256
1260.000000 566.530711
1259.000000 567.469288
1258.000000 568.317642
1257.000000 568.997314
1256.000000 569.651545
1255.000000 570.381852
1254.000000 571.151546
1253.000000 571.997415
1252.000000 572.820227
1251.000000 573.497313
1250.000000 574.148858
1249.000000 574.851039
1248.000000 575.500000
1247.000000 576.148960
1246.000000 576.851040
1245.000000 577.499999
1244.000000 578.148860
1243.000000 578.848455
1242.000000 579.471873
1241.000000 580.028127
1240.000000 580.651546
1239.000000 581.351141
1238.000000 582.000001
1237.000000 582.648960
1236.000000 583.350939
1235.000000 583.997414
1234.000000 584.620733
1233.000000 585.227620
1232.000000 585.772278
1231.000000 586.376582
1230.000000 586.971874
1229.000000 587.500001
1228.000000 588.028126
1227.000000 588.623319
1226.000000 589.225136
1225.000000 589.744052
1224.000000 590.253262
1223.000000 590.746637
1222.000000 591.253262
1221.000000 591.744054
1220.000000 592.225237
1219.000000 592.625907
1218.000000 593.056455
1217.000000 593.626007
1216.000000 594.227722
1215.000000 594.769594
1214.000000 595.345869
1213.000000 595.822815
1212.000000 596.177187
1211.000000 596.654032
1210.000000 597.227723
1209.000000 597.741569
1208.000000 598.225037
1207.000000 598.623320
1206.000000 599.028228
1205.000000 599.502487
1204.000000 599.997416
1203.000000 600.469191
1202.000000 600.848457
1201.000000 601.151549
1200.000000 601.530815
1199.000000 602.002589
1198.000000 602.497418
1197.000000 602.969192
1196.000000 603.348457
1195.000000 603.651448
1194.000000 604.028130
1193.000000 604.471878
1192.000000 604.848460
1191.000000 605.148865
1190.000000 605.500005
1189.000000 605.851046
1188.000000 606.148967
1187.000000 606.500008
1186.000000 606.851148
1185.000000 607.151554
1184.000000 607.528135
1183.000000 607.971882
1182.000000 608.348464
1181.000000 608.648868
1180.000000 608.999909
1179.000000 609.348464
1178.000000 609.620744
1177.000000 609.876594
1176.000000 610.123433
1175.000000 610.379382
1174.000000 610.654146
1173.000000 611.028141
1172.000000 611.469204
1171.000000 611.817659
1170.000000 611.997331
1169.000000 612.151463
1168.000000 612.379287
1167.000000 612.623442
1166.000000 612.876705
1165.000000 613.123344
1164.000000 613.376707
1163.000000 613.623346
1162.000000 613.876710
1161.000000 614.123348
1160.000000 614.376611
1159.000000 614.620665
1158.000000 614.845905
1157.000000 614.971912
1156.000000 615.030853
1155.000000 615.182401
1154.000000 615.502731
1153.000000 615.848502
1152.000000 616.118196
1151.000000 616.348404
1150.000000 616.499953
1149.000000 616.649018
1148.000000 616.851202
1147.000000 617.002750
1146.000000 617.179739
1145.000000 617.499969
1144.000000 617.817715
1143.000000 617.966579
1142.000000 617.997396
1141.000000 618.002774
1140.000000 618.033591
1139.000000 618.182455
1138.000000 618.500102
1137.000000 618.817748
1136.000000 618.966612
1135.000000 618.997329
1134.000000 619.000024
1133.000000 619.000334
1132.000000 619.005513
1131.000000 619.061771
1130.000000 619.303244
1129.000000 619.697069
1128.000000 619.938542
1127.000000 619.994803
1126.000000 620.000085
1125.000000 620.002983
1124.000000 620.033706
1123.000000 620.182575
1122.000000 620.500227
1121.000000 620.817879
1120.000000 620.966749
1119.000000 620.997473
1118.000000 621.000173
1117.000000 621.000291
1116.000000 621.000508
1115.000000 621.005694
1114.000000 621.061961
1113.000000 621.303442
1112.000000 621.697277
1111.000000 621.938760
1110.000000 621.995030
1109.000000 622.000221
1108.000000 622.000444
1107.000000 622.000468
1106.000000 622.000593
1105.000000 622.003303
1104.000000 622.034039
1103.000000 622.182923
1102.000000 622.500591
1101.000000 622.818260
1100.000000 622.967148
1099.000000 622.997890
1098.000000 623.000609
1097.000000 623.000744
1096.000000 623.000781
1095.000000 623.000919
1094.000000 623.003543
1093.000000 623.031707
1092.000000 623.152380
1091.000000 623.346747
1090.000000 623.439399
1089.000000 623.346840
1088.000000 623.152566
1087.000000 623.031986
1086.000000 623.003915
1085.000000 623.001385
1084.000000 623.001342
1083.000000 623.001301
1082.000000 622.998778
1081.000000 622.970617
1080.000000 622.847368
1079.000000 622.622406
1078.000000 622.381016
1077.000000 622.156059
1076.000000 622.032822
1075.000000 622.004680
1074.000000 622.002181
1073.000000 622.002071
1072.000000 621.999579
1071.000000 621.971451
1070.000000 621.848237
1069.000000 621.623310
1068.000000 621.381957
1067.000000 621.157039
1066.000000 621.033842
1065.000000 621.005741
1064.000000 621.003184
1063.000000 621.000634
1062.000000 620.972648
1061.000000 620.851962
1060.000000 620.652621
1059.000000 620.503922
1058.000000 620.355229
1057.000000 620.155906
1056.000000 620.035150
1055.000000 620.004623
1054.000000 619.974103
1053.000000 619.853369
1052.000000 619.654081
1051.000000 619.505439
1050.000000 619.356804
1049.000000 619.157541
1048.000000 619.036848
1047.000000 619.006384
1046.000000 618.975832
1045.000000 618.852682
1044.000000 618.627925
1043.000000 618.386750
1042.000000 618.162014
1041.000000 618.038907
1040.000000 618.008417
1039.000000 617.978038
1038.000000 617.857450
1037.000000 617.658314
1036.000000 617.509827
1035.000000 617.361353
1034.000000 617.162158
1033.000000 617.039151
1032.000000 616.983224
1031.000000 616.857663
1030.000000 616.630400
1029.000000 616.361182
1028.000000 616.013321
1027.000000 615.665478
1026.000000 615.396311
1025.000000 615.169134
1024.000000 615.043692
1023.000000 614.987820
1022.000000 614.862517
1021.000000 614.637902
1020.000000 614.394394
1019.000000 614.139314
1018.000000 613.867826
1017.000000 613.522668
1016.000000 613.203073
1015.000000 613.052186
1014.000000 612.991546
1013.000000 612.840709
1012.000000 612.521116
1011.000000 612.173625
1010.000000 611.876700
1009.000000 611.526681
1008.000000 611.179076
1007.000000 610.907678
1006.000000 610.650358
1005.000000 610.379123
1004.000000 610.034129
1003.000000 609.709840
1002.000000 609.505675
1001.000000 609.232092
1000.000000 608.808579
999.000000 608.444849
998.000000 608.162270
997.000000 607.888742
996.000000 607.541561
995.000000 607.194421
994.000000 606.921018
993.000000 606.638647
992.000000 606.275109
991.000000 605.849487
990.000000 605.550724
989.000000 605.251910
988.000000 604.823947
987.000000 604.435011
986.000000 604.057786
985.000000 603.680417
984.000000 603.286669
983.000000 602.807692
982.000000 602.318968
981.000000 601.814666
980.000000 601.328544
979.000000 600.875346
978.000000 600.574660
977.000000 600.276424
976.000000 599.848956
975.000000 599.455763
974.000000 599.028186
973.000000 598.466349
972.000000 597.921011
971.000000 597.595166
970.000000 597.292450
969.000000 596.839844
968.000000 596.354553
967.000000 595.851123
966.000000 595.361024
965.000000 594.857559
964.000000 594.367625
963.000000 593.864331
962.000000 593.374571
961.000000 592.871453
960.000000 592.381775
959.000000 591.876358
958.000000 591.361427
957.000000 590.766079
956.000000 590.200609
955.000000 589.771758
954.000000 589.349732
953.000000 588.777744
952.000000 588.187046
951.000000 587.637983
950.000000 587.019480
949.000000 586.327296
948.000000 585.711501
947.000000 585.188329
946.000000 584.688331
945.000000 584.165396
944.000000 583.549976
943.000000 582.856021
942.000000 582.212826
941.000000 581.569659
940.000000 580.873501
939.000000 580.230596
938.000000 579.587924
937.000000 578.894652
936.000000 578.277595
935.000000 577.725460
934.000000 577.083244
933.000000 576.297831
932.000000 575.577345
931.000000 574.986204
930.000000 574.291358
929.000000 573.596664
928.000000 573.005979
927.000000 572.286155
926.000000 571.499224
925.000000 570.830254
924.000000 570.159063
923.000000 569.347079
922.000000 568.535259
921.000000 567.864368
920.000000 567.191262
919.000000 566.354415
918.000000 565.450675
917.000000 564.704402
916.000000 564.110659
915.000000 563.392668
914.000000 562.607791
913.000000 561.940801
912.000000 561.269028
911.000000 560.428561
910.000000 559.472719
909.000000 558.517067
908.000000 557.677171
907.000000 557.006150
906.000000 556.335326
905.000000 555.496016
904.000000 554.541242
903.000000 553.584185
902.000000 552.717353
901.000000 551.926899
900.000000 551.062957
899.000000 550.132155
898.000000 549.268627
897.000000 548.478999
896.000000 547.613306
895.000000 546.655316
894.000000 545.674482
893.000000 544.716917
892.000000 543.852072
891.000000 543.063618
890.000000 542.199203
889.000000 541.242398
888.000000 540.260270
887.000000 539.275876
886.000000 538.291700
885.000000 537.310227
884.000000 536.354514
883.000000 535.491627
882.000000 534.705136
881.000000 533.842689
880.000000 532.887856
879.000000 531.907702
878.000000 530.925285
877.000000 529.942988
876.000001 528.960910
875.000102 527.979050
874.002687 526.997363
873.030813 526.015416
872.151546 525.031927
871.348454 524.047155
870.469187 523.063988
869.497313 522.082789
868.499898 521.102296
867.499999 520.122065
866.500000 519.142050
865.500000 518.162248
864.500001 517.182657
863.500102 516.203273
862.502687 515.224046
861.530813 514.244484
860.651546 513.263142
859.848455 512.280321
858.969289 511.299277
858.000000 510.320356
857.030711 509.341621
856.151546 508.361068
855.348556 507.378961
854.471875 506.398639
853.528228 505.419982
852.654131 504.439901
851.879267 503.457678
851.120835 502.475184
850.348454 501.493120
849.499898 500.512947
848.648857 499.532960
847.848354 498.551900
846.969390 497.572822
846.002687 496.595983
845.061524 495.618680
844.303090 494.637074
843.696910 493.651842
842.938477 492.670400
841.997415 491.693550
841.033297 490.717405
840.182357 489.738572
839.500001 488.755621
838.817743 487.772733
837.969188 486.794106
837.028126 485.817920
836.154130 484.840140
835.379267 483.859919
834.620835 482.879351
833.848454 481.899210
832.999899 480.921107
832.148959 479.943144
831.351040 478.963879
830.500000 477.986067
829.648961 477.008325
828.851142 476.029253
828.002687 475.051571
827.179774 474.073276
826.502689 473.091176
825.851245 472.108434
825.151752 471.127200
824.533605 470.149007
824.036291 469.223871
823.687706 468.541158
